0.0	1.1695438082374932	1.2942549979015983	1.6912997806715715
0.04081632653061224	1.1852514017782512	1.3151274211760575	1.7239103065410588
0.08163265306122448	1.2015044770246088	1.3368315684929526	1.7578537417774642
0.12244897959183673	1.218421179285461	1.3595062160399292	1.7933158573568924
0.16326530612244897	1.2360218945924102	1.3831817976825447	1.8303409007241958
0.2040816326530612	1.2543270544127216	1.4078886966650368	1.8689731777815402
0.24489795918367346	1.2733567723512698	1.4336566845142191	1.909256061382043
0.2857142857142857	1.2931312018824033	1.4605154047811728	1.951232718911203
0.32653061224489793	1.3136705956842674	1.4884944313843371	1.994946133342695
0.36734693877551017	1.3349949953468347	1.5176227954838064	2.040438260880646
0.4081632653061224	1.357124569062722	1.547929454255638	2.0877507297277584
0.44897959183673464	1.3800795842727651	1.5794432356626729	2.1369246846660115
0.4897959183673469	1.4038802178537855	1.6121925505431698	2.188000263171437
0.5306122448979591	1.4285469817484457	1.6462060013098911	2.241017528281315
0.5714285714285714	1.4541001711141741	1.681511574542195	2.296015120107101
0.6122448979591836	1.480560410569432	1.7181374309077786	2.3530314934741425
0.6530612244897959	1.5079484672225623	1.756111632762057	2.412104447139281
0.6938775510204082	1.5362851528929093	1.795462002934887	2.4732708759127506
0.7346938775510203	1.565591529241719	1.8362164257683011	2.5365672380786863
0.7755102040816326	1.5958884252367112	1.878402149665589	2.602028435721097
0.8163265306122448	1.627197392724611	1.922047182388033	2.669690037663379
0.8571428571428571	1.659539798795217	1.9671789775815818	2.7395861898171234
0.8979591836734693	1.6929372168392232	2.013825010903991	2.811750544130304
0.9387755102040816	1.7274113917436518	2.062012737419933	2.886216204845447
0.9795918367346939	1.7629842434697027	2.1117696052714816	2.963015768288123
1.0204081632653061	1.7996780461764128	2.1631233244289865	3.042181766504833
1.0612244897959182	1.8375148335337848	2.2161010123705105	3.1237453478184443
1.1020408163265305	1.8765173626277225	2.270730602165122	3.207738515522441
1.1428571428571428	1.9167082316109685	2.327039570963815	3.2941921575229403
1.183673469387755	1.9581103951963328	2.3850556967981538	3.383137261605477
1.2244897959183672	2.0007466945291417	2.4448063867337764	3.4746038961629244
1.2653061224489794	2.0446407448061326	2.506319969850067	3.5686232507088795
1.3061224489795917	2.0898158197477716	2.569624091939309	3.6652251670059472
1.346938775510204	2.1362957440500914	2.634747014229774	3.764440184272439
1.3877551020408163	2.184104631271658	2.7017172413898294	3.8662989843603826
1.4285714285714284	2.233266490381142	2.7705629625213155	3.97083155698458
1.4693877551020407	2.2838059386495666	2.8413130855225237	4.078068816721223
1.510204081632653	2.3357476167369216	2.9139964014800395	4.18804133881854
1.5510204081632653	2.38911630993709	2.988641766949243	4.300779663741843
1.5918367346938773	2.443937614118064	3.0652790646224166	4.416315779945819
1.6326530612244896	2.5002367246221264	3.1439374726178055	4.534680501594313
1.673469387755102	2.5580398327460077	3.224647470281739	4.6559065371600425
1.7142857142857142	2.6173725083157198	3.3074385302567033	4.780025000922557
1.7551020408163265	2.6782615186191085	3.3923417223199994	4.9070693700539625
1.7959183673469385	2.740733707787191	3.4793881156444133	5.037073071830907
1.8367346938775508	2.8048154938763106	3.5686080711698382	5.170068438730877
1.8775510204081631	2.870534740209815	3.6600339065080374	5.306090718625915
1.9183673469387754	2.937919080222063	3.7536975164192534	5.445174503993583
1.9591836734693877	3.006996455921732	3.8496311432333097	5.587354897452322
2.0	3.0777950131743377	3.947867232522534	5.732667302135587