9.0 	 467.5137804214459
9.01803607214429 	 538.3295737219232
9.036072144288577 	 619.857067992545
9.054108216432866 	 713.7135350664008
9.072144288577155 	 821.7598274223292
9.090180360721442 	 946.1369451802087
9.108216432865731 	 1089.3080689146327
9.12625250501002 	 1254.1068705732366
9.144288577154308 	 1443.7930345679551
9.162324649298597 	 1662.1160583670894
9.180360721442886 	 1913.3885591685303
9.198396793587174 	 2202.5704933483385
9.216432865731463 	 2535.365901624367
9.234468937875752 	 2918.334028981512
9.252505010020041 	 3359.01693862469
9.270541082164328 	 3866.086048392806
9.288577154308618 	 4449.510371696006
9.306613226452907 	 5120.749649390026
9.324649298597194 	 5892.976021208651
9.342685370741483 	 6781.328413527043
9.360721442885772 	 7803.204423525775
9.37875751503006 	 8978.59516870427
9.396793587174349 	 10330.46935698253
9.414829659318638 	 11885.213729747598
9.432865731462925 	 13673.138053340312
9.450901803607215 	 15729.054000813032
9.468937875751504 	 18092.938594760206
9.486973947895791 	 20810.694395584575
9.50501002004008 	 23935.020342466934
9.52304609218437 	 27526.409114498765
9.541082164328657 	 31654.289108373145
9.559118236472946 	 36398.33166208236
9.577154308617235 	 41849.94703102234
9.595190380761522 	 48113.99588841653
9.613226452905812 	 55310.74682604566
9.6312625250501 	 63578.114529968734
9.649298597194388 	 73074.21806188746
9.667334669338677 	 83980.30405992403
9.685370741482966 	 96504.08576079058
9.703406813627254 	 110883.55562539563
9.721442885771543 	 127391.33711802417
9.739478957915832 	 146339.64995219986
9.75751503006012 	 168085.97299226327
9.775551102204409 	 193039.5001188735
9.793587174348698 	 221668.49687261853
9.811623246492985 	 254508.67974057404
9.829659318637274 	 292172.7557184673
9.847695390781563 	 335361.27745504526
9.86573146292585 	 384874.98907092307
9.88376753507014 	 441628.8598644496
9.901803607214429 	 506668.02781334525
9.919839679358718 	 581185.9023131456
9.937875751503006 	 666544.706239729
9.955911823647295 	 764298.7714814197
9.973947895791584 	 876220.9398710077
9.991983967935871 	 1004332.4632929176
10.01002004008016 	 1150936.8429933328
10.02805611222445 	 1318658.0991434883
10.046092184368737 	 1510484.017872322
10.064128256513026 	 1729814.9846718586
10.082164328657315 	 1980519.0806704427
10.100200400801603 	 2266994.1921428354
10.118236472945892 	 2594237.964147414
10.136272545090181 	 2967926.5166967204
10.154308617234468 	 3394502.93669463
10.172344689378757 	 3881276.6612824933
10.190380761523047 	 4436534.978444936
10.208416833667334 	 5069667.988877088
10.226452905811623 	 5791308.499257658
10.244488977955912 	 6613488.451145771
10.262525050100201 	 7549813.631532507
10.280561122244489 	 8615658.560266417
10.298597194388778 	 9828383.605604308
10.316633266533067 	 11207576.541248215
10.334669338677354 	 12775320.925427672
10.352705410821644 	 14556493.853585236
10.370741482965933 	 16579095.80945029
10.38877755511022 	 18874615.51283135
10.40681362725451 	 21478432.834026773
10.424849699398798 	 24430263.0116965
10.442885771543086 	 27774645.57028297
10.460921843687375 	 31561481.481105275
10.478957915831664 	 35846622.244168796
10.496993987975952 	 40692514.681192406
10.51503006012024 	 46168905.319578186
10.53306613226453 	 52353608.30691827
10.551102204408817 	 59333340.82069948
10.569138276553106 	 67204629.92236732
10.587174348697395 	 76074794.74295081
10.605210420841683 	 86063007.7730975
10.623246492985972 	 97301438.85761787
10.641282565130261 	 109936485.2578511
10.659318637274549 	 124130090.83907905
10.677354709418838 	 140061157.0599822
10.695390781563127 	 157927047.98303777
10.713426853707414 	 177945190.9858623
10.731462925851703 	 200354774.2323366
10.749498997995993 	 225418541.258885
10.76753507014028 	 253424682.24752492
10.785571142284569 	 284688820.6969812
10.803607214428858 	 319556093.27247643
10.821643286573146 	 358403319.62263817
10.839679358717435 	 401641257.9090085
10.857715430861724 	 449716940.7142785
10.875751503006011 	 503116084.89581674
10.8937875751503 	 562365567.8504546
10.91182364729459 	 628035961.5763279
10.929859719438877 	 700744114.8817403
10.947895791583166 	 781155773.1244444
10.965931863727455 	 869988223.9943835
10.983967935871743 	 968012957.106425
11.002004008016032 	 1076058324.5736525
11.02004008016032 	 1195012189.3134995
11.038076152304608 	 1325824547.6238468
11.056112224448897 	 1469510112.5759518
11.074148296593187 	 1627150845.0258098
11.092184368737474 	 1799898419.5614514
11.110220440881763 	 1988976613.4895358
11.128256513026052 	 2195683608.027164
11.146292585170341 	 2421394192.20294
11.164328657314629 	 2667561861.576467
11.182364729458918 	 2935720805.745462
11.200400801603207 	 3227487780.7016416
11.218436873747494 	 3544563864.396695
11.236472945891784 	 3888736096.3507614
11.254509018036073 	 4261879004.7433906
11.272545090180362 	 4665956027.126256
11.29058116232465 	 5103020833.64166
11.308617234468938 	 5575218564.373928
11.326653306613228 	 6084786995.150635
11.344689378757515 	 6634057648.702628
11.362725450901804 	 7225456870.532257
11.380761523046093 	 7861506891.090859
11.39879759519038 	 8544826897.886731
11.41683366733467 	 9278134142.897318
11.434869739478959 	 10064245112.121338
11.452905811623246 	 10906076785.253284
11.470941883767535 	 11806648014.284037
11.488977955911825 	 12769081050.31633
11.507014028056112 	 13796603248.04676
11.525050100200401 	 14892548977.20244
11.54308617234469 	 16060361769.75503
11.561122244488978 	 17303596730.9992
11.579158316633267 	 18625923241.58341
11.597194388777556 	 20031127976.37815
11.615230460921843 	 21523118264.67716
11.633266533066132 	 23105925814.70383
11.651302605210422 	 24783710823.765144
11.669338677354709 	 26560766493.72232
11.687374749498998 	 28441523969.739273
11.705410821643287 	 30430557718.597565
11.723446893787575 	 32532591361.24699
11.741482965931864 	 34752503972.73186
11.759519038076153 	 37095336861.21742
11.77755511022044 	 39566300836.58939
11.79559118236473 	 42170783977.98553
11.813627254509019 	 44914359908.71538
11.831663326653306 	 47802796586.29048
11.849699398797595 	 50842065614.7821
11.867735470941884 	 54038352086.39139
11.885771543086172 	 57398064959.031
11.90380761523046 	 60927847976.80142
11.92184368737475 	 64634591140.54386
11.939879759519037 	 68525442736.14575
11.957915831663327 	 72607821928.9337
11.975951903807616 	 76889431933.33324
11.993987975951903 	 81378273767.96153
12.012024048096192 	 86082660607.47238
12.030060120240481 	 91011232743.72131
12.048096192384769 	 96172973170.23291
12.066132264529058 	 101577223805.42812
12.084168336673347 	 107233702371.65979
12.102204408817634 	 113152519948.79091
12.120240480961924 	 119344199222.77095
12.138276553106213 	 125819693451.48915
12.1563126252505 	 132590406172.03297
12.17434869739479 	 139668211675.4088
12.192384769539078 	 147065476276.71106
12.210420841683367 	 154795080410.72787
12.228456913827655 	 162870441585.01627
12.246492985971944 	 171305538224.5138
12.264529058116233 	 180114934443.85153
12.28256513026052 	 189313805785.68793
12.30060120240481 	 198917965965.5073
12.318637274549099 	 208943894665.52237
12.336673346693388 	 219408766422.6017
12.354709418837675 	 230330480657.3388
12.372745490981965 	 241727692893.77777
12.390781563126254 	 253619847221.59692
12.408817635270541 	 266027210055.05734
12.42685370741483 	 278970905245.4369
12.44488977955912 	 292472950606.22577
12.462925851703407 	 306556295913.02496
12.480961923847696 	 321244862442.7131
12.498997995991985 	 336563584119.2547
12.517034068136272 	 352538450336.3916
12.535070140280562 	 369196550530.4061
12.55310621242485 	 386566120579.2083
12.571142284569138 	 404676591107.16595
12.589178356713427 	 423558637778.43805
12.607214428857716 	 443244233664.8513
12.625250501002004 	 463766703778.09955
12.643286573146293 	 485160781859.5437
12.661322645290582 	 507462669524.8545
12.67935871743487 	 530710097864.6208
12.697394789579159 	 554942391606.3427
12.715430861723448 	 580200535947.2898
12.733466933867735 	 606527246172.5603
12.751503006012024 	 633967040177.026
12.769539078156313 	 662566314014.9196
12.7875751503006 	 692373420605.8854
12.80561122244489 	 723438751731.5364
12.823647294589179 	 755814823462.2552
12.841683366733466 	 789556365159.4387
12.859719438877756 	 824720412204.8821
12.877755511022045 	 861366402614.5636
12.895791583166332 	 899556277701.4603
12.913827655310621 	 939354586958.0181
12.93186372745491 	 980828597336.5845
12.949899799599198 	 1024048407113.1792
12.967935871743487 	 1069087064527.9285
12.985971943887776 	 1116020691403.218
13.004008016032063 	 1164928611949.2942
13.022044088176353 	 1215893486975.7197
13.040080160320642 	 1269001453735.9917
13.05811623246493 	 1324342271642.3677
13.076152304609218 	 1382009474097.7236
13.094188376753507 	 1442100526701.6133
13.112224448897795 	 1504716992098.2983
13.130260521042084 	 1569964701746.199
13.148296593186373 	 1637953934899.058
13.16633266533066 	 1708799605102.0803
13.18436873747495 	 1782621454518.7588
13.202404809619239 	 1859544256416.8757
13.220440881763526 	 1939698026156.6855
13.238476953907817 	 2023218241037.9243
13.256513026052104 	 2110246069377.8074
13.274549098196392 	 2200928609207.447
13.292585170340683 	 2295419136990.5396
13.31062124248497 	 2393877366784.703
13.328657314629258 	 2496469720284.309
13.346693386773548 	 2603369608201.1323
13.364729458917836 	 2714757723458.7534
13.382765531062123 	 2830822346696.75
13.400801603206414 	 2951759664601.0957
13.418837675350701 	 3077774101599.018
13.436873747494989 	 3209078665479.573
13.45490981963928 	 3345895307524.1074
13.472945891783567 	 3488455297755.1772
13.490981963927856 	 3636999615939.499
13.509018036072145 	 3791779359004.689
13.527054108216433 	 3953056165559.902
13.545090180360722 	 4121102658237.402
13.563126252505011 	 4296202904602.9404
13.581162324649299 	 4478652897414.956
13.599198396793588 	 4668761055043.579
13.617234468937877 	 4866848742896.573
13.635270541082164 	 5073250816732.77
13.653306613226453 	 5288316188782.377
13.671342685370742 	 5512408417630.88
13.68937875751503 	 5745906322864.086
13.707414829659319 	 5989204625513.436
13.725450901803608 	 6242714615383.675
13.743486973947896 	 6506864846392.747
13.761523046092185 	 6782101861097.765
13.779559118236474 	 7068890945632.786
13.797595190380761 	 7367716916335.032
13.81563126252505 	 7679084939388.686
13.83366733466934 	 8003521384872.471
13.851703406813627 	 8341574716655.075
13.869739478957916 	 8693816419642.656
13.887775551102205 	 9060841965945.422
13.905811623246493 	 9443271821598.168
13.923847695390782 	 9841752495536.27
13.94188376753507 	 10256957632598.836
13.959919839679358 	 10689589152409.86
13.977955911823647 	 11140378436060.25
13.995991983967937 	 11610087562598.955
14.014028056112224 	 12099510597421.605
14.032064128256513 	 12609474934737.346
14.050100200400802 	 13140842696380.105
14.06813627254509 	 13694512189332.812
14.086172344689379 	 14271419424427.02
14.104208416833668 	 14872539698784.188
14.122244488977955 	 15498889244676.041
14.140280561122244 	 16151526947590.936
14.158316633266534 	 16831556136410.94
14.176352705410821 	 17540126448724.732
14.19438877755511 	 18278435774432.324
14.2124248496994 	 19047732280925.777
14.230460921843687 	 19849316523269.61
14.248496993987976 	 20684543642950.613
14.266533066132265 	 21554825658911.125
14.284569138276552 	 22461633854740.55
14.302605210420843 	 23406501266062.89
14.32064128256513 	 24391025272321.516
14.338677354709418 	 25416870297347.504
14.356713426853709 	 26485770623272.062
14.374749498997996 	 27599533322544.09
14.392785571142284 	 28760041313010.477
14.410821643286575 	 29969256541220.4
14.428857715430862 	 31229223299336.88
14.44689378757515 	 32542071681265.57
14.46492985971944 	 33910021183841.918
14.482965931863728 	 35335384459162.55
14.501002004008015 	 36820571224410.7
14.519038076152306 	 38368092335779.0
14.537074148296593 	 39980564033381.63
14.55511022044088 	 41660712364331.5
14.573146292585172 	 43411377791459.32
14.591182364729459 	 45235519995464.99
14.609218436873748 	 47136222878624.16
14.627254509018037 	 49116699778504.32
14.645290581162325 	 51180298900509.24
14.663326653306614 	 53330508978433.85
14.681362725450903 	 55570965172597.05
14.69939879759519 	 57905455215529.08
14.71743486973948 	 60337925815601.66
14.735470941883769 	 62872489329425.0
14.753507014028056 	 65513430714293.65
14.771543086172345 	 68265214772435.305
14.789579158316634 	 71132493699308.61
14.807615230460922 	 74120114948716.31
14.82565130260521 	 77233129428023.16
14.8436873747495 	 80476800037333.31
14.861723446893787 	 83856610567079.17
14.879759519038076 	 87378274969040.72
14.897795591182366 	 91047747016488.11
14.915831663326653 	 94871230369769.14
14.933867735470942 	 98855189064362.55
14.951903807615231 	 103006358439126.62
14.969939879759519 	 107331756523221.11
14.987975951903808 	 111838695900953.86
15.006012024048097 	 116534796074602.06
15.024048096192384 	 121427996346120.88
15.042084168336673 	 126526569239520.28
15.060120240480963 	 131839134486579.31
15.07815631262525 	 137374673599569.75
15.09619238476954 	 143142545055608.25
15.114228456913828 	 149152500118319.4
15.132264529058116 	 155414699323549.06
15.150300601202405 	 161939729657006.47
15.168336673346694 	 168738622452860.22
15.186372745490981 	 175822872043577.7
15.20440881763527 	 183204455192515.66
15.22244488977956 	 190895851342107.0
15.240480961923847 	 198910063711905.5
15.258517034068136 	 207260641282123.22
15.276553106212425 	 215961701699864.53
15.294589178356713 	 225027955146742.62
15.312625250501002 	 234474729208264.34
15.330661322645291 	 244317994786992.8
15.348697394789578 	 254574393103334.1
15.366733466933868 	 265261263829580.62
15.384769539078157 	 276396674404759.16
15.402805611222444 	 287999450579858.8
15.420841683366735 	 300089208245106.4
15.438877755511022 	 312686386593019.94
15.45691382765531 	 325812282673419.75
15.4749498997996 	 339489087398687.9
15.492985971943888 	 353739923060261.7
15.511022044088175 	 368588882419707.25
15.529058116232466 	 384061069440528.2
15.547094188376754 	 400182641729480.56
15.565130260521041 	 416980854759264.94
15.583166332665332 	 434484107947244.94
15.60120240480962 	 452721992668169.2
15.619238476953907 	 471725342282062.1
15.637274549098198 	 491526284261795.4
15.655310621242485 	 512158294508552.2
15.673346693386774 	 533656253946978.75
15.691382765531063 	 556056507495687.94
15.70941883767535 	 579396925512815.6
15.72745490981964 	 603716967820560.9
15.745490981963929 	 629057750416835.1
15.763527054108216 	 655462114986981.6
15.781563126252506 	 682974701332915.5
15.799599198396795 	 711642022842202.8
15.817635270541082 	 741512545124666.8
15.835671342685371 	 772636767949533.6
15.85370741482966 	 805067310621479.5
15.871743486973948 	 838859000940064.2
15.889779559118237 	 874068967892905.8
15.907815631262526 	 910756738239255.4
15.925851703406813 	 948984337147358.5
15.943887775551103 	 988816393055649.6
15.961923847695392 	 1030320246935098.4
15.97995991983968 	 1073566066137372.5
15.997995991983968 	 1118626963021513.2
16.016032064128257 	 1165579118559316.8
16.034068136272545 	 1214501911128710.2
16.052104208416836 	 1265478050712623.5
16.070140280561123 	 1318593718730492.0
16.08817635270541 	 1373938713738593.8
16.1062124248497 	 1431606603245532.0
16.12424849699399 	 1491694881899631.5
16.142284569138276 	 1554305136315739.5
16.160320641282567 	 1619543216819929.2
16.178356713426854 	 1687519416402437.2
16.196392785571142 	 1758348657181751.0
16.214428857715433 	 1832150684694420.8
16.23246492985972 	 1909050270339776.5
16.250501002004007 	 1989177422321433.2
16.2685370741483 	 2072667605442078.2
16.286573146292586 	 2159661970123471.5
16.304609218436873 	 2250307591038634.8
16.322645290581164 	 2344757715759852.0
16.34068136272545 	 2443172023842395.5
16.35871743486974 	 2545716896782707.5
16.37675350701403 	 2652565699306705.0
16.394789579158317 	 2763899072464282.0
16.412825651302605 	 2879905239025366.0
16.430861723446895 	 3000780321693662.0
16.448897795591183 	 3126728674676293.0
16.46693386773547 	 3257963229169686.0
16.48496993987976 	 3394705853346344.0
16.50300601202405 	 3537187727449985.0
16.521042084168336 	 3685649734634599.0
16.539078156312627 	 3840342868206845.5
16.557114228456914 	 4001528655961370.5
16.5751503006012 	 4169479602325910.5
16.593186372745492 	 4344479649063459.5
16.61122244488978 	 4526824655310891.0
16.629258517034067 	 4716822897765275.0
16.647294589178358 	 4914795591864035.0
16.665330661322646 	 5121077434838587.0
16.683366733466933 	 5336017171562156.0
16.701402805611224 	 5559978184145293.0
16.71943887775551 	 5793339106278335.0
16.7374749498998 	 6036494463358823.0
16.75551102204409 	 6289855339484842.0
16.773547094188377 	 6553850072443553.0
16.791583166332664 	 6828924977869032.0
16.809619238476955 	 7115545103794266.0
16.827655310621243 	 7414195016871634.0
16.84569138276553 	 7725379621593254.0
16.86372745490982 	 8049625013893751.0
16.881763527054108 	 8387479370580517.0
16.899799599198396 	 8739513876094658.0
16.917835671342687 	 9106323688168424.0
16.935871743486974 	 9488528944012112.0
16.95390781563126 	 9886775808733948.0
16.971943887775552 	 1.030173756776109e+16
16.98997995991984 	 1.073411576511157e+16
17.008016032064127 	 1.1184641389441066e+16
17.026052104208418 	 1.1654076109870108e+16
17.044088176352705 	 1.2143213563678796e+16
17.062124248496993 	 1.265288069804924e+16
17.080160320641284 	 1.3183939168121096e+16
17.09819639278557 	 1.3737286793726552e+16
17.11623246492986 	 1.4313859077265202e+16
17.13426853707415 	 1.491463078528664e+16
17.152304609218437 	 1.5540617596452518e+16
17.170340681362724 	 1.619287781866798e+16
17.188376753507015 	 1.6872514178281212e+16
17.206412825651302 	 1.7580675684377862e+16
17.22444889779559 	 1.8318559571323736e+16
17.24248496993988 	 1.9087413322835916e+16
17.260521042084168 	 1.9888536781008932e+16
17.278557114228455 	 2.072328434385812e+16
17.296593186372746 	 2.159306725509602e+16
17.314629258517034 	 2.249935599001431e+16
17.33266533066132 	 2.3443682741503424e+16
17.350701402805612 	 2.4427644010414572e+16
17.3687374749499 	 2.5452903304639724e+16
17.386773547094187 	 2.6521193951479188e+16
17.404809619238478 	 2.76343220280434e+16
17.42284569138277 	 2.879416941464985e+16
17.440881763527052 	 3.0002696976372704e+16
17.458917835671343 	 3.12619478781315e+16
17.476953907815634 	 3.257405103890672e+16
17.494989979959918 	 3.3941224730945852e+16
17.51302605210421 	 3.5365780330023308e+16
17.5310621242485 	 3.6850126223107304e+16
17.549098196392784 	 3.839677188003385e+16
17.567134268537075 	 4.000833209607831e+16
17.585170340681366 	 4.168753141258622e+16
17.60320641282565 	 4.3437208723145976e+16
17.62124248496994 	 4.526032207309487e+16
17.63927855711423 	 4.715995366045164e+16
17.657314629258515 	 4.91393150467569e+16
17.675350701402806 	 5.120175258661386e+16
17.693386773547097 	 5.335075308511305e+16
17.71142284569138 	 5.5589949692706024e+16
17.72945891783567 	 5.792312804749693e+16
17.747494989979963 	 6.0354232675326824e+16
17.765531062124246 	 6.288737365848317e+16
17.783567134268537 	 6.552683358430538e+16
17.80160320641283 	 6.8277074785418776e+16
17.819639278557112 	 7.1142746883862856e+16
17.837675350701403 	 7.412869465185318e+16
17.855711422845694 	 7.723996620246382e+16
17.873747494989978 	 8.048182152408296e+16
17.89178356713427 	 8.385974137307883e+16
17.90981963927856 	 8.737943653968784e+16
17.927855711422843 	 9.10468575028118e+16
17.945891783567134 	 9.486820449004507e+16
17.963927855711425 	 9.884993795990958e+16
17.981963927855713 	 1.0299878952406776e+17
18.0 	 1.0732177332793605e+17