9.0 	 834.8460364668672
9.01803607214429 	 961.3028102177194
9.036072144288577 	 1106.8876214152583
9.054108216432866 	 1274.4884554757148
9.072144288577155 	 1467.4282632541583
9.090180360721442 	 1689.5302592503717
9.108216432865731 	 1945.1929802047002
9.12625250501002 	 2239.4765545950636
9.144288577154308 	 2578.2018474427755
9.162324649298597 	 2968.0643899412294
9.180360721442886 	 3416.765284229516
9.198396793587174 	 3933.161595264888
9.216432865731463 	 4527.43911004351
9.234468937875752 	 5211.310766038411
9.252505010020041 	 5998.24453325837
9.270541082164328 	 6903.72508641572
9.288577154308618 	 7945.554235171434
9.306613226452907 	 9144.195802482183
9.324649298597194 	 10523.171466444024
9.342685370741483 	 12109.51502415544
9.360721442885772 	 13934.293613438876
9.37875751503006 	 16033.205658400471
9.396793587174349 	 18447.266708897365
9.414829659318638 	 21223.595945977842
9.432865731462925 	 24416.317952393398
9.450901803607215 	 28087.596430023255
9.468937875751504 	 32308.81891921463
9.486973947895791 	 37161.95427782957
9.50501002004008 	 42741.10775440521
9.52304609218437 	 49154.30199017634
9.541082164328657 	 56525.516264952006
9.559118236472946 	 64997.02082514703
9.577154308617235 	 74732.0482696827
9.595190380761522 	 85917.84980074374
9.613226452905812 	 98769.19076079575
9.6312625250501 	 113532.3473749441
9.649298597194388 	 130489.67511051323
9.667334669338677 	 149964.82867843568
9.685370741482966 	 172328.72457284023
9.703406813627254 	 198006.3493310635
9.721442885771543 	 227484.53056790016
9.739478957915832 	 261320.803486071
9.75751503006012 	 300153.52320046996
9.775551102204409 	 344713.39306941675
9.793587174348698 	 395836.6015582471
9.811623246492985 	 454479.78525102476
9.829659318637274 	 521737.06378297694
9.847695390781563 	 598859.4240268662
9.86573146292585 	 687276.7661980764
9.88376753507014 	 788622.9640436595
9.901803607214429 	 904764.3353809732
9.919839679358718 	 1037831.9684163306
9.937875751503006 	 1190258.403999515
9.955911823647295 	 1364819.2347882485
9.973947895791584 	 1564680.2497696555
9.991983967935871 	 1793450.8273087803
10.01002004008016 	 2055244.362488093
10.02805611222445 	 2354746.6056133704
10.046092184368737 	 2697292.8890577164
10.064128256513026 	 3088955.329771174
10.082164328657315 	 3536641.215482931
10.100200400801603 	 4048203.914540775
10.118236472945892 	 4632567.793120379
10.136272545090181 	 5299868.779815569
10.154308617234468 	 6061612.386954693
10.172344689378757 	 6930851.18086159
10.190380761523047 	 7922383.890080238
10.208416833667334 	 9052978.551566223
10.226452905811623 	 10341622.320102954
10.244488977955912 	 11809800.80561744
10.262525050100201 	 13481810.05630804
10.280561122244489 	 15385104.571904305
10.298597194388778 	 17550685.01000768
10.316633266533067 	 20013529.53794323
10.334669338677354 	 22813073.08112083
10.352705410821644 	 25993739.024259333
10.370741482965933 	 29605528.23116121
10.38877755511022 	 33704670.55862739
10.40681362725451 	 38354344.34647636
10.424849699398798 	 43625469.66374372
10.442885771543086 	 49597581.375505276
10.460921843687375 	 56359788.359116524
10.478957915831664 	 64011825.43601567
10.496993987975952 	 72665204.78784367
10.51503006012024 	 82444473.78496099
10.53306613226453 	 93488586.262354
10.551102204408817 	 105952394.32267758
10.569138276553106 	 120008267.71851324
10.587174348697395 	 135847847.75526893
10.605210420841683 	 153683942.45195973
10.623246492985972 	 173752569.3886032
10.641282565130261 	 196315152.24616253
10.659318637274549 	 221660876.49835533
10.677354709418838 	 250109209.03568235
10.695390781563127 	 282012585.68399584
10.713426853707414 	 317759269.6176111
10.731462925851703 	 357776382.5577437
10.749498997995993 	 402533109.39086586
10.76753507014028 	 452544075.4420085
10.785571142284569 	 508372894.10175186
10.803607214428858 	 570635880.8437076
10.821643286573146 	 640005927.8975677
10.839679358717435 	 717216531.9803718
10.857715430861724 	 803065965.5612111
10.875751503006011 	 898421580.1711007
10.8937875751503 	 1004224228.3043827
10.91182364729459 	 1121492788.5291562
10.929859719438877 	 1251328776.5745356
10.947895791583166 	 1394921023.436507
10.965931863727455 	 1553550399.9899695
10.983967935871743 	 1728594566.2614722
11.002004008016032 	 1921532722.4529498
11.02004008016032 	 2133950338.059819
11.038076152304608 	 2367543835.042582
11.056112224448897 	 2624125201.028484
11.074148296593187 	 2905626508.9746585
11.092184368737474 	 3214104320.6454473
11.110220440881763 	 3551743952.659883
11.128256513026052 	 3920863585.7627907
11.146292585170341 	 4323918200.3623905
11.164328657314629 	 4763503324.243689
11.182364729458918 	 5242358581.688322
11.200400801603207 	 5763371036.967214
11.218436873747494 	 6329578329.279809
11.236472945891784 	 6944171600.626355
11.254509018036073 	 7610498222.756049
11.272545090180362 	 8332064334.154024
11.29058116232465 	 9112537202.93153
11.308617234468938 	 9955747436.38201
11.326653306613228 	 10865691062.768984
11.344689378757515 	 11846531515.5404
11.362725450901804 	 12902601554.52188
11.380761523046093 	 14038405162.66224
11.39879759519038 	 15258619460.51201
11.41683366733467 	 16568096683.745201
11.434869739478959 	 17971866271.645237
11.452905811623246 	 19475137116.52371
11.470941883767535 	 21083300025.507195
11.488977955911825 	 22801930446.99343
11.507014028056112 	 24636791514.369198
11.525050100200401 	 26593837459.290054
11.54308617234469 	 28679217445.991108
11.561122244488978 	 30899279876.784267
11.579158316633267 	 33260577217.11321
11.597194388777556 	 35769871386.389534
11.615230460921843 	 38434139758.35204
11.633266533066132 	 41260581811.9711
11.651302605210422 	 44256626471.00916
11.669338677354709 	 47429940167.36126
11.687374749498998 	 50788435660.24867
11.705410821643287 	 54340281640.35276
11.723446893787575 	 58093913145.08388
11.741482965931864 	 62058042808.44971
11.759519038076153 	 66241672966.45964
11.77755511022044 	 70654108636.76672
11.79559118236473 	 75304971389.25983
11.813627254509019 	 80204214122.70598
11.831663326653306 	 85362136761.23294
11.849699398797595 	 90789402883.5394
11.867735470941884 	 96497057297.12743
11.885771543086172 	 102496544569.69815
11.90380761523046 	 108799728530.00247
11.92184368737475 	 115418912750.9711
11.939879759519037 	 122366862028.83162
11.957915831663327 	 129656824873.09581
11.975951903807616 	 137302557023.80925
11.993987975951903 	 145318346014.21692
12.012024048096192 	 153719036799.05774
12.030060120240481 	 162520058470.93082
12.048096192384769 	 171737452089.7015
12.066132264529058 	 181387899652.55008
12.084168336673347 	 191488754235.10663
12.102204408817634 	 202058071337.1265
12.120240480961924 	 213114641469.2337
12.138276553106213 	 224678024020.5162
12.1563126252505 	 236768582450.05875
12.17434869739479 	 249407520848.94415
12.192384769539078 	 262616921922.69815
12.210420841683367 	 276419786447.72815
12.228456913827655 	 290840074258.95746
12.246492985971944 	 305902746829.4887
12.264529058116233 	 321633811506.87756
12.28256513026052 	 338060367474.4425
12.30060120240481 	 355210653509.8342
12.318637274549099 	 373114097617.004
12.336673346693388 	 391801368611.7885
12.354709418837675 	 411304429745.2476
12.372745490981965 	 431656594453.1743
12.390781563126254 	 452892584324.2799
12.408817635270541 	 475048589384.0307
12.42685370741483 	 498162330795.4227
12.44488977955912 	 522273126082.54565
12.462925851703407 	 547421956987.54425
12.480961923847696 	 573651540076.273
12.498997995991985 	 601006400212.9545
12.517034068136272 	 629532947029.2704
12.535070140280562 	 659279554518.5819
12.55310621242485 	 690296643891.443
12.571142284569138 	 722636769834.2245
12.589178356713427 	 756354710318.6389
12.607214428857716 	 791507560115.8054
12.625250501002004 	 828154828175.1772
12.643286573146293 	 866358539034.8989
12.661322645290582 	 906183338437.2395
12.67935871743487 	 947696603329.6793
12.697394789579159 	 990968556439.897
12.715430861723448 	 1036072385620.1598
12.733466933867735 	 1083084368165.2855
12.751503006012024 	 1132084000316.1172
12.769539078156313 	 1183154132169.4985
12.7875751503006 	 1236381108224.7944
12.80561122244489 	 1291854913806.3142
12.823647294589179 	 1349669327611.1692
12.841683366733466 	 1409922080641.854
12.859719438877756 	 1472715021794.4314
12.877755511022045 	 1538154290383.1484
12.895791583166332 	 1606350495895.4639
12.913827655310621 	 1677418905282.174
12.93186372745491 	 1751479638101.0425
12.949899799599198 	 1828657869844.9617
12.967935871743487 	 1909084043799.871
12.985971943887776 	 1992894091791.4597
13.004008016032063 	 2080229664195.167
13.022044088176353 	 2171238369599.4983
13.040080160320642 	 2266074024528.555
13.05811623246493 	 2364896913647.0835
13.076152304609218 	 2467874060888.7905
13.094188376753507 	 2575179511967.1646
13.112224448897795 	 2686994628746.96
13.130260521042084 	 2803508395975.3535
13.148296593186373 	 2924917740891.1733
13.16633266533066 	 3051427866253.713
13.18436873747495 	 3183252597354.9243
13.202404809619239 	 3320614743601.5615
13.220440881763526 	 3463746475279.7935
13.238476953907817 	 3612889716139.1484
13.256513026052104 	 3768296552460.368
13.274549098196392 	 3930229659299.0093
13.292585170340683 	 4098962744625.961
13.31062124248497 	 4274781012115.5386
13.328657314629258 	 4457981643364.835
13.346693386773548 	 4648874300359.162
13.364729458917836 	 4847781649033.485
13.382765531062123 	 5055039904815.622
13.400801603206414 	 5270999401073.382
13.418837675350701 	 5496025181426.814
13.436873747494989 	 5730497616927.806
13.45490981963928 	 5974813049150.1875
13.472945891783567 	 6229384460277.099
13.490981963927856 	 6494642171320.53
13.509018036072145 	 6771034569651.227
13.527054108216433 	 7059028867071.249
13.545090180360722 	 7359111889709.642
13.563126252505011 	 7671790901076.675
13.581162324649299 	 7997594459669.56
13.599198396793588 	 8337073312577.813
13.617234468937877 	 8690801326601.018
13.635270541082164 	 9059376458451.367
13.653306613226453 	 9443421765682.809
13.671342685370742 	 9843586460055.137
13.68937875751503 	 10260547005114.434
13.707414829659319 	 10695008259845.414
13.725450901803608 	 11147704670327.984
13.743486973947896 	 11619401511415.613
13.761523046092185 	 12110896180531.715
13.779559118236474 	 12623019545772.824
13.797595190380761 	 13156637350598.264
13.81563126252505 	 13712651677479.787
13.83366733466934 	 14292002472986.545
13.851703406813627 	 14895669136884.055
13.869739478957916 	 15524672177933.307
13.887775551102205 	 16180074939188.244
13.905811623246493 	 16862985395711.002
13.923847695390782 	 17574558027743.328
13.94188376753507 	 18315995772497.91
13.959919839679358 	 19088552057874.74
13.977955911823647 	 19893532921536.15
13.995991983967937 	 20732299218926.69
14.014028056112224 	 21606268923967.14
14.032064128256513 	 22516919526316.676
14.050100200400802 	 23465790529250.176
14.06813627254509 	 24454486052380.008
14.086172344689379 	 25484677543619.664
14.104208416833668 	 26558106604971.746
14.122244488977955 	 27676587936921.49
14.140280561122244 	 28842012406412.367
14.158316633266534 	 30056350243590.945
14.176352705410821 	 31321654372722.715
14.19438877755511 	 32640063882914.844
14.2124248496994 	 34013807644510.297
14.230460921843687 	 35445208077267.14
14.248496993987976 	 36936685076697.5
14.266533066132265 	 38490760105198.414
14.284569138276552 	 40110060454893.82
14.302605210420843 	 41797323689397.99
14.32064128256513 	 43555402272002.68
14.338677354709418 	 45387268388120.516
14.356713426853709 	 47296018970128.65
14.374749498997996 	 49284880933114.414
14.392785571142284 	 51357216630375.82
14.410821643286575 	 53516529537893.54
14.428857715430862 	 55766470177387.25
14.44689378757515 	 58110842287974.195
14.46492985971944 	 60553609256860.53
14.482965931863728 	 63098900819933.08
14.501002004008015 	 65751020043590.51
14.519038076152306 	 68514450599605.31
14.537074148296593 	 71393864345324.31
14.55511022044088 	 74394129222020.48
14.573146292585172 	 77520317484748.73
14.591182364729459 	 80777714277616.0
14.609218436873748 	 84171826568971.66
14.627254509018037 	 87708392461614.8
14.645290581162325 	 91393390893766.45
14.663326653306614 	 95233051747203.25
14.681362725450903 	 99233866379637.53
14.69939879759519 	 103402598599159.0
14.71743486973948 	 107746296099288.61
14.735470941883769 	 112272302373973.14
14.753507014028056 	 116988269132667.16
14.771543086172345 	 121902169236491.55
14.789579158316634 	 127022310177336.72
14.807615230460922 	 132357348122707.62
14.82565130260521 	 137916302550041.27
14.8436873747495 	 143708571495237.97
14.861723446893787 	 149743947441212.72
14.879759519038076 	 156032633873286.9
14.897795591182366 	 162585262529442.94
14.915831663326653 	 169412911374587.62
14.933867735470942 	 176527123329218.72
14.951903807615231 	 183939925784154.56
14.969939879759519 	 191663850934323.28
14.987975951903808 	 199711956965988.94
15.006012024048097 	 208097850133217.84
15.024048096192384 	 216835707760930.0
15.042084168336673 	 225940302213428.94
15.060120240480963 	 235427025868891.47
15.07815631262525 	 245311917142088.7
15.09619238476954 	 255611687599300.3
15.114228456913828 	 266343750211284.53
15.132264529058116 	 277526248792051.75
15.150300601202405 	 289178088673225.6
15.168336673346694 	 301318968665821.6
15.186372745490981 	 313969414363531.44
15.20440881763527 	 327150812843777.75
15.22244488977956 	 340885448825190.9
15.240480961923847 	 355196542342688.2
15.258517034068136 	 370108288003791.25
15.276553106212425 	 385645895892615.0
15.294589178356713 	 401835634190611.6
15.312625250501002 	 418704873586186.1
15.330661322645291 	 436282133548201.2
15.348697394789578 	 454597130541667.75
15.366733466933868 	 473680828267107.94
15.384769539078157 	 493565490008498.2
15.402805611222444 	 514284733178319.0
15.420841683366735 	 535873586151975.3
15.438877755511022 	 558368547487535.2
15.45691382765531 	 581807647631106.4
15.4749498997996 	 606230513211942.2
15.492985971943888 	 631678434036181.1
15.511022044088175 	 658194432892334.0
15.529058116232466 	 685823338286657.1
15.547094188376754 	 714611860231214.9
15.565130260521041 	 744608669212972.6
15.583166332665332 	 775864478477222.6
15.60120240480962 	 808432129764587.2
15.619238476953907 	 842366682646539.0
15.637274549098198 	 877725507610348.2
15.655310621242485 	 914568383050985.5
15.673346693386774 	 952957596333890.1
15.691382765531063 	 992958049099442.1
15.70941883767535 	 1034637366987170.1
15.72745490981964 	 1078066013965286.6
15.745490981963929 	 1123317411458633.4
15.763527054108216 	 1170468062476752.2
15.781563126252506 	 1219597680951634.0
15.799599198396795 	 1270789326503932.8
15.817635270541082 	 1324129544865475.5
15.835671342685371 	 1379708514195594.8
15.85370741482966 	 1437620197538355.5
15.871743486973948 	 1497962501678685.2
15.889779559118237 	 1560837442665902.0
15.907815631262526 	 1626351318284383.5
15.925851703406813 	 1694614887763139.2
15.943887775551103 	 1765743559027944.8
15.961923847695392 	 1839857583812674.5
15.97995991983968 	 1917082260959592.5
15.997995991983968 	 1997548148252701.0
16.016032064128257 	 2081391283141636.0
16.034068136272545 	 2168753412729838.2
16.052104208416836 	 2259782233415397.5
16.070140280561123 	 2354631640590162.5
16.08817635270541 	 2453461988818916.0
16.1062124248497 	 2556440362938448.5
16.12424849699399 	 2663740860535054.5
16.142284569138276 	 2775544886278104.5
16.160320641282567 	 2892041458607014.5
16.178356713426854 	 3013427529290064.5
16.196392785571142 	 3139908316395982.0
16.214428857715433 	 3271697651240035.0
16.23246492985972 	 3409018339892456.0
16.250501002004007 	 3552102539859700.0
16.2685370741483 	 3701192152575137.5
16.286573146292586 	 3856539232363339.5
16.304609218436873 	 4018406412568988.0
16.322645290581164 	 4187067349571161.5
16.34068136272545 	 4362807185432846.5
16.35871743486974 	 4545923029969118.0
16.37675350701403 	 4736724463047685.0
16.394789579158317 	 4935534057971929.0
16.412825651302605 	 5142687926831007.0
16.430861723446895 	 5358536288738679.0
16.448897795591183 	 5583444061921948.0
16.46693386773547 	 5817791480660150.0
16.48496993987976 	 6061974738118468.0
16.50300601202405 	 6316406656160683.0
16.521042084168336 	 6581517383276066.0
16.539078156312627 	 6857755121797934.0
16.557114228456914 	 7145586885645300.0
16.5751503006012 	 7445499289867693.0
16.593186372745492 	 7757999373327601.0
16.61122244488978 	 8083615455912300.0
16.629258517034067 	 8422898031723700.0
16.647294589178358 	 8776420699757200.0
16.665330661322646 	 9144781133640328.0
16.683366733466933 	 9528602092075274.0
16.701402805611224 	 9928532471688018.0
16.71943887775551 	 1.034524840406849e+16
16.7374749498998 	 1.077945439885499e+16
16.75551102204409 	 1.1231884534794354e+16
16.773547094188377 	 1.1703303700792052e+16
16.791583166332664 	 1.2194508889051836e+16
16.809619238476955 	 1.2706330542489752e+16
16.827655310621243 	 1.3239633958699338e+16
16.84569138276553 	 1.3795320752845088e+16
16.86372745490982 	 1.4374330381953118e+16
16.881763527054108 	 1.4977641733179486e+16
16.899799599198396 	 1.5606274778740452e+16
16.917835671342687 	 1.6261292300300814e+16
16.935871743486974 	 1.6943801685735834e+16
16.95390781563126 	 1.765495680131061e+16
16.971943887775552 	 1.8395959942430508e+16
16.98997995991984 	 1.916806386627065e+16
17.008016032064127 	 1.9972573909716176e+16
17.026052104208418 	 2.081085019619661e+16
17.044088176352705 	 2.1684309935140696e+16
17.062124248496993 	 2.2594429817945056e+16
17.080160320641284 	 2.354274851450194e+16
17.09819639278557 	 2.4530869274511684e+16
17.11623246492986 	 2.556046263797356e+16
17.13426853707415 	 2.6633269259440412e+16
17.152304609218437 	 2.7751102850808052e+16
17.170340681362724 	 2.8915853247621376e+16
17.188376753507015 	 3.0129489604073576e+16
17.206412825651302 	 3.1394063722103304e+16
17.22444889779559 	 3.271171352022094e+16
17.24248496993988 	 3.408466664792126e+16
17.260521042084168 	 3.551524425180164e+16
17.278557114228455 	 3.7005864899746616e+16
17.296593186372746 	 3.85590486698143e+16
17.314629258517034 	 4.017742141073982e+16
17.33266533066132 	 4.186371918125609e+16
17.350701402805612 	 4.362079287574028e+16
17.3687374749499 	 4.545161304399948e+16
17.386773547094187 	 4.735927491335566e+16
17.404809619238478 	 4.934700362150604e+16
17.42284569138277 	 5.141815966901755e+16
17.440881763527052 	 5.357624460066551e+16
17.458917835671343 	 5.582490692523479e+16
17.476953907815634 	 5.816794828376197e+16
17.494989979959918 	 6.0609329876688984e+16
17.51302605210421 	 6.3153179160755864e+16
17.5310621242485 	 6.580379682697728e+16
17.549098196392784 	 6.856566407148897e+16
17.567134268537075 	 7.144345017156837e+16
17.585170340681366 	 7.44420203796182e+16
17.60320641282565 	 7.756644414847491e+16
17.62124248496994 	 8.082200370195509e+16
17.63927855711423 	 8.421420296509216e+16
17.657314629258515 	 8.774877686920869e+16
17.675350701402806 	 9.143170104752469e+16
17.693386773547097 	 9.526920193770182e+16
17.71142284569138 	 9.926776730840355e+16
17.72945891783567 	 1.0343415722767302e+17
17.747494989979963 	 1.0777541549165498e+17
17.765531062124246 	 1.1229888153300558e+17
17.783567134268537 	 1.1701220282911667e+17
17.80160320641283 	 1.2192334783110488e+17
17.819639278557112 	 1.2704061943546931e+17
17.837675350701403 	 1.323726690211663e+17
17.855711422845694 	 1.3792851107582818e+17
17.873747494989978 	 1.4371753843586232e+17
17.89178356713427 	 1.4974953816621213e+17
17.90981963927856 	 1.560347081065853e+17
17.927855711422843 	 1.6258367411216384e+17
17.945891783567134 	 1.694075080179375e+17
17.963927855711425 	 1.7651774635698128e+17
17.981963927855713 	 1.8392640986440662e+17
18.0 	 1.916460237998857e+17