9.0 	 0.0 	 0.0 	 0.0
9.01803607214429 	 0.0 	 0.0 	 0.0
9.036072144288577 	 0.0 	 0.0 	 0.0
9.054108216432866 	 0.0 	 0.0 	 0.0
9.072144288577155 	 0.0 	 0.0 	 0.0
9.090180360721442 	 0.0 	 0.0 	 0.0
9.108216432865731 	 0.0 	 0.0 	 0.0
9.12625250501002 	 0.0 	 0.0 	 0.0
9.144288577154308 	 0.0 	 0.0 	 0.0
9.162324649298597 	 0.0 	 0.0 	 0.0
9.180360721442886 	 0.0 	 0.0 	 0.0
9.198396793587174 	 0.0 	 0.0 	 0.0
9.216432865731463 	 0.0 	 0.0 	 0.0
9.234468937875752 	 0.0 	 0.0 	 0.0
9.252505010020041 	 0.0 	 0.0 	 0.0
9.270541082164328 	 0.0 	 0.0 	 0.0
9.288577154308618 	 0.0 	 0.0 	 0.0
9.306613226452907 	 0.0 	 0.0 	 0.0
9.324649298597194 	 0.0 	 0.0 	 0.0
9.342685370741483 	 0.0 	 0.0 	 0.0
9.360721442885772 	 0.0 	 0.0 	 0.0
9.37875751503006 	 0.0 	 0.0 	 0.0
9.396793587174349 	 0.0 	 0.0 	 0.0
9.414829659318638 	 0.0 	 0.0 	 0.0
9.432865731462925 	 0.0 	 0.0 	 0.0
9.450901803607215 	 0.0 	 0.0 	 0.0
9.468937875751504 	 0.0 	 0.0 	 0.0
9.486973947895791 	 0.0 	 0.0 	 0.0
9.50501002004008 	 0.0 	 0.0 	 0.0
9.52304609218437 	 0.0 	 0.0 	 0.0
9.541082164328657 	 0.0 	 0.0 	 0.0
9.559118236472946 	 5.511320908922793e-50 	 0.0 	 0.0
9.577154308617235 	 7.149882749046718e-49 	 0.0 	 0.0
9.595190380761522 	 8.989003121701919e-48 	 0.0 	 0.0
9.613226452905812 	 1.0951961014820007e-46 	 0.0 	 0.0
9.6312625250501 	 1.2931194320306377e-45 	 0.0 	 0.0
9.649298597194388 	 1.4796218549175574e-44 	 0.0 	 0.0
9.667334669338677 	 1.640693626717698e-43 	 0.0 	 0.0
9.685370741482966 	 1.763066022274052e-42 	 0.0 	 0.0
9.703406813627254 	 1.8360059059043758e-41 	 0.0 	 0.0
9.721442885771543 	 1.8528681070919146e-40 	 0.0 	 0.0
9.739478957915832 	 1.8120946023005855e-39 	 0.0 	 0.0
9.75751503006012 	 1.7174522119668387e-38 	 0.0 	 0.0
9.775551102204409 	 1.5774585146669048e-37 	 0.0 	 0.0
9.793587174348698 	 1.4041172309122458e-36 	 0.0 	 0.0
9.811623246492985 	 1.2112232838484217e-35 	 0.0 	 0.0
9.829659318637274 	 1.0125685528138481e-34 	 0.0 	 0.0
9.847695390781563 	 8.203680429757283e-34 	 1.20802082107081e-50 	 0.0
9.86573146292585 	 6.441434249100512e-33 	 1.5413353474125784e-49 	 0.0
9.88376753507014 	 4.901762548293795e-32 	 1.9047723228794933e-48 	 0.0
9.901803607214429 	 3.615138976380181e-31 	 2.279863953008862e-47 	 0.0
9.919839679358718 	 2.5840975083656596e-30 	 2.642968568511242e-46 	 0.0
9.937875751503006 	 1.7902476358630727e-29 	 2.9674961877623885e-45 	 0.0
9.955911823647295 	 1.2021200509331306e-28 	 3.2270226659303953e-44 	 0.0
9.973947895791584 	 7.823920654499257e-28 	 3.3988095669140203e-43 	 0.0
9.991983967935871 	 4.935776033675869e-27 	 3.467086660510928e-42 	 0.0
10.01002004008016 	 3.018246357774042e-26 	 3.425441328713534e-41 	 0.0
10.02805611222445 	 1.7891111803482146e-25 	 3.277812973676635e-40 	 0.0
10.046092184368737 	 1.0280635843247245e-24 	 3.037878560103862e-39 	 0.0
10.064128256513026 	 5.726914888146803e-24 	 2.7269620509554294e-38 	 0.0
10.082164328657315 	 3.0928530248696304e-23 	 2.3709106298804705e-37 	 0.0
10.100200400801603 	 1.6194107098134805e-22 	 1.9965713004963894e-36 	 0.0
10.118236472945892 	 8.221234529634942e-22 	 1.6285287439631716e-35 	 0.0
10.136272545090181 	 4.046917630761159e-21 	 1.2866361740473254e-34 	 0.0
10.154308617234468 	 1.931727805181792e-20 	 9.846366657355548e-34 	 1.513207616427436e-50
10.172344689378757 	 8.941918872189211e-20 	 7.299075878348584e-33 	 1.7991480097420016e-49
10.190380761523047 	 4.014300550321388e-19 	 5.24136856961975e-32 	 2.069842465564071e-48
10.208416833667334 	 1.7479008646244984e-18 	 3.646040502747196e-31 	 2.3041337959016503e-47
10.226452905811623 	 7.382223744265833e-18 	 2.4570560337580378e-30 	 2.4818606139069135e-46
10.244488977955912 	 3.024539833513067e-17 	 1.6041468644525056e-29 	 2.5867060139841697e-45
10.262525050100201 	 1.2021921441733548e-16 	 1.0146806826886836e-28 	 2.6086688963124994e-44
10.280561122244489 	 4.636330548196472e-16 	 6.218614883542331e-28 	 2.545639296792333e-43
10.298597194388778 	 1.7350303532308347e-15 	 3.692852343587107e-27 	 2.4037335404454426e-42
10.316633266533067 	 6.30116862036151e-15 	 2.1250128196257363e-26 	 2.196315279596475e-41
10.334669338677354 	 2.2211027484259068e-14 	 1.1850106002866644e-25 	 1.9419195266086703e-40
10.352705410821644 	 7.599850432986612e-14 	 6.404367664978569e-25 	 1.6615265652506585e-39
10.370741482965933 	 2.524578452531714e-13 	 3.354737404795559e-24 	 1.3757399672800218e-38
10.38877755511022 	 8.142955919931956e-13 	 1.7033611224183637e-23 	 1.1023872777282776e-37
10.40681362725451 	 2.550645672783122e-12 	 8.384195500017072e-23 	 8.549071961905408e-37
10.424849699398798 	 7.760006281233926e-12 	 4.0009770004859853e-22 	 6.416694845730299e-36
10.442885771543086 	 2.2934574489920145e-11 	 1.8512596317828123e-21 	 4.66159748838958e-35
10.460921843687375 	 6.585861505429727e-11 	 8.30644250186356e-21 	 3.2780474568735068e-34
10.478957915831664 	 1.8378428042865226e-10 	 3.6146180609257765e-20 	 2.2314224106279077e-33
10.496993987975952 	 4.984970842657661e-10 	 1.5256888902142256e-19 	 1.4705048607109352e-32
10.51503006012024 	 1.3145108381646474e-09 	 6.247207287614469e-19 	 9.382194693188053e-32
10.53306613226453 	 3.3705911512388084e-09 	 2.4819098843532763e-18 	 5.796077435329648e-31
10.551102204408817 	 8.405930126439753e-09 	 9.568278590749955e-18 	 3.4673488550029015e-30
10.569138276553106 	 2.039412948325959e-08 	 3.58014594870618e-17 	 2.0088148252804496e-29
10.587174348697395 	 4.814716545525199e-08 	 1.3003555715322052e-16 	 1.1272242061503775e-28
10.605210420841683 	 1.1063525159282276e-07 	 4.5856127860286e-16 	 6.127192644303744e-28
10.623246492985972 	 2.475080883589504e-07 	 1.5703267150623453e-15 	 3.2266381199213165e-27
10.641282565130261 	 5.392360613901401e-07 	 5.223093001179251e-15 	 1.6464067483792518e-26
10.659318637274549 	 1.1444256239044816e-06 	 1.68772851116256e-14 	 8.141171701399873e-26
10.677354709418838 	 2.3667134862591194e-06 	 5.2992062774487586e-14 	 3.9018316680081305e-25
10.695390781563127 	 4.770770989844368e-06 	 1.617160710361951e-13 	 1.812822172927013e-24
10.713426853707414 	 9.376840276751489e-06 	 4.797718854043824e-13 	 8.166284982561738e-24
10.731462925851703 	 1.7976073672526554e-05 	 1.3840929919523236e-12 	 3.5674553725469757e-23
10.749498997995993 	 3.362434806633823e-05 	 3.8838164738766426e-12 	 1.5116241107459654e-22
10.76753507014028 	 6.138877928396624e-05 	 1.0603120051609857e-11 	 6.214002800276617e-22
10.785571142284569 	 0.00010943610498335773 	 2.817171607013575e-11 	 2.478775553184667e-21
10.803607214428858 	 0.00019056107512435282 	 7.286603807501675e-11 	 9.597132791108452e-21
10.821643286573146 	 0.0003242501023456972 	 1.8352755895493027e-10 	 3.607359679705097e-20
10.839679358717435 	 0.0005393538518075252 	 4.5027534908632296e-10 	 1.316712135754795e-19
10.857715430861724 	 0.000877395610505901 	 1.0764569155949352e-09 	 4.668315382082841e-19
10.875751503006011 	 0.0013964656264308377 	 2.5084293932989226e-09 	 1.608113502830864e-18
10.8937875751503 	 0.0021755448007590595 	 5.699584984080013e-09 	 5.383741960980883e-18
10.91182364729459 	 0.003318970069094333 	 1.2632060972212662e-08 	 1.7522307381578737e-17
10.929859719438877 	 0.004960612046192938 	 2.731821642506423e-08 	 5.545885989466977e-17
10.947895791583166 	 0.0072672041076987815 	 5.766855003210856e-08 	 1.7075000647536135e-16
10.965931863727455 	 0.010440167700198772 	 1.1887744235101149e-07 	 5.115671512912584e-16
10.983967935871743 	 0.014715249558921702 	 2.393879966345166e-07 	 1.4919112769066567e-15
11.002004008016032 	 0.02035934693791975 	 4.7110746282027226e-07 	 4.2367444245669496e-15
11.02004008016032 	 0.02766406104247178 	 9.064163779185697e-07 	 1.1719930267227213e-14
11.038076152304608 	 0.03693578524287004 	 1.7057059283643313e-06 	 3.1592192997764624e-14
11.056112224448897 	 0.04848248350359083 	 3.1407298945198577e-06 	 8.301541934979065e-14
11.074148296593187 	 0.06259770793435292 	 5.660972268338895e-06 	 2.1272956844433197e-13
11.092184368737474 	 0.07954279100404858 	 9.99244758176512e-06 	 5.3180977426494e-13
11.110220440881763 	 0.09952847052401698 	 1.7280715310399296e-05 	 1.2975276007403297e-12
11.128256513026052 	 0.12269741086581375 	 2.9292135629517674e-05 	 3.090894605893892e-12
11.146292585170341 	 0.14910913288041738 	 4.8689129806579765e-05 	 7.191795577170292e-12
11.164328657314629 	 0.17872874025260846 	 7.939592820457007e-05 	 1.6351470128965958e-11
11.182364729458918 	 0.21142053989312815 	 0.0001270704084562685 	 3.634341217842999e-11
11.200400801603207 	 0.2469472317047422 	 0.00019969455360113942 	 7.900037636279332e-11
11.218436873747494 	 0.2849748414869698 	 0.00030829029202399154 	 1.6801734918095074e-10
11.236472945891784 	 0.32508305348637867 	 0.0004677587213915055 	 3.497752546553349e-10
11.254509018036073 	 0.36678013019335787 	 0.0006978289957238175 	 7.130562105306482e-10
11.272545090180362 	 0.40952124097881537 	 0.0010240889183075687 	 1.4241277018749207e-09
11.29058116232465 	 0.4527287954637914 	 0.001479053456064947 	 2.787764383261908e-09
11.308617234468938 	 0.49581330819489383 	 0.002103211352447287 	 5.351026495385791e-09
11.326653306613228 	 0.5381934026412616 	 0.002945975506512704 	 1.0075907587628982e-08
11.344689378757515 	 0.5793137705278585 	 0.004066451735036964 	 1.862041448738463e-08
11.362725450901804 	 0.6186601998604438 	 0.0055339348274244145 	 3.378658687784525e-08
11.380761523046093 	 0.6557711282435843 	 0.007428042017418446 	 6.021992666751878e-08
11.39879759519038 	 0.6902455242853918 	 0.009838403147779333 	 1.0547931630622454e-07
11.41683366733467 	 0.7217472121082216 	 0.012863844148421393 	 1.8164135429512933e-07
11.434869739478959 	 0.7500060051454662 	 0.016611025363835828 	 3.0765948988226734e-07
11.452905811623246 	 0.7748161899526381 	 0.021192527254459196 	 5.127672817812262e-07
11.470941883767535 	 0.7960329945378628 	 0.0267244108021719 	 8.412966495302678e-07
11.488977955911825 	 0.813567694308397 	 0.033323315778109146 	 1.3593751593536302e-06
11.507014028056112 	 0.8273819648839876 	 0.04110319384694559 	 2.164068839411756e-06
11.525050100200401 	 0.8374820016992575 	 0.05017180234158355 	 3.3956447865567266e-06
11.54308617234469 	 0.8439128098267463 	 0.0606271059111867 	 5.253735190976122e-06
11.561122244488978 	 0.846752941108736 	 0.07255374526418588 	 8.018283905963992e-06
11.579158316633267 	 0.8461098340739489 	 0.08601973389063741 	 1.2076239308777123e-05
11.597194388777556 	 0.8421158061021428 	 0.10107353487936989 	 1.79550127372175e-05
11.615230460921843 	 0.8349246637089339 	 0.11774165156656496 	 2.636373943786838e-05
11.633266533066132 	 0.8247088386470909 	 0.13602683935790438 	 3.824334804356453e-05
11.651302605210422 	 0.8116569245080567 	 0.155907013824408 	 5.482635540318112e-05
11.669338677354709 	 0.7959714779628585 	 0.17733489458635787 	 7.77071482855191e-05
11.687374749498998 	 0.7778669564272169 	 0.20023838815868306 	 0.00010892328698535997
11.705410821643287 	 0.7575676847245542 	 0.22452167827763 	 0.00015104806659042069
11.723446893787575 	 0.7353057721230273 	 0.2500669613669676 	 0.00020729420210764264
11.741482965931864 	 0.7113189332471699 	 0.2767367393629379 	 0.00028162807066169586
11.759519038076153 	 0.6858481979004837 	 0.3043765631813757 	 0.0003788934588321011
11.77755511022044 	 0.6591355228312165 	 0.33281810819258534 	 0.0005049432412604203
11.79559118236473 	 0.6314213409784248 	 0.36188245815183734 	 0.0006667768768232701
11.813627254509019 	 0.602942099731475 	 0.39138347564179604 	 0.0008726810724901749
11.831663326653306 	 0.5739278490056371 	 0.4211311443851475 	 0.0011323704556440008
11.849699398797595 	 0.5445999428862949 	 0.45093478070479487 	 0.0014571246367649138
11.867735470941884 	 0.5151689160732948 	 0.4806060267351378 	 0.0018599176588216374
11.885771543086172 	 0.4858325894774829 	 0.5099615554828502 	 0.002355535538398349
11.90380761523046 	 0.4567744493083593 	 0.5388254363165987 	 0.002960677424418716
11.92184368737475 	 0.4281623320561328 	 0.5670311278745568 	 0.003694035847337301
11.939879759519037 	 0.4001474350210402 	 0.5944230828269285 	 0.004576351614322603
11.957915831663327 	 0.3728636594219125 	 0.620857964722213 	 0.00563043912874848
11.975951903807616 	 0.34642728137305334 	 0.6462054907860436 	 0.00688117827460793
11.993987975951903 	 0.3209369356983154 	 0.6703489257277614 	 0.008355469502565103
12.012024048096192 	 0.29647388900252236 	 0.6931852602152133 	 0.01008214937383094
12.030060120240481 	 0.2731025718175525 	 0.7146251137232607 	 0.01209186454615997
12.048096192384769 	 0.25087133501012565 	 0.734592405087214 	 0.014416903004712683
12.066132264529058 	 0.2298133928925823 	 0.7530238355277225 	 0.017090982228063607
12.084168336673347 	 0.20994791444303798 	 0.7698682284485723 	 0.020148994912980677
12.102204408817634 	 0.191281224488587 	 0.7850857682664091 	 0.023626713836201636
12.120240480961924 	 0.17380807837587903 	 0.7986471772463843 	 0.027560458382250838
12.138276553106213 	 0.1575129762789316 	 0.8105328651183228 	 0.03198672618871978
12.1563126252505 	 0.14237148661383922 	 0.8207320814418495 	 0.036941794230658506
12.17434869739479 	 0.12835155180220756 	 0.8292420955535882 	 0.04246129446178479
12.192384769539078 	 0.1154147536353778 	 0.8360674237063268 	 0.04857976983217682
12.210420841683367 	 0.10351751955680623 	 0.8412191179014014 	 0.05533021709273431
12.228456913827655 	 0.09261225515104783 	 0.8447141260837798 	 0.06274362326160512
12.246492985971944 	 0.08264839188830514 	 0.8465747289389328 	 0.07084850295575598
12.264529058116233 	 0.07357334263780098 	 0.8468280545904003 	 0.0796704439741257
12.28256513026052 	 0.06533336057378766 	 0.84550566910387 	 0.08923166855291664
12.30060120240481 	 0.05787429982149962 	 0.842643237887015 	 0.0995506175974408
12.318637274549099 	 0.05114227851355021 	 0.8382802508399572 	 0.11064156493094318
12.336673346693388 	 0.0450842468534865 	 0.8324598024457639 	 0.12251426819454614
12.354709418837675 	 0.03964846432853421 	 0.8252284168652345 	 0.135173662492244
12.372745490981965 	 0.03478489140305316 	 0.8166359074751024 	 0.14861960221238732
12.390781563126254 	 0.030445501889764987 	 0.8067352601154363 	 0.16284665568584547
12.408817635270541 	 0.026584522772706808 	 0.7955825295360702 	 0.17784395647742166
12.42685370741483 	 0.023158608581555423 	 0.7832367390965809 	 0.19359511416866798
12.44488977955912 	 0.020126957528720214 	 0.7697597746211082 	 0.21007818649659024
12.462925851703407 	 0.017451376554711576 	 0.7552162643804021 	 0.22726571368421905
12.480961923847696 	 0.015096302217939148 	 0.7396734384130428 	 0.24512481475646408
12.498997995991985 	 0.013028784043649929 	 0.723200961752298 	 0.26361734459956315
12.517034068136272 	 0.011218436541539674 	 0.7058707375451154 	 0.2827001095155707
12.535070140280562 	 0.009637365637644918 	 0.6877566774896101 	 0.3023251380650311
12.55310621242485 	 0.008260074765082243 	 0.6689344384362765 	 0.3224400031004374
12.571142284569138 	 0.007063355338407106 	 0.6494811253597162 	 0.34298819008798315
12.589178356713427 	 0.006026165813056886 	 0.6294749621808358 	 0.36390950611129835
12.607214428857716 	 0.00512950301689071 	 0.6089949330783114 	 0.3851405233616615
12.625250501002004 	 0.004356268944933538 	 0.588120397950993 	 0.40661505045624285
12.643286573146293 	 0.003691135738504905 	 0.5669306865645077 	 0.4282646245967698
12.661322645290582 	 0.0031204111312428755 	 0.5455046766234793 	 0.4500190173918197
12.67935871743487 	 0.0026319062407095303 	 0.5239203615494156 	 0.47180674711844606
12.697394789579159 	 0.0022148072173173274 	 0.5022544141105156 	 0.49355559029280927
12.715430861723448 	 0.0018595519330734066 	 0.48058175224576294 	 0.515193085650425
12.733466933867735 	 0.0015577126008711989 	 0.45897511345613573 	 0.5366470239987221
12.751503006012024 	 0.0013018849597850172 	 0.4375046440105234 	 0.5578459178869263
12.769539078156313 	 0.0010855844413909061 	 0.4162375089436071 	 0.5787194456297503
12.7875751503006 	 0.000903149544481424 	 0.39523752842235466 	 0.5991988649067176
12.80561122244489 	 0.0007496524882621419 	 0.3745648455430367 	 0.6192173919217254
12.823647294589179 	 0.0006208170846211652 	 0.35427563000932805 	 0.6387105429298702
12.841683366733466 	 0.000512943665666583 	 0.3344218214535951 	 0.6576164358006525
12.859719438877756 	 0.0004228408207200008 	 0.3150509154165267 	 0.6758760501693678
12.877755511022045 	 0.00034776363469112286 	 0.29620579421585497 	 0.6934334456103047
12.895791583166332 	 0.00028535807467181543 	 0.27792460413073383 	 0.7102359381277911
12.913827655310621 	 0.00023361114126984817 	 0.26024067952503116 	 0.7262342360832202
12.93186372745491 	 0.00019080638338674522 	 0.24318251374619862 	 0.7413825374413228
12.949899799599198 	 0.00015548436776251554 	 0.22677377588403358 	 0.7556385909094341
12.967935871743487 	 0.0001264076957743925 	 0.21103337176926892 	 0.7689637241454746
12.985971943887776 	 0.0001025301679989126 	 0.19597554694858704 	 0.7813228427109894
13.004008016032063 	 8.29697104279156e-05 	 0.18161002880034727 	 0.7926844038357215
13.022044088176353 	 6.698469365976053e-05 	 0.1679422044626726 	 0.803020369332384
13.040080160320642 	 5.3953296733928685e-05 	 0.154973330838355 	 0.8123061421508576
13.05811623246493 	 4.3355589574290824e-05 	 0.1427007726228052 	 0.8205204910890301
13.076152304609218 	 3.4758031442373006e-05 	 0.13111826407369012 	 0.8276454680847509
13.094188376753507 	 2.7800106705628286e-05 	 0.12021619010308714 	 0.8336663223050974
13.112224448897795 	 2.2182843052689445e-05 	 0.10998188222238461 	 0.8385714149329617
13.130260521042084 	 1.7658980605898998e-05 	 0.10039992490218362 	 0.8423521381373603
13.148296593186373 	 1.4024582858289473e-05 	 0.09145246801847863 	 0.8450028412153281
13.16633266533066 	 1.1111901750035727e-05 	 0.08311954123461149 	 0.8465207663246862
13.18436873747495 	 8.783329324626582e-06 	 0.0753793664081005 	 0.8469059956043609
13.202404809619239 	 6.9262871553578165e-06 	 0.06820866440315085 	 0.8461614108198452
13.220440881763526 	 5.448922047527891e-06 	 0.061582953023784186 	 0.8442926659940321
13.238476953907817 	 4.276492382193612e-06 	 0.05547683314961332 	 0.8413081728063652
13.256513026052104 	 3.3483438879984505e-06 	 0.04986426054627162 	 0.8372190978844419
13.274549098196392 	 2.615386649102638e-06 	 0.04471880122613509 	 0.8320393704894304
13.292585170340683 	 2.037996839737932e-06 	 0.04001386864308207 	 0.8257856985265053
13.31062124248497 	 1.584277093610211e-06 	 0.035722941409334553 	 0.8184775903091538
13.328657314629258 	 1.2286186528630913e-06 	 0.03181976061522208 	 0.8101373790845852
13.346693386773548 	 9.505165857463085e-07 	 0.02827850620748989 	 0.800790246998005
13.364729458917836 	 7.335965059874849e-07 	 0.02507395223265653 	 0.7904642449443777
13.382765531062123 	 5.648174615376863e-07 	 0.022181601074361658 	 0.7791903046336089
13.400801603206414 	 4.338210751266243e-07 	 0.01957779710399852 	 0.7670022391818825
13.418837675350701 	 3.3240169963720447e-07 	 0.017239820419579548 	 0.7539367286383821
13.436873747494989 	 2.540763787819246e-07 	 0.015145961567186016 	 0.7400332870601022
13.45490981963928 	 1.9373685367836836e-07 	 0.013275578321879426 	 0.7253342080527561
13.472945891783567 	 1.4736879864446773e-07 	 0.011609135750784356 	 0.7098844860946307
13.490981963927856 	 1.1182596886467605e-07 	 0.010128230891183674 	 0.6937317114421471
13.509018036072145 	 8.464905653006692e-08 	 0.008815603452614822 	 0.6769259369689016
13.527054108216433 	 6.392083278327309e-08 	 0.007655133996210412 	 0.6595195158988251
13.545090180360722 	 4.8150646847370574e-08 	 0.00663183105966471 	 0.6415669100441896
13.563126252505011 	 3.618260231783527e-08 	 0.00573180868511627 	 0.6231244688330702
13.581162324649299 	 2.7122770041668648e-08 	 0.004942255773166249 	 0.6042501800916943
13.599198396793588 	 2.0281659038525847e-08 	 0.00425139863253145 	 0.5850033942179177
13.617234468937877 	 1.5128879130540682e-08 	 0.003648458024782148 	 0.565444524025385
13.635270541082164 	 1.125751519637594e-08 	 0.0031236019205820222 	 0.5456347231385863
13.653306613226453 	 8.356213759337622e-09 	 0.002667895090967005 	 0.5256355463614418
13.671342685370742 	 6.18737549899687e-09 	 0.0022732465574938337 	 0.5055085959138056
13.68937875751503 	 4.570167163971519e-09 	 0.0019323558212950098 	 0.4853151578196774
13.707414829659319 	 3.3673258956607604e-09 	 0.0016386586856969073 	 0.4651158330292508
13.725450901803608 	 2.4749387952991096e-09 	 0.0013862733822863468 	 0.44497016805757184
13.743486973947896 	 1.8145496087347942e-09 	 0.0011699476080399979 	 0.4249362900212225
13.761523046092185 	 1.3270801193903185e-09 	 0.000985006982955299 	 0.40507055095039834
13.779559118236474 	 9.681624256691044e-10 	 0.0008273053448077376 	 0.38542718614721816
13.797595190380761 	 7.045648618702925e-10 	 0.0006931772112089203 	 0.3660579911565428
13.81563126252505 	 5.114631261801664e-10 	 0.0005793926597620879 	 0.3470120216188137
13.83366733466934 	 3.703626720609422e-10 	 0.0004831148052688267 	 0.32833531989344444
13.851703406813627 	 2.675214330231291e-10 	 0.0004018599888718549 	 0.3100706718865093
13.869739478957916 	 1.9275579063421494e-10 	 0.0003334607377599865 	 0.2922573969993826
13.887775551102205 	 1.385392302832329e-10 	 0.0002760315054807473 	 0.2749311735484533
13.905811623246493 	 9.932386733637397e-11 	 0.00022793716173004914 	 0.2581239014036937
13.923847695390782 	 7.103118117498876e-11 	 0.00018776416633137897 	 0.24186360297020396
13.94188376753507 	 5.067083820430491e-11 	 0.00015429433450438415 	 0.22617436300583643
13.959919839679358 	 3.605619299656033e-11 	 0.00012648107891953113 	 0.2110763071434252
13.977955911823647 	 2.559254605829997e-11 	 0.00010342799786842489 	 0.19658561838199515
13.995991983967937 	 1.8119995842200017e-11 	 8.436966755133048e-05 	 0.182714590239033
14.014028056112224 	 1.2797137127092738e-11 	 6.865448939888896e-05 	 0.16947171472733585
14.032064128256513 	 9.01523094140592e-12 	 5.572943991657589e-05 	 0.15686180284405274
14.050100200400802 	 6.335040334265329e-12 	 4.512657020627877e-05 	 0.1448861348448442
14.06813627254509 	 4.440476932339727e-12 	 3.645110454782679e-05 	 0.13354263722804335
14.086172344689379 	 3.1046795988085592e-12 	 2.937099172359256e-05 	 0.12282608307727172
14.104208416833668 	 2.1652604367264442e-12 	 2.3607768692444807e-05 	 0.11272831220800124
14.122244488977955 	 1.5062912101273806e-12 	 1.8928603363584317e-05 	 0.10323846743472558
14.140280561122244 	 1.0452314629233103e-12 	 1.5139391231266566e-05 	 0.09434324321966517
14.158316633266534 	 7.234691841270113e-13 	 1.2078789199803312e-05 	 0.08602714297819831
14.176352705410821 	 4.994947726157541e-13 	 9.613078791841969e-06 	 0.07827274139630251
14.19438877755511 	 3.4398898623498286e-13 	 7.631759871859356e-06 	 0.07106094825553087
14.2124248496994 	 2.362980600380948e-13 	 6.043784851276402e-06 	 0.06437127045500161
14.230460921843687 	 1.619113028176208e-13 	 4.774351928182476e-06 	 0.058182069159945074
14.248496993987976 	 1.1066109178548599e-13 	 3.762184142880065e-06 	 0.0524708092846531
14.266533066132265 	 7.544194916029391e-14 	 2.9572288187912164e-06 	 0.047214298825974
14.284569138276552 	 5.1301542813624177e-14 	 2.318719250327373e-06 	 0.04238891589325658
14.302605210420843 	 3.4797412416785155e-14 	 1.813547260295034e-06 	 0.03797082162377011
14.32064128256513 	 2.3543005871219743e-14 	 1.4149014624073627e-06 	 0.03393615752115863
14.338677354709418 	 1.5888202208266405e-14 	 1.101131727359724e-06 	 0.03026122610090789
14.356713426853709 	 1.0695102646643292e-14 	 8.548054733807354e-07 	 0.026922654064513794
14.374749498997996 	 7.181116692900755e-15 	 6.619260029478212e-07 	 0.023897537546845857
14.392785571142284 	 4.809449059824426e-15 	 5.112872120583028e-07 	 0.02116356928408675
14.410821643286575 	 3.2128799230924995e-15 	 3.9394263743261655e-07 	 0.018699147828264064
14.428857715430862 	 2.1408635841942882e-15 	 3.027700137452428e-07 	 0.016483469185423972
14.44689378757515 	 1.4229130288805998e-15 	 2.321153225405578e-07 	 0.014496601475567724
14.46492985971944 	 9.433266752558612e-16 	 1.7750276250036294e-07 	 0.01271954340205136
14.482965931863728 	 6.237920311187304e-16 	 1.3539919237714654e-07 	 0.011134267475555308
14.501002004008015 	 4.114442869768628e-16 	 1.0302342725995769e-07 	 0.009723749063085168
14.519038076152306 	 2.7069194215567884e-16 	 7.819233831994584e-08 	 0.008471982426617694
14.537074148296593 	 1.7763652892337136e-16 	 5.9197046199013546e-08 	 0.007363984980318468
14.55511022044088 	 1.1627369617035373e-16 	 4.470363692693891e-08 	 0.00638579103171588
14.573146292585172 	 7.591411420849053e-17 	 3.367379247881828e-08 	 0.005524436283121287
14.591182364729459 	 4.943733380654239e-17 	 2.530153921209693e-08 	 0.004767934357588174
14.609218436873748 	 3.211283399710269e-17 	 1.8962997473458755e-08 	 0.004105246581643352
14.627254509018037 	 2.080620812184238e-17 	 1.4176583372786126e-08 	 0.0035262462078667948
14.645290581162325 	 1.3446138840740846e-17 	 1.0571585645588242e-08 	 0.003021678197109268
14.663326653306614 	 8.667467863753625e-18 	 7.863431202792718e-09 	 0.0025831156056697682
14.681362725450903 	 5.572839560347058e-18 	 5.834275067913599e-09 	 0.0022029135399157015
14.69939879759519 	 3.573963846564863e-18 	 4.317814899164404e-09 	 0.001874161552272357
14.71743486973948 	 2.286192293665646e-18 	 3.187446631835689e-09 	 0.001590635260677667
14.735470941883769 	 1.4586934212134643e-18 	 2.3470540338851536e-09 	 0.001346747880683456
14.753507014028056 	 9.283326936881743e-19 	 1.7238680186826982e-09 	 0.0011375022673189713
14.771543086172345 	 5.8929304443493e-19 	 1.2629472185038928e-09 	 0.0009584439742719888
14.789579158316634 	 3.731184586837969e-19 	 9.229244846891952e-10 	 0.0008056157522617969
14.807615230460922 	 2.356403252998281e-19 	 6.727387429886539e-10 	 0.0006755138277787844
14.82565130260521 	 1.4843614526014378e-19 	 4.891314092214277e-10 	 0.0005650462284885778
14.8436873747495 	 9.326455435899412e-20 	 3.5473419120485197e-10 	 0.00047149335313689057
14.861723446893787 	 5.844941894040034e-20 	 2.566129033235115e-10 	 0.0003924709221170185
14.879759519038076 	 3.6536768982400927e-20 	 1.8516181826982933e-10 	 0.00032589539014633135
14.897795591182366 	 2.27806538190769e-20 	 1.3326664476016373e-10 	 0.0002699518547326235
14.915831663326653 	 1.416733233187461e-20 	 9.567272712580246e-11 	 0.0002230644531481295
14.933867735470942 	 8.788112018902402e-21 	 6.850954736036999e-11 	 0.00018386920618962941
14.951903807615231 	 5.437364549732929e-21 	 4.8933907588313385e-11 	 0.0001511892387178744
14.969939879759519 	 3.355571122840431e-21 	 3.486295215630195e-11 	 0.0001240122843935911
14.987975951903808 	 2.0655197177689812e-21 	 2.4774990804826354e-11 	 0.00010147036466617633
15.006012024048097 	 1.2681683713915919e-21 	 1.7561335829207002e-11 	 8.282151939936455e-05
15.024048096192384 	 7.766206714003549e-22 	 1.241640672642554e-11 	 6.743345799687627e-05
15.042084168336673 	 4.743787391046781e-22 	 8.756454364865126e-12 	 5.476899498378278e-05
15.060120240480963 	 2.890184178007378e-22 	 6.1596249559658604e-12 	 4.43731321828577e-05
15.07815631262525 	 1.7563442761543765e-22 	 4.321888201309877e-12 	 3.586165040055704e-05
15.09619238476954 	 1.0645778058389776e-22 	 3.024723812522958e-12 	 2.891107643771682e-05
15.114228456913828 	 6.436186171856009e-23 	 2.111497293502304e-12 	 2.32498958348431e-05
15.132264529058116 	 3.881173243897728e-23 	 1.4702379015419055e-12 	 1.8650887661828847e-05
15.150300601202405 	 2.334428159635785e-23 	 1.0211197176842907e-12 	 1.492446451984252e-05
15.168336673346694 	 1.4004927626781138e-23 	 7.073874673063734e-13 	 1.1912908435035723e-05
15.186372745490981 	 8.380383950040613e-24 	 4.887979823806635e-13 	 9.48540122766257e-06
15.20440881763527 	 5.001836382043082e-24 	 3.368933920566891e-13 	 7.533756014961938e-06
15.22244488977956 	 2.97767566719027e-24 	 2.3160414700308336e-13 	 5.968764568371301e-06
15.240480961923847 	 1.768102676433075e-24 	 1.5881467589760994e-13 	 4.717083147314251e-06
15.258517034068136 	 1.047175773203631e-24 	 1.0862383054238522e-13 	 3.718587056745988e-06
15.276553106212425 	 6.18605170140226e-25 	 7.41053389299643e-14 	 2.9241314360098474e-06
15.294589178356713 	 3.6449300878811006e-25 	 5.0427044289218636e-14 	 2.293662619534676e-06
15.312625250501002 	 2.142132866038893e-25 	 3.422684702127311e-14 	 1.7946307739756065e-06
15.330661322645291 	 1.2556974162634584e-25 	 2.3171779010117916e-14 	 1.4006603882721403e-06
15.348697394789578 	 7.341838789006293e-26 	 1.5647346860450805e-14 	 1.090440564388058e-06
15.366733466933868 	 4.2815970341704456e-26 	 1.0539272608675924e-14 	 8.468019310157675e-07
15.384769539078157 	 2.4905066182638834e-26 	 7.0805813422973e-15 	 6.559513935866997e-07
15.402805611222444 	 1.4449420630806344e-26 	 4.744771504740435e-15 	 5.068398621167807e-07
15.420841683366735 	 8.361686036769476e-27 	 3.1713893274605512e-15 	 3.906415895664656e-07
15.438877755511022 	 4.826339145906502e-27 	 2.1143235942372856e-15 	 3.0032683688561334e-07
15.45691382765531 	 2.7785757642062465e-27 	 1.4059852419920296e-15 	 2.3031228822943565e-07
15.4749498997996 	 1.595537258923286e-27 	 9.32561010332032e-16 	 1.7617600340005158e-07
15.492985971943888 	 9.13843511978374e-28 	 6.169652619958501e-16 	 1.3442574678205363e-07
15.511022044088175 	 5.2205561227998195e-28 	 4.0712795162728327e-16 	 1.0231130455705064e-07
15.529058116232466 	 2.9746894901903534e-28 	 2.6797091974302573e-16 	 7.767292513273021e-08
15.547094188376754 	 1.6906212597498134e-28 	 1.7592628994638005e-16 	 5.881932013803035e-08
15.565130260521041 	 9.583644927063874e-29 	 1.152019811336151e-16 	 4.442977166642119e-08
15.583166332665332 	 5.4186948265548e-29 	 7.524455487463749e-17 	 3.347583021486216e-08
15.60120240480962 	 3.0558930423394454e-29 	 4.902029678113054e-17 	 2.5158879284347622e-08
15.619238476953907 	 1.7189410256980596e-29 	 3.1853879375589963e-17 	 1.8860507003813492e-08
15.637274549098198 	 9.644130278271234e-30 	 2.0645912018927e-17 	 1.410318039684761e-08
15.655310621242485 	 5.396899364748923e-30 	 1.3347224746125016e-17 	 1.0519179974287824e-08
15.673346693386774 	 3.012344442038565e-30 	 8.606624417549373e-18 	 7.82613523368197e-09
15.691382765531063 	 1.6770418320267298e-30 	 5.535534047520571e-18 	 5.807817633622382e-09
15.70941883767535 	 9.312408559806076e-31 	 3.551164756051795e-18 	 4.299107321936238e-09
15.72745490981964 	 5.157733629885879e-31 	 2.272304686988104e-18 	 3.1742625014336084e-09
15.745490981963929 	 2.8492756383163038e-31 	 1.4502623857534244e-18 	 2.3377936742641914e-09
15.763527054108216 	 1.5699600264652654e-31 	 9.232317065199035e-19 	 1.7173858120857692e-09
15.781563126252506 	 8.628219953173877e-32 	 5.86217505625294e-19 	 1.2584254279430962e-09
15.799599198396795 	 4.729684962911781e-32 	 3.712706666926051e-19 	 9.197813583082965e-10
15.817635270541082 	 2.585958348138373e-32 	 2.3453416501436413e-19 	 6.705618086048039e-10
15.835671342685371 	 1.410227097852248e-32 	 1.4777639289505141e-19 	 4.876292160977616e-10
15.85370741482966 	 7.670695076428459e-33 	 9.287253940794617e-20 	 3.537015152979899e-10
15.871743486973948 	 4.161581773790837e-33 	 5.821739146079375e-20 	 2.5590574519526867e-10
15.889779559118237 	 2.2519571081157792e-33 	 3.639998274314645e-20 	 1.8467949927724435e-10
15.907815631262526 	 1.2154572360432544e-33 	 2.2700346238866684e-20 	 1.3293903071889673e-10
15.925851703406813 	 6.5433034366010485e-34 	 1.4120384064319673e-20 	 9.545114294247159e-11
15.943887775551103 	 3.513436978185721e-34 	 8.760786981705563e-21 	 6.83603392580274e-11
15.961923847695392 	 1.8816763597336316e-34 	 5.421533880902988e-21 	 4.8833897770026357e-11
15.97995991983968 	 1.0051601626326304e-34 	 3.3464438275073123e-21 	 3.4796241301239786e-11
15.997995991983968 	 5.355538077195902e-35 	 2.0602839347708253e-21 	 2.4730717045406207e-11
16.016032064128257 	 2.846088408044911e-35 	 1.2651809787265783e-21 	 1.7532110003684643e-11
16.034068136272545 	 1.5085892941320887e-35 	 7.749258402374446e-22 	 1.2397224014059014e-11
16.052104208416836 	 7.975739224335194e-36 	 4.7342306741237305e-22 	 8.743940230863485e-12
16.070140280561123 	 4.205794903868611e-36 	 2.8848307881155566e-22 	 6.151514805894276e-12
16.08817635270541 	 2.2120879354591426e-36 	 1.753366913817538e-22 	 4.316669780486944e-12
16.1062124248497 	 1.1604696022588145e-36 	 1.0629349356116564e-22 	 3.0213924834338767e-12
16.12424849699399 	 6.0721455014117655e-37 	 6.42720048097034e-23 	 2.1093892861521275e-12
16.142284569138276 	 3.1690385660826287e-37 	 3.8763071811421754e-23 	 1.4689172013534579e-12
16.160320641282567 	 1.6496422435985118e-37 	 2.331822999918039e-23 	 1.0203016931760194e-12
16.178356713426854 	 8.565029074186759e-38 	 1.3991166344407934e-23 	 7.068875526696679e-13
16.196392785571142 	 4.4355213999212987e-38 	 8.373231301383241e-24 	 4.884973689364128e-13
16.214428857715433 	 2.2910639964176953e-38 	 4.998192463975999e-24 	 3.3671621223338166e-13
16.23246492985972 	 1.1803380467405263e-38 	 2.975866688772408e-24 	 2.3150238566464615e-13
16.250501002004007 	 6.065298468865266e-39 	 1.7672356776341088e-24 	 1.5875825093098155e-13
16.2685370741483 	 3.1086689434624685e-39 	 1.0467810821185412e-24 	 1.0859411298134337e-13
16.286573146292586 	 1.5891805504199636e-39 	 6.184399715586702e-25 	 7.40909487956451e-14
16.304609218436873 	 8.103048169533582e-40 	 3.644344520617832e-25 	 5.042114312527562e-14
16.322645290581164 	 4.120974783412055e-40 	 2.1420094828013385e-25 	 3.422540849070799e-14
16.34068136272545 	 2.0903922929793613e-40 	 1.2557504413920108e-25 	 2.3172494241233324e-14
16.35871743486974 	 1.057625423484607e-40 	 7.342858838778862e-26 	 1.5648938656709617e-14
16.37675350701403 	 5.337183847131105e-41 	 4.2825930878142487e-26 	 1.0541070858441883e-14
16.394789579158317 	 2.6863870547073597e-41 	 2.491312122758259e-26 	 7.082263768996857e-15
16.412825651302605 	 1.3486557216068082e-41 	 1.445536539641614e-26 	 4.746207997903332e-15
16.430861723446895 	 6.753200616717164e-42 	 8.365839287139984e-27 	 3.172550394609107e-15
16.448897795591183 	 3.3728279830517305e-42 	 4.8291353690678066e-27 	 2.115227953965992e-15
16.46693386773547 	 1.6801755954134002e-42 	 2.7804082663939547e-27 	 1.4066709099000822e-15
16.48496993987976 	 8.348165344180585e-43 	 1.5967135206322604e-27 	 9.330701922813973e-16
16.50300601202405 	 4.137168921633344e-43 	 9.145860807223547e-28 	 6.173371440448878e-16
16.521042084168336 	 2.044990331328866e-43 	 5.2251797941455696e-28 	 4.073958405881388e-16
16.539078156312627 	 1.0082193106180985e-43 	 2.9775349756567028e-28 	 2.681616516507104e-16
16.557114228456914 	 4.957862341152493e-44 	 1.6923547405065653e-28 	 1.760607164621493e-16
16.5751503006012 	 2.4316976301411583e-44 	 9.594111203178209e-29 	 1.1529587924684994e-16
16.593186372745492 	 1.189598172906161e-44 	 5.42496358375203e-29 	 7.5309619467878e-17
16.61122244488978 	 5.804523453551886e-45 	 3.0596204827133635e-29 	 4.9065054959811634e-17
16.629258517034067 	 2.824934438189174e-45 	 1.7211426474837518e-29 	 3.1884463967534284e-17
16.647294589178358 	 1.3712784569375722e-45 	 9.657054177559486e-30 	 2.0666682744553418e-17
16.665330661322646 	 6.639239996738634e-46 	 5.404442347330193e-30 	 1.3361249627406466e-17
16.683366733466933 	 3.2061694734701787e-46 	 3.0167231159655706e-30 	 8.616043238533172e-18
16.701402805611224 	 1.5442938150750407e-46 	 1.6795706670894035e-30 	 5.541827256589245e-18
16.71943887775551 	 7.419056842060177e-47 	 9.326942613982964e-31 	 3.555349183311521e-18
16.7374749498998 	 3.5550256064622967e-47 	 5.1660481328485885e-31 	 2.2750740699297454e-18
16.75551102204409 	 1.6990728338933777e-47 	 2.8540109816469055e-31 	 1.452087102887998e-18
16.773547094188377 	 8.099467130488589e-48 	 1.5726453978263364e-31 	 9.244288485474275e-19
16.791583166332664 	 3.851022424526599e-48 	 8.643385506465073e-32 	 5.869996676483114e-19
16.809619238476955 	 1.8262942763950828e-48 	 4.738215358065213e-32 	 3.7177965130783634e-19
16.827655310621243 	 8.63854381774284e-49 	 2.590737894804292e-32 	 2.3486409299969366e-19
16.84569138276553 	 4.075541849315471e-49 	 1.4128949099497167e-32 	 1.4798944436561425e-19
16.86372745490982 	 1.917808195481631e-49 	 7.68553099421951e-33 	 9.300960879714611e-20
16.881763527054108 	 9.001190291045915e-50 	 4.1698023054948944e-33 	 5.830525782238282e-20
16.899799599198396 	 4.213758475866338e-50 	 2.2564959376695135e-33 	 3.6456108628167794e-20
16.917835671342687 	 1.967497649477796e-50 	 1.2179545630932658e-33 	 2.27360728040761e-20
16.935871743486974 	 0.0 	 6.556997141692335e-34 	 1.4143047891720912e-20
16.95390781563126 	 0.0 	 3.5209204748806165e-34 	 8.775115893948948e-21
16.971943887775552 	 0.0 	 1.8857524911051517e-34 	 5.430563160962696e-21
16.98997995991984 	 0.0 	 1.0073731139409392e-34 	 3.3521150024264534e-21
17.008016032064127 	 0.0 	 5.367513588000219e-35 	 2.06383445017843e-21
17.026052104208418 	 0.0 	 2.8525483954030913e-35 	 1.2673967510459902e-21
17.044088176352705 	 0.0 	 1.5120630581695574e-35 	 7.763042864715002e-22
17.062124248496993 	 0.0 	 7.99436071212738e-36 	 4.742779370442723e-22
17.080160320641284 	 0.0 	 4.2157463720318705e-36 	 2.8901160755924914e-22
17.09819639278557 	 0.0 	 2.217389828724359e-36 	 1.7566245931281267e-22
17.11623246492986 	 0.0 	 1.1632857619313843e-36 	 1.0649367807072515e-22
17.13426853707415 	 0.0 	 6.087058901267408e-37 	 6.439464862521272e-23
17.152304609218437 	 0.0 	 3.1769126316087386e-37 	 3.8837985946312836e-23
17.170340681362724 	 0.0 	 1.6537873298381314e-37 	 2.3363854069220408e-23
17.188376753507015 	 0.0 	 8.586785567225359e-38 	 1.4018870506319528e-23
17.206412825651302 	 0.0 	 4.4469074480649467e-38 	 8.390004843032665e-24
17.22444889779559 	 0.0 	 2.297005460130732e-38 	 5.008318531018009e-24
17.24248496993988 	 0.0 	 1.183429461112966e-38 	 2.98196205955855e-24
17.260521042084168 	 0.0 	 6.081337233841256e-39 	 1.7708942306706414e-24
17.278557114228455 	 0.0 	 3.116966318833585e-39 	 1.048970731915665e-24
17.296593186372746 	 0.0 	 1.5934608333071658e-39 	 6.197467496861834e-25
17.314629258517034 	 0.0 	 8.125065851204853e-40 	 3.652121239557867e-25
17.33266533066132 	 0.0 	 4.1322686648141246e-40 	 2.1466243949738575e-25
17.350701402805612 	 0.0 	 2.0961691579268417e-40 	 1.2584813540318317e-25
17.3687374749499 	 0.0 	 1.0605720366470455e-40 	 7.358973978194754e-26
17.386773547094187 	 0.0 	 5.35217172874566e-41 	 4.292076104649687e-26
17.404809619238478 	 0.0 	 2.6939894012736485e-41 	 2.4968769185608752e-26
17.42284569138277 	 0.0 	 1.3525011894962365e-41 	 1.4487930018100194e-26
17.440881763527052 	 0.0 	 6.772598237103102e-42 	 8.384843091961812e-27
17.458917835671343 	 0.0 	 3.3825857151991466e-42 	 4.8401948879653485e-27
17.476953907815634 	 0.0 	 1.6850706072242386e-42 	 2.7868268071662654e-27
17.494989979959918 	 0.0 	 8.37265406406384e-43 	 1.6004283925353903e-27
17.51302605210421 	 0.0 	 4.149386603776482e-43 	 9.167302633013988e-28
17.5310621242485 	 0.0 	 2.0510692274242288e-43 	 5.237522001137411e-28
17.549098196392784 	 0.0 	 1.0112356235413492e-43 	 2.984619972302743e-28
17.567134268537075 	 0.0 	 4.97278844056494e-44 	 1.6964108037443075e-28
17.585170340681366 	 0.0 	 2.439063717806438e-44 	 9.61726863476611e-29
17.60320641282565 	 0.0 	 1.193223525857959e-44 	 5.438149153674173e-29
17.62124248496994 	 0.0 	 5.822318072438804e-45 	 3.067107906156821e-29
17.63927855711423 	 0.0 	 2.8336451590262714e-45 	 1.7253829113128373e-29
17.657314629258515 	 0.0 	 1.3755309971735837e-45 	 9.681002896270381e-30
17.675350701402806 	 0.0 	 6.6599449153561916e-46 	 5.417932051827375e-30
17.693386773547097 	 0.0 	 3.2162232939366555e-46 	 3.0243011243299224e-30
17.71142284569138 	 0.0 	 1.5491626256925727e-46 	 1.6838162944457585e-30
17.72945891783567 	 0.0 	 7.442572134004101e-47 	 9.350665329049003e-31
17.747494989979963 	 0.0 	 3.566352611852328e-47 	 5.1792679102567895e-31
17.765531062124246 	 0.0 	 1.7045143323582945e-47 	 2.861358193384407e-31
17.783567134268537 	 0.0 	 8.125538386302072e-48 	 1.5767178969287382e-31
17.80160320641283 	 0.0 	 3.8634803786794325e-48 	 8.665898889919558e-32
17.819639278557112 	 0.0 	 1.832231372563048e-48 	 4.750627968076265e-32
17.837675350701403 	 0.0 	 8.666763050405135e-49 	 2.5975633120810433e-32
17.855711422845694 	 0.0 	 4.088918925706395e-49 	 1.4166380854381603e-32
17.873747494989978 	 0.0 	 1.924132651571848e-49 	 7.706004731726603e-33
17.89178356713427 	 0.0 	 9.031011974219372e-50 	 4.180970965330305e-33
17.90981963927856 	 0.0 	 4.2277830311786154e-50 	 2.2625724302087772e-33
17.927855711422843 	 0.0 	 1.9740756660327366e-50 	 1.2212518275742682e-33
17.945891783567134 	 0.0 	 0.0 	 6.574841642561978e-34
17.963927855711425 	 0.0 	 0.0 	 3.530552235624565e-34
17.981963927855713 	 0.0 	 0.0 	 1.8909376067290105e-34
18.0 	 0.0 	 0.0 	 1.010157076968421e-34
