9.0 	 0.0 	 0.0 	 0.0
9.01803607214429 	 0.0 	 0.0 	 0.0
9.036072144288577 	 0.0 	 0.0 	 0.0
9.054108216432866 	 0.0 	 0.0 	 0.0
9.072144288577155 	 0.0 	 0.0 	 0.0
9.090180360721442 	 0.0 	 0.0 	 0.0
9.108216432865731 	 0.0 	 0.0 	 0.0
9.12625250501002 	 0.0 	 0.0 	 0.0
9.144288577154308 	 0.0 	 0.0 	 0.0
9.162324649298597 	 0.0 	 0.0 	 0.0
9.180360721442886 	 0.0 	 0.0 	 0.0
9.198396793587174 	 0.0 	 0.0 	 0.0
9.216432865731463 	 0.0 	 0.0 	 0.0
9.234468937875752 	 0.0 	 0.0 	 0.0
9.252505010020041 	 0.0 	 0.0 	 0.0
9.270541082164328 	 0.0 	 0.0 	 0.0
9.288577154308618 	 0.0 	 0.0 	 0.0
9.306613226452907 	 0.0 	 0.0 	 0.0
9.324649298597194 	 0.0 	 0.0 	 0.0
9.342685370741483 	 0.0 	 0.0 	 0.0
9.360721442885772 	 0.0 	 0.0 	 0.0
9.37875751503006 	 0.0 	 0.0 	 0.0
9.396793587174349 	 0.0 	 0.0 	 0.0
9.414829659318638 	 0.0 	 0.0 	 0.0
9.432865731462925 	 0.0 	 0.0 	 0.0
9.450901803607215 	 0.0 	 0.0 	 0.0
9.468937875751504 	 0.0 	 0.0 	 0.0
9.486973947895791 	 0.0 	 0.0 	 0.0
9.50501002004008 	 0.0 	 0.0 	 0.0
9.52304609218437 	 0.0 	 0.0 	 0.0
9.541082164328657 	 0.0 	 0.0 	 0.0
9.559118236472946 	 0.0 	 0.0 	 0.0
9.577154308617235 	 0.0 	 0.0 	 0.0
9.595190380761522 	 0.0 	 0.0 	 0.0
9.613226452905812 	 0.0 	 0.0 	 0.0
9.6312625250501 	 0.0 	 0.0 	 0.0
9.649298597194388 	 0.0 	 0.0 	 0.0
9.667334669338677 	 0.0 	 0.0 	 0.0
9.685370741482966 	 0.0 	 0.0 	 0.0
9.703406813627254 	 0.0 	 0.0 	 0.0
9.721442885771543 	 0.0 	 0.0 	 0.0
9.739478957915832 	 0.0 	 0.0 	 0.0
9.75751503006012 	 0.0 	 0.0 	 0.0
9.775551102204409 	 0.0 	 0.0 	 0.0
9.793587174348698 	 0.0 	 0.0 	 0.0
9.811623246492985 	 0.0 	 0.0 	 0.0
9.829659318637274 	 0.0 	 0.0 	 0.0
9.847695390781563 	 0.0 	 0.0 	 0.0
9.86573146292585 	 0.0 	 0.0 	 0.0
9.88376753507014 	 0.0 	 0.0 	 0.0
9.901803607214429 	 0.0 	 0.0 	 0.0
9.919839679358718 	 0.0 	 0.0 	 0.0
9.937875751503006 	 0.0 	 0.0 	 0.0
9.955911823647295 	 0.0 	 0.0 	 0.0
9.973947895791584 	 0.0 	 0.0 	 0.0
9.991983967935871 	 0.0 	 0.0 	 0.0
10.01002004008016 	 0.0 	 0.0 	 0.0
10.02805611222445 	 0.0 	 0.0 	 0.0
10.046092184368737 	 0.0 	 0.0 	 0.0
10.064128256513026 	 0.0 	 0.0 	 0.0
10.082164328657315 	 0.0 	 0.0 	 0.0
10.100200400801603 	 0.0 	 0.0 	 0.0
10.118236472945892 	 0.0 	 0.0 	 0.0
10.136272545090181 	 0.0 	 0.0 	 0.0
10.154308617234468 	 0.0 	 0.0 	 0.0
10.172344689378757 	 0.0 	 0.0 	 0.0
10.190380761523047 	 0.0 	 0.0 	 0.0
10.208416833667334 	 0.0 	 0.0 	 0.0
10.226452905811623 	 0.0 	 0.0 	 0.0
10.244488977955912 	 0.0 	 0.0 	 0.0
10.262525050100201 	 0.0 	 0.0 	 0.0
10.280561122244489 	 0.0 	 0.0 	 0.0
10.298597194388778 	 0.0 	 0.0 	 0.0
10.316633266533067 	 0.0 	 0.0 	 0.0
10.334669338677354 	 0.0 	 0.0 	 0.0
10.352705410821644 	 0.0 	 0.0 	 0.0
10.370741482965933 	 0.0 	 0.0 	 0.0
10.38877755511022 	 0.0 	 0.0 	 0.0
10.40681362725451 	 0.0 	 0.0 	 0.0
10.424849699398798 	 0.0 	 0.0 	 0.0
10.442885771543086 	 0.0 	 0.0 	 0.0
10.460921843687375 	 0.0 	 0.0 	 0.0
10.478957915831664 	 0.0 	 0.0 	 0.0
10.496993987975952 	 0.0 	 0.0 	 0.0
10.51503006012024 	 0.0 	 0.0 	 0.0
10.53306613226453 	 0.0 	 0.0 	 0.0
10.551102204408817 	 0.0 	 0.0 	 0.0
10.569138276553106 	 0.0 	 0.0 	 0.0
10.587174348697395 	 0.0 	 0.0 	 0.0
10.605210420841683 	 0.0 	 0.0 	 0.0
10.623246492985972 	 0.0 	 0.0 	 0.0
10.641282565130261 	 0.0 	 0.0 	 0.0
10.659318637274549 	 0.0 	 0.0 	 0.0
10.677354709418838 	 0.0 	 0.0 	 0.0
10.695390781563127 	 0.0 	 0.0 	 0.0
10.713426853707414 	 0.0 	 0.0 	 0.0
10.731462925851703 	 0.0 	 0.0 	 0.0
10.749498997995993 	 0.0 	 0.0 	 0.0
10.76753507014028 	 0.0 	 0.0 	 0.0
10.785571142284569 	 0.0 	 0.0 	 0.0
10.803607214428858 	 0.0 	 0.0 	 0.0
10.821643286573146 	 0.0 	 0.0 	 0.0
10.839679358717435 	 0.0 	 0.0 	 0.0
10.857715430861724 	 0.0 	 0.0 	 0.0
10.875751503006011 	 0.0 	 0.0 	 0.0
10.8937875751503 	 0.0 	 0.0 	 0.0
10.91182364729459 	 0.0 	 0.0 	 0.0
10.929859719438877 	 0.0 	 0.0 	 0.0
10.947895791583166 	 0.0 	 0.0 	 0.0
10.965931863727455 	 0.0 	 0.0 	 0.0
10.983967935871743 	 0.0 	 0.0 	 0.0
11.002004008016032 	 3.2321752889529225e-42 	 0.0 	 0.0
11.02004008016032 	 4.439533345379703e-35 	 0.0 	 0.0
11.038076152304608 	 2.5383904350183717e-29 	 0.0 	 0.0
11.056112224448897 	 1.154991447165795e-24 	 0.0 	 0.0
11.074148296593187 	 6.972003692369566e-21 	 0.0 	 0.0
11.092184368737474 	 8.357378613457821e-18 	 0.0 	 0.0
11.110220440881763 	 2.7372010920074745e-15 	 0.0 	 0.0
11.128256513026052 	 3.155672239928066e-13 	 0.0 	 0.0
11.146292585170341 	 1.5670391106998018e-11 	 0.0 	 0.0
11.164328657314629 	 3.9383736494599933e-10 	 0.0 	 0.0
11.182364729458918 	 5.7005611631185385e-09 	 0.0 	 0.0
11.200400801603207 	 5.27139574758384e-08 	 0.0 	 0.0
11.218436873747494 	 3.385006724544714e-07 	 0.0 	 0.0
11.236472945891784 	 1.614310357636378e-06 	 0.0 	 0.0
11.254509018036073 	 6.035776439857739e-06 	 0.0 	 0.0
11.272545090180362 	 1.848423304792423e-05 	 0.0 	 0.0
11.29058116232465 	 4.803617570551016e-05 	 0.0 	 0.0
11.308617234468938 	 0.00010901797161485791 	 0.0 	 0.0
11.326653306613228 	 0.00022116338782707744 	 0.0 	 0.0
11.344689378757515 	 0.0004087451522118662 	 0.0 	 0.0
11.362725450901804 	 0.0006989355493014635 	 0.0 	 0.0
11.380761523046093 	 0.0011198584365689087 	 0.0 	 0.0
11.39879759519038 	 0.0016987817961187023 	 0.0 	 0.0
11.41683366733467 	 0.0024607465746363036 	 0.0 	 0.0
11.434869739478959 	 0.0034277425847017346 	 2.3938809713183693e-47 	 0.0
11.452905811623246 	 0.004618398055237704 	 5.93150907593604e-41 	 0.0
11.470941883767535 	 0.006048069957132207 	 1.4642439760480846e-35 	 0.0
11.488977955911825 	 0.007729199049171056 	 5.310234668396001e-31 	 0.0
11.507014028056112 	 0.009671806108198613 	 3.8958247046555106e-27 	 0.0
11.525050100200401 	 0.011884034446122241 	 7.525743908247379e-24 	 0.0
11.54308617234469 	 0.01437267515377336 	 4.7575374290462505e-21 	 0.0
11.561122244488978 	 0.01714363847915736 	 1.1778942981019117e-18 	 0.0
11.579158316633267 	 0.0202023548568855 	 1.3253408051653063e-16 	 0.0
11.597194388777556 	 0.02355410247958371 	 7.668334458890005e-15 	 0.0
11.615230460921843 	 0.027204266204079557 	 2.528806496430075e-13 	 0.0
11.633266533066132 	 0.031158536536905646 	 5.179584554017826e-12 	 0.0
11.651302605210422 	 0.035423058775176465 	 7.08093425938053e-11 	 0.0
11.669338677354709 	 0.04000454195517396 	 6.863250465251124e-10 	 0.0
11.687374749498998 	 0.04491033509916386 	 4.962146044289134e-09 	 0.0
11.705410821643287 	 0.05014847310040123 	 2.793152241202191e-08 	 0.0
11.723446893787575 	 0.05572768457973042 	 1.2690914093232003e-07 	 0.0
11.741482965931864 	 0.061657339747539536 	 4.798766973686801e-07 	 0.0
11.759519038076153 	 0.06794730438803652 	 1.549674441258999e-06 	 0.0
11.77755511022044 	 0.07460766818317936 	 4.36875461602252e-06 	 0.0
11.79559118236473 	 0.08164833987045717 	 1.0954230814142959e-05 	 0.0
11.813627254509019 	 0.08907854370186155 	 2.4820396923761796e-05 	 0.0
11.831663326653306 	 0.09690629399906946 	 5.1513107725296395e-05 	 0.0
11.849699398797595 	 0.10513794724328462 	 9.906742478498683e-05 	 0.0
11.867735470941884 	 0.11377792347134884 	 0.0001782973398906972 	 0.0
11.885771543086172 	 0.12282865449515175 	 0.0003028604526002398 	 0.0
11.90380761523046 	 0.1322907695997073 	 0.0004890872020893343 	 0.0
11.92184368737475 	 0.1421634858106233 	 0.0007556077198809356 	 0.0
11.939879759519037 	 0.1524451406008421 	 0.001122838522540325 	 0.0
11.957915831663327 	 0.16313379374389952 	 0.00161240237987966 	 0.0
11.975951903807616 	 0.17422782955034094 	 0.0022465501350400403 	 0.0
11.993987975951903 	 0.18572650540852256 	 0.0030476385503120924 	 0.0
12.012024048096192 	 0.1976304114275924 	 0.004037699366644613 	 0.0
12.030060120240481 	 0.2099418243565919 	 0.005238116385281908 	 0.0
12.048096192384769 	 0.22266495400216033 	 0.006669412332375506 	 0.0
12.066132264529058 	 0.2358060909676179 	 0.008351136670818108 	 3.4604223679950207e-46
12.084168336673347 	 0.24937367077624298 	 0.010301839289130305 	 7.696586923677237e-42
12.102204408817634 	 0.2633782720772891 	 0.01253911236833253 	 5.751077733093504e-38
12.120240480961924 	 0.27783256666023837 	 0.01507968270820485 	 1.64407229568205e-34
12.138276553106213 	 0.2927512373824132 	 0.01793953842255354 	 2.014144706666749e-31
12.1563126252505 	 0.3081508776363009 	 0.021134076399764595 	 1.1676381554138978e-28
12.17434869739479 	 0.324049883220472 	 0.024678259695284862 	 3.4930651960570723e-26
12.192384769539078 	 0.34046834480531624 	 0.02858677670299618 	 5.817139684118724e-24
12.210420841683367 	 0.3574279468134194 	 0.032874196331395954 	 5.763004195353299e-22
12.228456913827655 	 0.37495187655780693 	 0.03755511539441437 	 3.6000225074530155e-20
12.246492985971944 	 0.39306474591565205 	 0.04264429599934997 	 1.4923667557782943e-18
12.264529058116233 	 0.4117925266311372 	 0.048156791905181164 	 4.294185218619726e-17
12.28256513026052 	 0.4311624994869122 	 0.05410806368547363 	 8.923109067650691e-16
12.30060120240481 	 0.45120321699926774 	 0.060514083120852116 	 1.3866092601977946e-14
12.318637274549099 	 0.4719444789196928 	 0.06739142762471953 	 1.661894861047422e-13
12.336673346693388 	 0.49341731961306073 	 0.07475736572407789 	 1.5788250459429596e-12
12.354709418837675 	 0.5156540062864052 	 0.0826299347161165 	 1.2180572530171656e-11
12.372745490981965 	 0.5386880470273593 	 0.0910280116260154 	 7.797322467779175e-11
12.390781563126254 	 0.562554207650195 	 0.09997137849657911 	 4.221533892476543e-10
12.408817635270541 	 0.5872885364199936 	 0.10948078278226242 	 1.9662160428042275e-09
12.42685370741483 	 0.6129283958164405 	 0.11957799304376308 	 7.998559903513555e-09
12.44488977955912 	 0.6395125005978941 	 0.1302858489964364 	 2.880605368825986e-08
12.462925851703407 	 0.6670809615265918 	 0.14162830299739051 	 9.295857010121461e-08
12.480961923847696 	 0.6956753342122526 	 0.15363044718743005 	 2.717149773109459e-07
12.498997995991985 	 0.7253386726215119 	 0.16631851708845466 	 7.263509980970101e-07
12.517034068136272 	 0.7561155868829271 	 0.17971985940867083 	 1.7911819098875084e-06
12.535070140280562 	 0.7880523050911892 	 0.19386285045965065 	 4.106334243102481e-06
12.55310621242485 	 0.8211967388796633 	 0.2087767532421053 	 8.81260919541328e-06
12.571142284569138 	 0.8555985525880468 	 0.22449150659329792 	 1.7815394001367923e-05
12.589178356713427 	 0.8913092359021456 	 0.24103744843594568 	 3.4115887711499653e-05
12.607214428857716 	 0.9283821798862637 	 0.25844498565528035 	 6.219738489938355e-05
12.625250501002004 	 0.9668727563667044 	 0.2767442332785549 	 0.00010844418341786754
12.643286573146293 	 1.006838400657292 	 0.2959646532074893 	 0.00018156308144676837
12.661322645290582 	 1.048338697646164 	 0.31613472612454435 	 0.0002929740389134513
12.67935871743487 	 1.0914354712875345 	 0.33728168872645703 	 0.00045713802999430766
12.697394789579159 	 1.1361928775634529 	 0.35943136256648694 	 0.0006917959731664591
12.715430861723448 	 1.1826775009990211 	 0.38260809176776367 	 0.0010181016348982423
12.733466933867735 	 1.2309584548312336 	 0.4068347963799423 	 0.0014606418867438551
12.751503006012024 	 1.2811074849459103 	 0.43213313786060625 	 0.0020473479816032255
12.769539078156313 	 1.3331990777103995 	 0.45852378441716446 	 0.0028093102580282726
12.7875751503006 	 1.3873105718416903 	 0.48602675759061503 	 0.0037805150347283217
12.80561122244489 	 1.443522274460455 	 0.5146618378224719 	 0.0049975260976951276
12.823647294589179 	 1.5019175814918193 	 0.5444490057007206 	 0.006499134229290559
12.841683366733466 	 1.5625831025832906 	 0.5754088967035741 	 0.008325997108030026
12.859719438877756 	 1.625608790719765 	 0.6075632499663567 	 0.01052028920474498
12.877755511022045 	 1.6910880767241045 	 0.6409353352682416 	 0.013125377633071133
12.895791583166332 	 1.7591180088412803 	 0.6755503465131495 	 0.016185535839834248
12.913827655310621 	 1.8297993976122333 	 0.7114357540114609 	 0.019745702993381554
12.93186372745491 	 1.903236966252816 	 0.7486216115380163 	 0.02385129326523667
12.949899799599198 	 1.9795395067619166 	 0.7871408172516482 	 0.028548056096896514
12.967935871743487 	 2.0588200419920164 	 0.8270293300251049 	 0.0338819860868333
12.985971943887776 	 2.1411959939243346 	 0.8683263445453437 	 0.03989927932870093
13.004008016032063 	 2.226789358400608 	 0.9110744297531949 	 0.04664633183055271
13.022044088176353 	 2.315726886573029 	 0.955319635880654 	 0.05416977496356686
13.040080160320642 	 2.408140273343823 	 1.0011115756113786 	 0.06251654262973555
13.05811623246493 	 2.504166353076576 	 1.0485034848346961 	 0.07173396490224639
13.076152304609218 	 2.603947302872047 	 1.097552268176692 	 0.08186988318804908
13.094188376753507 	 2.7076308537122418 	 1.1483185340537378 	 0.09297278240990586
13.112224448897795 	 2.81537050978832 	 1.200866623469144 	 0.10509193623981176
13.130260521042084 	 2.927325776339927 	 1.2552646362134956 	 0.11827756198634136
13.148296593186373 	 3.043662396345606 	 1.3115844575706372 	 0.13258098230737572
13.16633266533066 	 3.1645525964175634 	 1.3699017881014488 	 0.1480547914611498
13.18436873747495 	 3.2901753422672906 	 1.4302961785919956 	 0.16475302430554567
13.202404809619239 	 3.420716604122261 	 1.4928510718210881 	 0.18273132669886608
13.220440881763526 	 3.5563696324892393 	 1.557653852429176 	 0.20204712634149485
13.238476953907817 	 3.6973352446742647 	 1.624795905854153 	 0.22275980342660806
13.256513026052104 	 3.843822122485514 	 1.6943726870386455 	 0.24493086074260237
13.274549098196392 	 3.9960471215618587 	 1.766483799402321 	 0.2686240930934007
13.292585170340683 	 4.1542355927865655 	 1.841233084406243 	 0.2939057560766
13.31062124248497 	 4.318621716263558 	 1.9187287219090157 	 0.32084473437500094
13.328657314629258 	 4.489448848352742 	 1.9990833414208158 	 0.34951270973974047
13.346693386773548 	 4.666969882279071 	 2.0824141442948516 	 0.3799843286809419
13.364729458917836 	 4.851447622850764 	 2.1688430368532683 	 0.4123373693471492
13.382765531062123 	 5.043155175843139 	 2.2584967744205207 	 0.4466529058548246
13.400801603206414 	 5.242376352625152 	 2.3515071162276486 	 0.4830154660145382
13.418837675350701 	 5.4494060906290835 	 2.4480109911539403 	 0.5215131746167155
13.436873747494989 	 5.664550890287357 	 2.5481506742843645 	 0.5622378690903641
13.45490981963928 	 5.888129269083864 	 2.6520739742792774 	 0.6052851679034048
13.472945891783567 	 6.120472233392909 	 2.7599344315769003 	 0.6507544657579905
13.490981963927856 	 6.361923768806297 	 2.871891527476767 	 0.6987488253486887
13.509018036072145 	 6.612841349673814 	 2.988110904180922 	 0.7493747353518543
13.527054108216433 	 6.873596468613773 	 3.1087645959023162 	 0.8027417101432875
13.545090180360722 	 7.14457518677756 	 3.2340312711809927 	 0.8589617191226638
13.563126252505011 	 7.426178705683622 	 3.364096486581538 	 0.9181484515383136
13.581162324649299 	 7.718823961468835 	 3.4991529519781825 	 0.9804164439116375
13.599198396793588 	 8.022944242437138 	 3.639400807665752 	 1.0458801180949235
13.617234468937877 	 8.33898983082083 	 3.7850479135671256 	 1.1146527949974052
13.635270541082164 	 8.667428669705034 	 3.9363101508391667 	 1.1868457590745487
13.653306613226453 	 9.008747056103775 	 4.093411736210384 	 1.2625674500949406
13.671342685370742 	 9.363450361213943 	 4.2565855494139715 	 1.3419228513539188
13.68937875751503 	 9.732063778914565 	 4.426073474110371 	 1.4250131287318808
13.707414829659319 	 10.115133103620174 	 4.602126752723253 	 1.511935555176053
13.725450901803608 	 10.513225538639656 	 4.7850063556419125 	 1.6027837331745929
13.743486973947896 	 10.926930536239555 	 4.974983365273712 	 1.6976481063738265
13.761523046092185 	 11.356860670654795 	 5.172339375458056 	 1.796616732941471
13.779559118236474 	 11.80365254534034 	 5.3773669067835925 	 1.8997762791369597
13.797595190380761 	 12.267967735808103 	 5.590369838379812 	 2.0072131825352892
13.81563126252505 	 12.750493769444965 	 5.811663856783334 	 2.119014930456658
13.83366733466934 	 13.251945143763272 	 6.041576922509541 	 2.235271399815464
13.851703406813627 	 13.77306438459244 	 6.28044975499074 	 2.3560762088994407
13.869739478957916 	 14.31462314577866 	 6.528636336572555 	 2.4815280384482237
13.887775551102205 	 14.87742335202086 	 6.786504436291683 	 2.61173188775308
13.905811623246493 	 15.46229838653684 	 7.0544361541911655 	 2.74680024039948
13.923847695390782 	 16.070114325318134 	 7.332828486961539 	 2.88685412295832
13.94188376753507 	 16.70177121980027 	 7.622093915729565 	 3.0320240478509595
13.959919839679358 	 17.358204429850602 	 7.922661016852887 	 3.1824508384202805
13.977955911823647 	 18.04038600904588 	 8.234975096612802 	 3.338286339760938
13.995991983967937 	 18.749326144292333 	 8.559498850735302 	 3.499694023070245
14.014028056112224 	 19.486074651919804 	 8.896713049708424 	 3.666849494245215
14.032064128256513 	 20.2517225324666 	 9.247117250903658 	 3.839940919310682
14.050100200400802 	 21.047403586455914 	 9.611230538548664 	 4.019169380188731
14.06813627254509 	 21.874296093559018 	 9.989592292642726 	 4.2047491744989465
14.086172344689379 	 22.73362455763155 	 10.382762987948588 	 4.396908072687581
14.104208416833668 	 23.626661520205285 	 10.791325024238953 	 4.595887544987707
14.122244488977955 	 24.55472944512412 	 11.215883589025049 	 4.8019429696532
14.140280561122244 	 25.519202677114066 	 11.657067554041364 	 5.015343832699971
14.158316633266534 	 26.521509477187582 	 12.11553040681147 	 5.236373928122958
14.176352705410821 	 27.56313413789716 	 12.591951218672824 	 5.465331566304702
14.19438877755511 	 28.64561918157135 	 13.087035650692417 	 5.702529797140046
14.2124248496994 	 29.77056764478785 	 13.601516998961095 	 5.948296653303667
14.230460921843687 	 30.939645452467254 	 14.136157280813752 	 6.202975418103224
14.248496993987976 	 32.1545838851051 	 14.691748363583331 	 6.466924921498432
14.266533066132265 	 33.41718214279282 	 15.269113137558518 	 6.7405198671262285
14.284569138276552 	 34.729310009828026 	 15.869106734882198 	 7.024151192552395
14.302605210420843 	 36.09291062385995 	 16.492617796196242 	 7.3182264644599995
14.32064128256513 	 37.51000335366835 	 17.14056978690555 	 7.623170310074766
14.338677354709418 	 38.982686789843285 	 17.813922365013937 	 7.93942488581061
14.356713426853709 	 40.51314185278868 	 18.51367280255386 	 8.267450383875172
14.374749498997996 	 42.1036350226562 	 19.240857462716914 	 8.607725577403937
14.392785571142284 	 43.756521695994756 	 19.99655333487348 	 8.960748404575535
14.410821643286575 	 45.474249674082316 	 20.78187962975235 	 9.327036592090797
14.428857715430862 	 47.25936278810753 	 21.597999437143923 	 9.707128318371224
14.44689378757515 	 49.114504666574135 	 22.446121448583728 	 10.101582916836009
14.46492985971944 	 51.042422650502424 	 23.32750174756487 	 10.510981619644106
14.482965931863728 	 53.04597186222683 	 24.243445669931848 	 10.935928342338446
14.501002004008015 	 55.12811943382125 	 25.195309737212735 	 11.377050509896021
14.519038076152306 	 57.29194890140555 	 26.184503665750167 	 11.834999924761956
14.537074148296593 	 59.54066477184713 	 27.212492454608483 	 12.310453677535378
14.55511022044088 	 61.87759726862161 	 28.280798555350298 	 12.804115101067817
14.573146292585172 	 64.30620726385652 	 29.39100412689385 	 13.316714768831462
14.591182364729459 	 66.83009140386382 	 30.54475337879134 	 13.849011538518297
14.609218436873748 	 69.45298743575762 	 31.743755006400995 	 14.401793641935612
14.627254509018037 	 72.1787797430362 	 32.989784721555964 	 14.975879822366137
14.645290581162325 	 75.01150509833508 	 34.284687882480874 	 15.5721205206711
14.663326653306614 	 77.95535864186728 	 35.630382226850564 	 16.191399111519456
14.681362725450903 	 81.01470009440247 	 37.0288607120367 	 16.834633191233696
14.69939879759519 	 84.19406021399045 	 38.48219446675179 	 17.502775918852688
14.71743486973948 	 87.49814750599234 	 39.992535858461274 	 18.19681741211837
14.735470941883769 	 90.9318551963501 	 41.562121681104635 	 18.917786200201164
14.753507014028056 	 94.50026847842891 	 43.19327646784955 	 19.66675073509039
14.771543086172345 	 98.20867204416253 	 44.888415933783705 	 20.444820963683863
14.789579158316634 	 102.06255791065159 	 46.650050553642735 	 21.253149962722578
14.807615230460922 	 106.06763355381436 	 48.48078927987512 	 22.09293563882974
14.82565130260521 	 110.22983036112784 	 50.38334340654838 	 22.965422496025077
14.8436873747495 	 114.55531241597772 	 52.36053058481856 	 23.871903473202394
14.861723446893787 	 119.05048562663684 	 54.415278995914214 	 24.813721854177935
14.879759519038076 	 123.7220072133794 	 56.55063168781026 	 25.792273253033297
14.897795591182366 	 128.576795567788 	 58.769751082016874 	 26.809007677603336
14.915831663326653 	 133.62204049885474 	 61.07592365715757 	 27.865431674084146
14.933867735470942 	 138.86521388105098 	 63.47256481627412 	 28.963110555865942
14.951903807615231 	 144.3140807201304 	 65.9632239450635 	 30.103670719827324
14.969939879759519 	 149.97671065306292 	 68.55158966854256 	 31.288802053467197
14.987975951903808 	 155.86148989912473 	 71.24149531392356 	 32.52026043638916
15.006012024048097 	 161.97713367984053 	 74.03692458778801 	 33.79987033979842
15.024048096192384 	 168.3326991261798 	 76.94201747597292 	 35.129527527824834
15.042084168336673 	 174.9375986921245 	 79.96107637490482 	 36.51120186463907
15.060120240480963 	 181.80161409445552 	 83.09857246345702 	 37.94694023148645
15.07815631262525 	 188.93491079942638 	 86.35915232477542 	 39.43886955793704
15.09619238476954 	 196.34805307776261 	 89.74764482787424 	 40.98919997181557
15.114228456913828 	 204.05201965029065 	 93.26906827919395 	 42.60022807245737
15.132264529058116 	 212.0582199473622 	 96.92863785471484 	 44.27434033212071
15.150300601202405 	 220.3785110061648 	 100.73177332363328 	 46.014016630577984
15.168336673346694 	 229.02521503092015 	 104.68410707503284 	 47.82183392810482
15.186372745490981 	 238.01113764200818 	 108.7914924594494 	 49.7004700823002
15.20440881763527 	 247.34958684102514 	 113.06001245767742 	 51.6527078143768
15.22244488977956 	 257.05439271985443 	 117.49598868964964 	 53.68143883078519
15.240480961923847 	 267.13992794296314 	 122.10599077674753 	 55.78966810627417
15.258517034068136 	 277.62112903323793 	 126.89684607139378 	 57.98051833471873
15.276553106212425 	 288.5135184928967 	 131.87564976834494 	 60.25723455430471
15.294589178356713 	 299.8332277922291 	 137.04977541265552 	 62.623188953913605
15.312625250501002 	 311.5970212602216 	 142.426885819878 	 65.0818858678243
15.330661322645291 	 323.82232091243054 	 148.0149444246652 	 67.63696696611969
15.348697394789578 	 336.52723225289645 	 153.82222707459223 	 70.29221664848947
15.366733466933868 	 349.73057108830466 	 159.85733428666094 	 73.0515676494117
15.384769539078157 	 363.4518913940842 	 166.12920398463007 	 75.91910686300862
15.402805611222444 	 377.7115142737406 	 172.64712473604686 	 78.89908139620705
15.420841683366735 	 392.5305580543128 	 179.42074950858515 	 81.99590485916714
15.438877755511022 	 407.93096956247916 	 186.46010996604056 	 85.21416390228424
15.45691382765531 	 423.93555662771684 	 193.77563132519703 	 88.55862500946313
15.4749498997996 	 440.5680218605559 	 201.37814779551914 	 92.03424155770252
15.492985971943888 	 457.8529977560176 	 209.2789186245702 	 95.6461611534606
15.511022044088175 	 475.8160831742152 	 217.4896447729116 	 99.39973325666193
15.529058116232466 	 494.48388125213364 	 226.02248624317573 	 103.30051710363576
15.547094188376754 	 513.884038802707 	 234.89008008896317 	 107.35428994071232
15.565130260521041 	 534.0452872596301 	 244.1055591302744 	 111.56705558069042
15.583166332665332 	 554.997485228439 	 253.68257140314705 	 115.94505329482517
15.60120240480962 	 576.7716627069416 	 263.63530037233005 	 120.49476705351948
15.619238476953907 	 599.4000670404989 	 273.9784859369384 	 125.22293512940522
15.637274549098198 	 622.9162106801534 	 284.72744626016254 	 130.13656007702536
15.655310621242485 	 647.3549208143803 	 295.89810045539264 	 135.2429191039057
15.673346693386774 	 672.7523909479921 	 307.5069921623562 	 140.54957484838
15.691382765531063 	 699.1462345045056 	 319.5713140481603 	 146.0643865801178
15.70941883767535 	 726.5755405314231 	 332.10893326954493 	 151.7955218399524
15.72745490981964 	 755.0809315909133 	 345.13841793406095 	 157.75146853624943
15.745490981963929 	 784.7046239215834 	 358.67906459932937 	 163.94104751571876
15.763527054108216 	 815.4904899605228 	 372.75092685115806 	 170.37342562730544
15.781563126252506 	 847.484123318151 	 387.37484500279976 	 177.05812929849432
15.799599198396795 	 880.7329063020887 	 402.57247695934296 	 184.0050586441337
15.817635270541082 	 915.286080090102 	 418.36633029295473 	 191.22450212868242
15.835671342685371 	 951.1948176560533 	 434.77979557649707 	 198.72715180359836
15.85370741482966 	 988.5122995567683 	 451.83718102482675 	 206.52411914241475
15.871743486973948 	 1027.293792692159 	 469.56374849513963 	 214.62695149697728
15.889779559118237 	 1067.5967321552305 	 487.98575089966033 	 223.04764919920987
15.907815631262526 	 1109.4808062931068 	 507.1304710860503 	 231.79868333372247
15.925851703406813 	 1153.0080451051856 	 527.0262622431778 	 240.89301420760498
15.943887775551103 	 1198.242912109228 	 547.7025898920408 	 250.3441105447455
15.961923847695392 	 1245.2523998114748 	 569.1900755240438 	 260.1659694331003
15.97995991983968 	 1294.106128922168 	 591.5205419512575 	 270.37313705446064
15.997995991983968 	 1344.876451463504 	 614.7270604358606 	 280.98073022743165
16.016032064128257 	 1397.6385579225414 	 638.8439996684837 	 292.0044587954964
16.034068136272545 	 1452.4705886079348 	 663.9070766680677 	 303.4606488933533
16.052104208416836 	 1509.4537493752932 	 689.9534096785746 	 315.3662671259647
16.070140280561123 	 1568.6724318926188 	 717.0215731409091 	 327.7389456961337
16.08817635270541 	 1630.2143386239534 	 745.1516548214827 	 340.59700851783487
16.1062124248497 	 1694.1706127162222 	 774.3853151819601 	 353.95949835394157
16.12424849699399 	 1760.635972981714 	 804.7658490781758 	 367.8462050185599
16.142284569138276 	 1829.7088541762043 	 836.3382498796118 	 382.2776946857627
16.160320641282567 	 1901.4915527802764 	 869.1492761043318 	 397.2753403480782
16.178356713426854 	 1976.0903784997975 	 903.247520668066 	 412.8613534698633
16.196392785571142 	 2053.6158117101495 	 938.6834828501201 	 429.05881688248616
16.214428857715433 	 2134.182667076961 	 975.5096430824866 	 445.89171896993946
16.23246492985972 	 2217.91026359602 	 1013.780540673093 	 463.3849891955991
16.250501002004007 	 2304.9226013041693 	 1053.5528545782665 	 481.56453502273024
16.2685370741483 	 2395.348544922597 	 1094.885487343927 	 500.4572802833584
16.286573146292586 	 2489.322014704789 	 1137.839652339936 	 520.0912050523978
16.304609218436873 	 2586.982184771769 	 1182.4789644168018 	 540.4953870860736
16.322645290581164 	 2688.473689228248 	 1228.86953411894 	 561.7000448860011
16.34068136272545 	 2793.9468363648193 	 1277.0800655939784 	 583.7365824526609
16.35871743486974 	 2903.5578312638972 	 1327.1819583433028 	 606.6376357946538
16.37675350701403 	 3017.4690071385203 	 1379.2494129643019 	 630.4371212624977
16.394789579158317 	 3135.8490657469215 	 1433.3595410410367 	 655.1702857786113
16.412825651302605 	 3258.873327239064 	 1489.592479346136 	 680.8737590378964
16.430861723446895 	 3386.7239898047565 	 1548.0315085228995 	 707.5856077561632
16.448897795591183 	 3519.5903995081785 	 1608.7631764234677 	 735.3453920467716
16.46693386773547 	 3657.6693307084056 	 1671.8774262857496 	 764.1942240090069
16.48496993987976 	 3801.1652774812724 	 1737.4677299389039 	 794.1748286149414
16.50300601202405 	 3950.2907564738102 	 1805.63122623454 	 825.3316069848942
16.521042084168336 	 4105.266621640478 	 1876.4688649089342 	 857.7107021453397
16.539078156312627 	 4266.322391326532 	 1950.0855560889786 	 891.3600673664965
16.557114228456914 	 4433.69658818347 	 2026.5903256635188 	 926.3295371808978
16.5751503006012 	 4607.637092419957 	 2106.0964767501778 	 962.6709011881399
16.593186372745492 	 4788.401508910932 	 2188.721757496616 	 1000.437980755009
16.61122244488978 	 4976.257548709037 	 2274.588535464883 	 1039.6867087246662
16.629258517034067 	 5171.483425523342 	 2363.823978857163 	 1080.4752122529383
16.647294589178358 	 5374.368267752417 	 2456.560244851249 	 1122.8638988943737
16.665330661322646 	 5585.21254668162 	 2552.9346753244504 	 1166.915546065469
16.683366733466933 	 5804.328521479955 	 2653.090000256405 	 1212.6953940178116
16.701402805611224 	 6032.040701653832 	 2757.174549111245 	 1260.2712424585031
16.71943887775551 	 6268.6863276439235 	 2865.3424705127386 	 1309.7135509611765
16.7374749498998 	 6514.615870276773 	 2977.753960537721 	 1361.0955433163474
16.75551102204409 	 6770.193549809973 	 3094.5754999655237 	 1414.4933159754294
16.773547094188377 	 7035.797875340297 	 3215.980100835062 	 1469.985950749173
16.791583166332664 	 7311.822205373875 	 3342.147562674847 	 1527.655631927466
16.809619238476955 	 7598.675330388083 	 3473.2647387851325 	 1587.5877679938665
16.827655310621243 	 7896.782078247677 	 3609.525812966499 	 1649.8711181150466
16.84569138276553 	 8206.583943373053 	 3751.132587105232 	 1714.5979235927628
16.86372745490982 	 8528.539740590802 	 3898.2947800406855 	 1781.8640444726836
16.881763527054108 	 8863.126284635991 	 4051.2303381577476 	 1851.769101512615
16.899799599198396 	 9210.839096312551 	 4210.16575816443 	 1924.416623720392
16.917835671342687 	 9572.19313635676 	 4375.336422532184 	 1999.9142016797648
16.935871743486974 	 9947.723568090907 	 4546.986948095906 	 2078.3736468914144
16.95390781563126 	 10337.986549998124 	 4725.371548330507 	 2159.9111573653568
16.971943887775552 	 10743.560059389652 	 4910.754409839511 	 2244.647489709493
16.98997995991984 	 11165.044748385992 	 5103.410083613926 	 2332.708137969493
17.008016032064127 	 11603.064833479732 	 5303.62389164091 	 2424.223519484855
17.026052104208418 	 12058.269019996978 	 5511.692349464171 	 2519.32916803634
17.044088176352705 	 12531.331462825961 	 5727.923605321685 	 2618.165934570686
17.062124248496993 	 13022.952764837415 	 5952.637896511806 	 2720.8801958002273
17.080160320641284 	 13533.86101447323 	 6186.168023662867 	 2827.6240709859494
17.09819639278557 	 14064.8128640416 	 6428.859843609084 	 2938.5556472253274
17.11623246492986 	 14616.594650315305 	 6681.072781602853 	 3053.8392135785316
17.13426853707415 	 15190.023559092215 	 6943.180363621561 	 3173.6455043796404
17.152304609218437 	 15785.948835442412 	 7215.570769557279 	 3298.1519520931593
17.170340681362724 	 16405.25304143665 	 7498.647408109581 	 3427.542950090761
17.188376753507015 	 17048.853363215494 	 7792.829514231396 	 3562.010125736793
17.206412825651302 	 17717.70296933675 	 8098.55277001361 	 3701.7526241873015
17.22444889779559 	 18412.792422413757 	 8416.269949928224 	 3846.977403323118
17.24248496993988 	 19135.15114613282 	 8746.451591384715 	 3997.899540253266
17.260521042084168 	 19885.848949824023 	 9089.586691593357 	 4154.7425498429975
17.278557114228455 	 20665.99761284375 	 9446.183431767735 	 4317.738715738241
17.296593186372746 	 21476.752531113587 	 9816.769929738246 	 4487.129434376368
17.314629258517034 	 22319.314428255144 	 10201.895022091623 	 4663.165572492943
17.33266533066132 	 23194.931133855865 	 10602.129076995216 	 4846.107838654176
17.350701402805612 	 24104.899431498 	 11018.064838909244 	 5036.227169364879
17.3687374749499 	 25050.56697928726 	 11450.318306437737 	 5233.8051303238435
17.386773547094187 	 26033.33430572861 	 11899.529644619766 	 5439.13433342138
17.404809619238478 	 27054.656883900567 	 12366.364133010085 	 5652.518870095798
17.42284569138277 	 28116.047287003068 	 12851.513150954535 	 5874.274761691223
17.440881763527052 	 29219.077428469875 	 13355.695201519013 	 6104.730427483384
17.458917835671343 	 30365.38088996645 	 13879.656975589785 	 6344.227171067391
17.476953907815634 	 31556.655340711757 	 14424.174457716901 	 6593.119685825667
17.494989979959918 	 32794.6650517199 	 14990.054075344391 	 6851.776580227543
17.51302605210421 	 34081.24350867613 	 15578.133893125012 	 7120.580923736425
17.5310621242485 	 35418.296127317844 	 16189.284854088792 	 7399.930814133297
17.549098196392784 	 36807.80307534529 	 16824.412069505153 	 7690.239967097501
17.567134268537075 	 38251.82220504182 	 17484.456159348934 	 7991.9383289178995
17.585170340681366 	 39752.492100938536 	 18170.394645351967 	 8305.472713240339
17.60320641282565 	 41312.03524704779 	 18883.24339870806 	 8631.307462796498
17.62124248496994 	 42932.761318353034 	 19624.058144574105 	 8969.925137093634
17.63927855711423 	 44617.07060141999 	 20393.936025591196 	 9321.827227081545
17.657314629258515 	 46367.45754921136 	 21194.01722674819 	 9687.534897858626
17.675350701402806 	 48186.51447535899 	 22025.486663990116 	 10067.589760514755
17.693386773547097 	 50076.9353933637 	 22889.575739071042 	 10462.554674253886
17.71142284569138 	 52041.52000641641 	 23787.56416325401 	 10873.014579985713
17.72945891783567 	 54083.17785374542 	 24720.781852557615 	 11299.57736662056
17.747494989979963 	 56204.93261962432 	 25690.61089735259 	 11742.874771348675
17.765531062124246 	 58409.926611434516 	 26698.487609231208 	 12203.563315240077
17.783567134268537 	 60701.42541340814 	 27745.904648178235 	 12682.325275549369
17.80160320641283 	 63082.822722935714 	 28834.41323319009 	 13179.86969616351
17.819639278557112 	 65557.64537661587 	 29965.625439622858 	 13696.93343769257
17.837675350701403 	 68129.55857348476 	 31141.216586668543 	 14234.28226875694
17.855711422845694 	 70802.37130315135 	 32362.92771849196 	 14792.712000085643
17.873747494989978 	 73580.04198689162 	 33632.568182707866 	 15373.04966310784
17.89178356713427 	 76466.68434005365 	 34952.018310017425 	 15976.154734783015
17.90981963927856 	 79466.57346444183 	 36323.23219896491 	 16602.920410480296
17.927855711422843 	 82584.15217972198 	 37748.24060994814 	 17254.274926796617
17.945891783567134 	 85824.03760321856 	 39229.1539727664 	 17931.182936271187
17.963927855711425 	 89191.02798783212 	 40768.16551215124 	 18634.64693602884
17.981963927855713 	 92690.1098282311 	 42367.554495923316 	 19365.708752474067
18.0 	 96326.46524582297 	 44029.68961057515 	 20125.45108423014
