# redshif bias_1 bias_2
0.0 0.6 0.6
0.12244897959183673 0.673469387755102 0.673469387755102
0.24489795918367346 0.746938775510204 0.746938775510204
0.36734693877551017 0.8204081632653061 0.8204081632653061
0.4897959183673469 0.8938775510204082 0.8938775510204082
0.6122448979591837 0.9673469387755101 0.9673469387755101
0.7346938775510203 1.040816326530612 1.040816326530612
0.8571428571428571 1.1142857142857143 1.1142857142857143
0.9795918367346939 1.1877551020408164 1.1877551020408164
1.1020408163265305 1.2612244897959182 1.2612244897959182
1.2244897959183674 1.3346938775510204 1.3346938775510204
1.346938775510204 1.4081632653061225 1.4081632653061225
1.4693877551020407 1.4816326530612243 1.4816326530612243
1.5918367346938775 1.5551020408163265 1.5551020408163265
1.7142857142857142 1.6285714285714286 1.6285714285714286
1.836734693877551 1.7020408163265304 1.7020408163265304
1.9591836734693877 1.7755102040816326 1.7755102040816326
2.0816326530612246 1.8489795918367347 1.8489795918367347
2.204081632653061 1.9224489795918365 1.9224489795918365
2.326530612244898 1.9959183673469387 1.9959183673469387
2.4489795918367347 2.0693877551020408 2.0693877551020408
2.571428571428571 2.142857142857143 2.142857142857143
2.693877551020408 2.216326530612245 2.216326530612245
2.816326530612245 2.289795918367347 2.289795918367347
2.9387755102040813 2.363265306122449 2.363265306122449
3.061224489795918 2.436734693877551 2.436734693877551
3.183673469387755 2.510204081632653 2.510204081632653
3.306122448979592 2.583673469387755 2.583673469387755
3.4285714285714284 2.657142857142857 2.657142857142857
3.5510204081632653 2.730612244897959 2.730612244897959
3.673469387755102 2.804081632653061 2.804081632653061
3.7959183673469385 2.877551020408163 2.877551020408163
3.9183673469387754 2.951020408163265 2.951020408163265
4.040816326530612 3.024489795918367 3.024489795918367
4.163265306122449 3.0979591836734692 3.0979591836734692
4.285714285714286 3.1714285714285713 3.1714285714285713
4.408163265306122 3.2448979591836733 3.2448979591836733
4.530612244897959 3.3183673469387753 3.3183673469387753
4.653061224489796 3.3918367346938774 3.3918367346938774
4.775510204081632 3.4653061224489794 3.4653061224489794
4.8979591836734695 3.5387755102040814 3.5387755102040814
5.020408163265306 3.6122448979591835 3.6122448979591835
5.142857142857142 3.685714285714285 3.685714285714285
5.26530612244898 3.7591836734693875 3.7591836734693875
5.387755102040816 3.8326530612244896 3.8326530612244896
5.5102040816326525 3.906122448979591 3.906122448979591
5.63265306122449 3.9795918367346936 3.9795918367346936
5.755102040816326 4.053061224489795 4.053061224489795
5.877551020408163 4.126530612244897 4.126530612244897
6.0 4.2 4.2