2.149760085881993771e+09
2.151579937855188847e+09
2.153401459776791096e+09
2.155224653179191589e+09
2.157049519596191883e+09
2.158876060562995434e+09
2.160704277616218567e+09
2.162522049728635311e+09
2.164278573235143185e+09
2.166036708578039646e+09
2.167796457236391068e+09
2.169557820690621853e+09
2.171320800422517776e+09
2.173085397915217876e+09
2.174866228979322910e+09
2.176712151350874424e+09
2.178559767593779087e+09
2.180409079262382507e+09
2.182260087912453651e+09
2.184112795101193905e+09
2.185967202387229443e+09
2.187834383262610912e+09
2.189744227022552967e+09
2.191655823309947968e+09
2.193569173732966423e+09
2.195484279901252747e+09
2.197401143425929070e+09
2.199319765919598103e+09
2.201213670340502262e+09
2.203024759026040554e+09
2.204837509618540764e+09
2.206651923643016338e+09
2.208468002625883102e+09
2.210285748094950676e+09
2.212105161579438210e+09
2.213928902834986687e+09
2.215761723814829826e+09
2.217596226643813133e+09
2.219432412865249157e+09
2.221270284023867607e+09
2.223109841665813923e+09
2.224951087338654518e+09
2.226800077756663799e+09
2.228665606511977196e+09
2.230532847130025387e+09
2.232401801181660175e+09
2.234272470239178658e+09
2.236144855876320362e+09
2.238018959668265820e+09
2.239905769380080700e+09
2.241818155765676975e+09
2.243732297011914730e+09
2.245648194729101181e+09
2.247565850529026508e+09
2.249485266024958611e+09
2.251406442831643105e+09
2.253317555989192009e+09
2.255207572995938778e+09
2.257099324336541653e+09
2.258992811602476120e+09
2.260888036386674404e+09
2.262785000283535480e+09
2.264683704888917446e+09
2.266569701847195625e+09
2.268432474168139458e+09
2.270296955822432041e+09
2.272163148378609180e+09
2.274031053406641483e+09
2.275900672477942944e+09
2.277772007165370464e+09
2.279665212668275356e+09
2.281591368511549950e+09
2.283519291850713253e+09
2.285448984307670593e+09
2.287380447505816936e+09
2.289313683070032597e+09
2.291248692626694679e+09
2.293172431689483643e+09
2.295079770993079662e+09
2.296988860525969028e+09
2.298899701894210815e+09
2.300812296705341339e+09
2.302726646568367481e+09
2.304642753093777180e+09
2.306572649467854977e+09
2.308519405132566929e+09
2.310467947196156502e+09
2.312418277297873020e+09
2.314370397078472137e+09
2.316324308180215836e+09
2.318280012246870041e+09
2.320224082638284683e+09
2.322154751303972244e+09
2.324087191606645107e+09
2.326021405172008514e+09
2.327957393627257347e+09
2.329895158601084232e+09
2.331834701723670483e+09
2.333772279058676243e+09
2.335707812227794170e+09
2.337645121497703552e+09
2.339584208498208046e+09
2.341525074860602379e+09
2.343467722217680454e+09
2.345412152203735828e+09
2.347371571439635277e+09
2.349344949112606525e+09
2.351320137613571644e+09
2.353297138604201317e+09
2.355275953747687340e+09
2.357256584708747864e+09
2.359239033153630257e+09
2.361235839788673878e+09
2.363244894865501404e+09
2.365255793508935928e+09
2.367268537410684586e+09
2.369283128264011860e+09
2.371299567763731003e+09
2.373317857606214523e+09
2.375328039441731453e+09
2.377332609953340530e+09
2.379339019916391850e+09
2.381347271018814564e+09
2.383357364950094700e+09
2.385369303401261330e+09
2.387383088064901352e+09
2.389365296174221039e+09
2.391326811186727047e+09
2.393290126141711712e+09
2.395255242690852642e+09
2.397222162487345219e+09
2.399190887185901642e+09
2.401161418442749977e+09
2.403144561403265953e+09
2.405136056306123257e+09
2.407129378661867142e+09
2.409124530147420883e+09
2.411121512441245079e+09
2.413120327223343849e+09
2.415120976175258636e+09
2.417135730136818886e+09
2.419158972880321026e+09
2.421184072209438801e+09
2.423211029827829361e+09
2.425239847440710068e+09
2.427270526754867077e+09
2.429303069478652000e+09
2.431329662389630795e+09
2.433354343652822018e+09
2.435380882821655750e+09
2.437409281600999832e+09
2.439439541697287083e+09
2.441471664818513393e+09
2.443505652674246311e+09
2.445535674187410831e+09
2.447565060585723400e+09
2.449596309207246780e+09
2.451629421760808468e+09
2.453664399956808090e+09
2.455701245507210732e+09
2.457739960125555515e+09
2.459770806643290520e+09
2.461799837648134232e+09
2.463830730550069809e+09
2.465863487057625294e+09
2.467898108880899429e+09
2.469934597731560707e+09
2.471972955322844505e+09
2.474010196689166069e+09
2.476048319688382149e+09
2.478088312927763939e+09
2.480130178123498917e+09
2.482173916993345261e+09
2.484219531256641865e+09
2.486267022634302616e+09
2.488329208653534412e+09
2.490396962590562820e+09
2.492466613957954884e+09
2.494538164496849060e+09
2.496611615949977875e+09
2.498686970061676025e+09
2.500764228577877522e+09
2.502834100579268456e+09
2.504903588966083050e+09
2.506974976374841690e+09
2.509048264548143387e+09
2.511123455230184555e+09
2.513200550166760445e+09
2.515279551105271339e+09
2.517335327740112305e+09
2.519387786035025597e+09
2.521442127724584103e+09
2.523498354537042618e+09
2.525556468202246666e+09
2.527616470451624870e+09
2.529678363018196106e+09
2.531774343964031219e+09
2.533877748507100105e+09
2.535983083194554806e+09
2.538090349797548294e+09
2.540199550088862896e+09
2.542310685842907906e+09
2.544423758835716724e+09
2.546500842038499355e+09
2.548574646841178417e+09
2.550650354626669884e+09
2.552727967141207218e+09
2.554807486132621765e+09
2.556888913350353718e+09
2.558972250545444012e+09
2.561054316734355450e+09
2.563137960972586632e+09
2.565223517222578049e+09
2.567310987238848686e+09
2.569400372777523041e+09
2.571491675596340656e+09
2.573584897454654217e+09
2.575747251878559589e+09
2.577916566638195515e+09
2.580087872023321629e+09
2.582261169860592365e+09
2.584436461978342056e+09
2.586613750206576824e+09
2.588793036376986980e+09
2.590926946029816151e+09
2.593060670995498180e+09
2.595196353928456306e+09
2.597333996625374317e+09
2.599473600884590149e+09
2.601615168506087303e+09
2.603758701291506290e+09
2.605875621502282143e+09
2.607993971889775753e+09
2.610114266136390686e+09
2.612236506025865078e+09
2.614360693343579292e+09
2.616486829876546860e+09
2.618614594296568871e+09
2.620704453956506729e+09
2.622796231331654072e+09
2.624889928181763649e+09
2.626985546268198490e+09
2.629083087353940964e+09
2.631182553203592300e+09
2.633286786266997814e+09
2.635474453173760891e+09
2.637664127546471119e+09
2.639855811227236748e+09
2.642049506059858799e+09
2.644245213889825344e+09
2.646442936564322472e+09
2.648643284676414013e+09
2.650855305408336163e+09
2.653069355953976631e+09
2.655285438175947666e+09
2.657503553938577175e+09
2.659723705107896328e+09
2.661945893551655293e+09
2.664164338292038918e+09
2.666322534579306126e+09
2.668482711289435387e+09
2.670644870239717484e+09
2.672809013249114513e+09
2.674975142138257027e+09
2.677143258729442596e+09
2.679315381626523972e+09
2.681505716144039154e+09
2.683698060575378418e+09
2.685892416764896393e+09
2.688088786558639526e+09
2.690287171804350376e+09
2.692487574351462841e+09
2.694691618199326992e+09
2.696907969043990135e+09
2.699126353675803661e+09
2.701346773961032867e+09
2.703569231767648697e+09
2.705793728965340614e+09
2.708020267425513268e+09
2.710249168364490509e+09
2.712481767978464603e+09
2.714716416289927959e+09
2.716953115178823948e+09
2.719191866526823044e+09
2.721432672217318058e+09
2.723675534135435581e+09
2.725924945118013859e+09
2.728195878208058834e+09
2.730468895171490192e+09
2.732743997920530796e+09
2.735021188369159222e+09
2.737300468433105946e+09
2.739581840029863834e+09
2.741855380177956581e+09
2.744094371644463539e+09
2.746335417673809052e+09
2.748578520151316166e+09
2.750823680964042664e+09
2.753070902000773907e+09
2.755320185152032375e+09
2.757562613674850941e+09
2.759778671992172241e+09
2.761996763828216076e+09
2.764216891048994541e+09
2.766439055522236347e+09
2.768663259117384434e+09
2.770889503705593109e+09
2.773120932886961460e+09
2.775363148147484303e+09
2.777607420929089546e+09
2.779853753119819641e+09
2.782102146609444618e+09
2.784352603289474010e+09
2.786605125053147793e+09
2.788875915470463753e+09
2.791188437438715458e+09
2.793503081443501472e+09
2.795819849432066441e+09
2.798138743353435993e+09
2.800459765158428669e+09
2.802782916799652576e+09
2.805101155434343815e+09
2.807406254143146515e+09
2.809713468076687336e+09
2.812022799175960064e+09
2.814334249383736610e+09
2.816647820644569397e+09
2.818963514904800415e+09
2.821260506062983990e+09
2.823519422734440327e+09
2.825780412252675533e+09
2.828043476519789219e+09
2.830308617439634323e+09
2.832575836917803764e+09
2.834845136861644268e+09
2.837128707815726757e+09
2.839435394273098469e+09
2.841744197412175655e+09
2.844055119175282955e+09
2.846368161506531239e+09
2.848683326351817608e+09
2.851000615658818245e+09
2.853336475283684254e+09
2.855699910721932888e+09
2.858065514916378498e+09
2.860433289857136250e+09
2.862803237536141872e+09
2.865175359947165012e+09
2.867549659085800171e+09
2.869898985547335148e+09
2.872212714284888268e+09
2.874528566166342258e+09
2.876846543139957428e+09
2.879166647155777454e+09
2.881488880165637016e+09
2.883813244123164654e+09
2.886130972680546761e+09
2.888439846749236107e+09
2.890750839507042885e+09
2.893063952898138523e+09
2.895379188868477345e+09
2.897696549365797043e+09
2.900016036339627743e+09
2.902352803004620075e+09
2.904708825364446163e+09
2.907067009678017139e+09
2.909427357929201603e+09
2.911789872103693008e+09
2.914154554189002514e+09
2.916521406174468517e+09
2.918894437215228558e+09
2.921273729502271652e+09
2.923655205096212864e+09
2.926038866000514984e+09
2.928424714220482826e+09
2.930812751763260841e+09
2.933202980637832165e+09
2.935595479235866547e+09
2.937990243505023003e+09
2.940387205278612137e+09
2.942786366573126793e+09
2.945187729406908989e+09
2.947591295800156593e+09
2.949997067774916649e+09
2.952384640919864655e+09
2.954757476035868645e+09
2.957132488533482552e+09
2.959509680410737514e+09
2.961889053667490959e+09
2.964270610305442333e+09
2.966654352328125477e+09
2.969080322549337864e+09
2.971538452354319572e+09
2.973998837809765816e+09
2.976461480985528469e+09
2.978926383953357697e+09
2.981393548786900043e+09
2.983862977561711788e+09
2.986301387742356300e+09
2.988719648429120541e+09
2.991140128181304932e+09
2.993562829035185337e+09
2.995987753028911114e+09
2.998414902202496052e+09
3.000844278597830772e+09
3.003292584062707424e+09
3.005753219225867748e+09
3.008216112338484764e+09
3.010681265472514153e+09
3.013148680701818466e+09
3.015618360102162361e+09
3.018090305751211166e+09
3.020566512055798054e+09
3.023046067269463539e+09
3.025527897794166565e+09
3.028012005717794895e+09
3.030498393130157948e+09
3.032987062122979641e+09
3.035478014789901257e+09
3.037950869929580212e+09
3.040416172518805504e+09
3.042883737340450764e+09
3.045353566470405579e+09
3.047825661986461639e+09
3.050300025968322754e+09
3.052776660497595787e+09
3.055278188623620033e+09
3.057791684522570133e+09
3.060307486877501965e+09
3.062825597804889202e+09
3.065346019423141003e+09
3.067868753852614880e+09
3.070393803215614319e+09
3.072933993789503574e+09
3.075481351877113342e+09
3.078031047493621349e+09
3.080583082784012318e+09
3.083137459895239830e+09
3.085694180976223469e+09
3.088253248177859783e+09
3.090799111252177238e+09
3.093342175866535664e+09
3.095887574069980621e+09
3.098435308003877640e+09
3.100985379811563015e+09
3.103537791638334274e+09
3.106092545631463051e+09
3.108589155312845230e+09
3.111070740794462204e+09
3.113554603450149536e+09
3.116040745369504452e+09
3.118529168644046783e+09
3.121019875367211342e+09
3.123512867634357929e+09
3.126025275565041065e+09
3.128544188122481823e+09
3.131065412106389046e+09
3.133588949637790680e+09
3.136114802839665413e+09
3.138642973836941242e+09
3.141173464756490707e+09
3.143702900080394745e+09
3.146233958611450195e+09
3.148767339714465141e+09
3.151303045520699024e+09
3.153841078163362503e+09
3.156381439777631760e+09
3.158924132500634670e+09
3.161469519792518616e+09
3.164017304367527485e+09
3.166567426862792015e+09
3.169119889423657417e+09
3.171674694197432518e+09
3.174231843333399773e+09
3.176791338982815266e+09
3.179352175818785191e+09
3.181915225272390366e+09
3.184480626653741360e+09
3.187048382121036530e+09
3.189618493834454060e+09
3.192190963956149578e+09
3.194765794650269985e+09
3.197309080890931129e+09
3.199851172158829689e+09
3.202395596122644424e+09
3.204942354922921181e+09
3.207491450702175617e+09
3.210042885604884148e+09
3.212596661777494907e+09
3.215146894158654213e+09
3.217699033084304333e+09
3.220253513925889015e+09
3.222810338832415581e+09
3.225369509954866409e+09
3.227931029446198940e+09
3.230494899461338997e+09
3.233080265183358669e+09
3.235668862236741543e+09
3.238259834661082268e+09
3.240853184636091709e+09
3.243448914343475819e+09
3.246047025966947079e+09
3.248647521692217827e+09
3.251224598916747570e+09
3.253803587152808666e+09
3.256384941942500114e+09
3.258968665457442284e+09
3.261554759871242523e+09
3.264143227359507084e+09
3.266733979984630108e+09
3.269316436119657040e+09
3.271901261990561485e+09
3.274488459771877289e+09
3.277078031640139103e+09
3.279669979773878574e+09
3.282264306353622437e+09
3.284860677741266251e+09
3.287449893332823277e+09
3.290041484862927914e+09
3.292635454511809349e+09
3.295231804461696148e+09
3.297830536896822929e+09
3.300431654003423691e+09
3.303040058247617722e+09
3.305728107623210430e+09
3.308418623630065441e+09
3.311111608531638145e+09
3.313807064593452930e+09
3.316504994083119392e+09
3.319205399270328045e+09
3.321906303261891365e+09
3.324588459303070545e+09
3.327273076567618847e+09
3.329960157314027309e+09
3.332649703802859306e+09
3.335341718296748161e+09
3.338036203060408115e+09
3.340726320772950649e+09
3.343364088981450558e+09
3.346004277681773186e+09
3.348646889095028877e+09
3.351291925444372177e+09
3.353939388954989910e+09
3.356589281854116440e+09
3.359248105733384609e+09
3.361950460329715729e+09
3.364655294684193611e+09
3.367362611072311401e+09
3.370072411771657944e+09
3.372784699061908245e+09
3.375499475224827766e+09
3.378217349714008331e+09
3.380940854132881165e+09
3.383666857717583656e+09
3.386395362761422634e+09
3.389126371559806824e+09
3.391859886410255909e+09
3.394595909612391949e+09
3.397336033658816338e+09
3.400085547045242310e+09
3.402837583464071274e+09
3.405592145230512619e+09
3.408349234661896229e+09
3.411108854077679634e+09
3.413871005799452782e+09
3.416629010537728310e+09
3.419364931327016830e+09
3.422103362675749779e+09
3.424844306887691975e+09
3.427587766268719673e+09
3.430333743126821041e+09
3.433082239772109032e+09
3.435830005092394829e+09
3.438569940453894615e+09
3.441312390058729172e+09
3.444057356214037895e+09
3.446804841229083061e+09
3.449554847415238857e+09
3.452307377086007118e+09
3.455065842487691402e+09
3.457836307489919662e+09
3.460609314750358105e+09
3.463384866601852417e+09
3.466162965379395962e+09
3.468943613420117855e+09
3.471726813063296318e+09
3.474511099899629593e+09
3.477294358080844402e+09
3.480080170259658337e+09
3.482868538779687881e+09
3.485659465986709118e+09
3.488452954228645802e+09
3.491249005855575562e+09
3.494047597390413284e+09
3.496848701102382660e+09
3.499652375187520027e+09
3.502458622004475117e+09
3.505267443914057732e+09
3.508078843279249668e+09
3.510892822465195179e+09
3.513697681352131367e+09
3.516482570314077854e+09
3.519270014770071507e+09
3.522060017065109253e+09
3.524852579546334267e+09
3.527647704563048840e+09
3.530445394466711044e+09
3.533241493218235493e+09
3.536032996542210102e+09
3.538827061429759502e+09
3.541623690231450558e+09
3.544422885300004005e+09
3.547224648990298271e+09
3.550028983659377098e+09
3.552842362008258343e+09
3.555668315256777287e+09
3.558496861681110859e+09
3.561328003660833836e+09
3.564161743577702045e+09
3.566998083815655231e+09
3.569837026760826111e+09
3.572656965643598080e+09
3.575449485807926655e+09
3.578244568468914986e+09
3.581042215977980614e+09
3.583842430688704491e+09
3.586645214956822395e+09
3.589450571140233994e+09
3.592278833789698601e+09
3.595135121434326649e+09
3.597994030090484142e+09
3.600855562163284302e+09
3.603719720060050488e+09
3.606586506190316677e+09
3.609455922965821743e+09
3.612362121039109707e+09
3.615309500857874870e+09
3.618259585276962280e+09
3.621212376778192997e+09
3.624167877845658779e+09
3.627126090965739727e+09
3.630087018627089500e+09
3.632993425005732059e+09
3.635844244100564003e+09
3.638697679188824654e+09
3.641553732671027184e+09
3.644412406949883461e+09
3.647273704430311680e+09
3.650137627519439697e+09
3.653003571205892563e+09
3.655871586872590065e+09
3.658742234312784672e+09
3.661615515941467762e+09
3.664491434175848484e+09
3.667369991435349941e+09
3.670251190141618252e+09
3.673191719003755093e+09
3.676181909778888226e+09
3.679174844438907623e+09
3.682170525501677036e+09
3.685168955487378597e+09
3.688170136918498993e+09
3.691174072319845676e+09
3.694146040823242188e+09
3.697094813226196289e+09
3.700046291507349014e+09
3.703000478149690151e+09
3.705957375638489723e+09
3.708916986461300373e+09
3.711879313107952118e+09
3.714825152412042141e+09
3.717760795027389526e+09
3.720699131472664356e+09
3.723640164219803810e+09
3.726583895743009090e+09
3.729530328518757820e+09
3.732479465025793076e+09
3.735466292513466358e+09
3.738476954297249794e+09
3.741490378750701427e+09
3.744506568408928871e+09
3.747525525809360981e+09
3.750547253491758823e+09
3.753571753998214722e+09
3.756577057898189068e+09
3.759573262924771309e+09
3.762572217355086327e+09
3.765573923712067604e+09
3.768578384520963192e+09
3.771585602309334755e+09
3.774595579607068539e+09
3.777580387432981491e+09
3.780554495635013580e+09
3.783531332964100838e+09
3.786510901924566746e+09
3.789493205023036003e+09
3.792478244768430233e+09
3.795466023671976089e+09
3.798453773566913605e+09
3.801443082281498432e+09
3.804435134071564674e+09
3.807429931454235554e+09
3.810427476948945999e+09
3.813427773077444553e+09
3.816430822363788128e+09
3.819455352414733887e+09
3.822489708195249081e+09
3.825526848387725830e+09
3.828566775547221661e+09
3.831609492231134415e+09
3.834655000999215126e+09
3.837703304413557053e+09
3.840742305142912388e+09
3.843780106844884872e+09
3.846820696120893478e+09
3.849864075528900146e+09
3.852910247629205227e+09
3.855959214984466076e+09
3.859010980159690380e+09
3.862044479767830372e+09
3.865074744286022186e+09
3.868107789461914539e+09
3.871143617847119331e+09
3.874182231995591640e+09
3.877223634463624001e+09
3.880267827809862614e+09
3.883320008271180153e+09
3.886376260141198158e+09
3.889435316515659809e+09
3.892497179968055248e+09
3.895561853074242592e+09
3.898629338412437439e+09
3.901699638563227177e+09
3.904750222950279236e+09
3.907798961772907734e+09
3.910850498205791950e+09
3.913904834816095829e+09
3.916961974173343182e+09
3.920021918849418640e+09
3.923084671418557644e+09
3.926151019569843292e+09
3.929220314904071331e+09
3.932292426711797714e+09
3.935367357577501297e+09
3.938445110088027477e+09
3.941525686832601547e+09
3.944609090402818680e+09
3.947728243998806953e+09
3.950854731554010391e+09
3.953984088063934803e+09
3.957116316161218166e+09
3.960251418480907917e+09
3.963389397660475731e+09
3.966530256339811802e+09
3.969648905155998707e+09
3.972767814483367443e+09
3.975889585811456680e+09
3.979014221766522408e+09
3.982141724977231979e+09
3.985272098074657440e+09
3.988405343692288876e+09
3.991530133890979290e+09
3.994656961250306129e+09
3.997786657876171112e+09
4.000919226401493549e+09
4.004054669461609364e+09
4.007192989694275379e+09
4.010334189739668846e+09
4.013535577425265312e+09
4.016742453339419842e+09
4.019952271974959850e+09
4.023165036032213688e+09
4.026380748213984489e+09
4.029599411225557327e+09
4.032821027774697304e+09
4.035970149897819042e+09
4.039120860731480598e+09
4.042274462747840405e+09
4.045430958599932194e+09
4.048590350943220615e+09
4.051752642435607433e+09
4.054917790476689339e+09
4.058080687155821800e+09
4.061246486199732304e+09
4.064415190271717548e+09
4.067586802037509918e+09
4.070761324165296078e+09
4.073938759325708389e+09
4.077117613233285904e+09
4.080257289434524059e+09
4.083399846692763805e+09
4.086545287651746273e+09
4.089693614957640171e+09
4.092844831259036541e+09
4.095998939206964016e+09
4.099156855579557419e+09
4.102331996287198067e+09
4.105510050595092297e+09
4.108691021176839352e+09
4.111874910708499432e+09
4.115061721868580818e+09
4.118251457338056564e+09
4.121446463436806202e+09
4.124669430657664776e+09
4.127895355365757942e+09
4.131124240274957180e+09
4.134356088101630211e+09
4.137590901564636707e+09
4.140828683385325432e+09
4.144069444924871445e+09
4.147313249275584698e+09
4.150560030234278679e+09
4.153809790532377243e+09
4.157062532903803349e+09
4.160318260084996223e+09
4.163576974814900875e+09
4.166838076459332466e+09
4.170098366524131775e+09
4.173361648324675083e+09
4.176627924606268406e+09
4.179897198116729736e+09
4.183169471606403828e+09
4.186444747828161240e+09
4.189713804576023102e+09
4.192938331299814224e+09
4.196165816941880703e+09
4.199396264217412949e+09
4.202629675844092846e+09
4.205866054542090416e+09
4.209105403034078598e+09
4.212357904965903759e+09
4.215657311852818012e+09
4.218959746370198250e+09
4.222265211296282291e+09
4.225573709411862373e+09
4.228885243500277996e+09
4.232199816347425938e+09
4.235524809176321507e+09
4.238879981553591728e+09
4.242238232733344078e+09
4.245599565540770531e+09
4.248963982803663731e+09
4.252331487352410316e+09
4.255702082019988060e+09
4.259052210352591515e+09
4.262330590417819977e+09
4.265611978818697929e+09
4.268896378315762043e+09
4.272183791672077179e+09
4.275474221653250694e+09
4.278767671027420521e+09
4.282075208900500298e+09
4.285416457674263954e+09
4.288760772473805904e+09
4.292108156112604618e+09
4.295458611406709671e+09
4.298812141174763680e+09
4.302168748237993240e+09
4.305539611374857903e+09
4.308940829318943024e+09
4.312345168318239212e+09
4.315752631236718178e+09
4.319163220940979958e+09
4.322576940300249100e+09
4.325993792186389923e+09
4.329390680399886131e+09
4.332740779068259239e+09
4.336093951883332253e+09
4.339450201666027069e+09
4.342809531239860535e+09
4.346171943430934906e+09
4.349537441067949295e+09
4.352911383003485680e+09
4.356298723698222160e+09
4.359689172714011192e+09
4.363082732903134346e+09
4.366479407120493889e+09
4.369879198223613739e+09
4.373282109072634697e+09
4.376686002021018982e+09
4.380089337523249626e+09
4.383495796023825645e+09
4.386905380388501167e+09
4.390318093485655785e+09
4.393733938186306953e+09
4.397152917364100456e+09
4.400563343921109200e+09
4.403958870128833771e+09
4.407357512168869019e+09
4.410759272900394440e+09
4.414164155185209274e+09
4.417572161887741089e+09
4.420983295875046730e+09
4.424398166993549347e+09
4.427817013397548676e+09
4.431238997033141136e+09
4.434664120779139519e+09
4.438092387517004013e+09
4.441523800130827904e+09
4.444958361507362366e+09
4.448375386098011971e+09
4.451769705588210106e+09
4.455167139803404808e+09
4.458567691601752281e+09
4.461971363844038963e+09
4.465378159393671989e+09
4.468788081116688728e+09
4.472215019971586227e+09
4.475660746745705605e+09
4.479109635417619705e+09
4.482561688888772964e+09
4.486016910063278198e+09
4.489475301847911835e+09
4.492936867152113914e+09
4.496408596852047920e+09
4.499890614915488243e+09
4.503375828178650856e+09
4.506864239573544502e+09
4.510355852034861565e+09
4.513850668499997139e+09
4.517348691909032822e+09
4.520824038632781982e+09
4.524278830102440834e+09
4.527736791787916183e+09
4.531197926598291397e+09
4.534662237445314407e+09
4.538129727243409157e+09
4.541600398909673691e+09
4.545084482650112152e+09
4.548580225321886063e+09
4.552079175787477493e+09
4.555581336990447998e+09
4.559086711877065659e+09
4.562595303396296501e+09
4.566107114499812126e+09
4.569606928368881226e+09
4.573098606554454803e+09
4.576593488804158211e+09
4.580091578058128357e+09
4.583592877259204865e+09
4.587097389352929115e+09
4.590605117287541389e+09
4.594101014604689598e+09
4.597590025502417564e+09
4.601082238016691208e+09
4.604577655085408211e+09
4.608076279649157524e+09
4.611578114651232719e+09
4.615083163037620544e+09
4.618591444952670097e+09
4.622102956521155357e+09
4.625617690353449821e+09
4.629135649406393051e+09
4.632656836639543533e+09
4.636181255015167236e+09
4.639708907498256683e+09
4.643231764357643127e+09
4.646753525536107063e+09
4.650278518383716583e+09
4.653806745865942001e+09
4.657338210950978279e+09
4.660872916609744072e+09
4.664410865815878868e+09
4.667966584831946373e+09
4.671532543680009842e+09
4.675101774754267693e+09
4.678674281057412148e+09
4.682250065594882011e+09
4.685829131374883652e+09
4.689411481408374786e+09
4.693008503979698181e+09
4.696613680086975098e+09
4.700222164407325745e+09
4.703833959976469040e+09
4.707449069832895279e+09
4.711067497017893791e+09
4.714689244575539589e+09
4.718275785065944672e+09
4.721851133356658936e+09
4.725429762489589691e+09
4.729011675475331306e+09
4.732596875327244759e+09
4.736185365061449051e+09
4.739777147696838379e+09
4.743389359340688705e+09
4.747010522112648964e+09
4.750635007767512321e+09
4.754262819354446411e+09
4.757893959925425529e+09
4.761528432535218239e+09
4.765166240241400719e+09
4.768814601220977783e+09
4.772468367519031525e+09
4.776125486617918968e+09
4.779785961594263077e+09
4.783449795527513504e+09
4.787116991499949455e+09
4.790787552596669197e+09
4.794422643644610405e+09
4.798051588398235321e+09
