#ell		tomo_i	tomo_j	Cell_gkappa
2.0000000000e+01	1		1		6.881950e-08			
2.0000000000e+01	1		2		4.450990e-07			
2.0000000000e+01	1		3		7.639920e-07			
2.0000000000e+01	1		4		9.667300e-07			
2.0000000000e+01	1		5		1.149430e-06			
2.0000000000e+01	2		1		-1.232300e-09			
2.0000000000e+01	2		2		3.148260e-08			
2.0000000000e+01	2		3		2.342330e-07			
2.0000000000e+01	2		4		4.643250e-07			
2.0000000000e+01	2		5		6.709820e-07			
2.0000000000e+01	3		1		-1.434550e-11			
2.0000000000e+01	3		2		-2.160620e-09			
2.0000000000e+01	3		3		1.076010e-08			
2.0000000000e+01	3		4		1.634180e-07			
2.0000000000e+01	3		5		3.706400e-07			
2.0000000000e+01	4		1		-3.862120e-16			
2.0000000000e+01	4		2		-4.038180e-11			
2.0000000000e+01	4		3		-3.756270e-09			
2.0000000000e+01	4		4		1.842880e-08			
2.0000000000e+01	4		5		1.999960e-07			
2.0000000000e+01	5		1		-2.158700e-26			
2.0000000000e+01	5		2		-1.317680e-14			
2.0000000000e+01	5		3		-1.418270e-10			
2.0000000000e+01	5		4		-7.193550e-09			
2.0000000000e+01	5		5		9.447420e-08			
2.1357900000e+01	1		1		6.528360e-08			
2.1357900000e+01	1		2		4.272250e-07			
2.1357900000e+01	1		3		7.366000e-07			
2.1357900000e+01	1		4		9.333660e-07			
2.1357900000e+01	1		5		1.110700e-06			
2.1357900000e+01	2		1		-1.226730e-09			
2.1357900000e+01	2		2		3.107600e-08			
2.1357900000e+01	2		3		2.333560e-07			
2.1357900000e+01	2		4		4.637930e-07			
2.1357900000e+01	2		5		6.707860e-07			
2.1357900000e+01	3		1		-1.445630e-11			
2.1357900000e+01	3		2		-2.189480e-09			
2.1357900000e+01	3		3		1.082080e-08			
2.1357900000e+01	3		4		1.658980e-07			
2.1357900000e+01	3		5		3.767340e-07			
2.1357900000e+01	4		1		-3.911670e-16			
2.1357900000e+01	4		2		-4.121910e-11			
2.1357900000e+01	4		3		-3.845540e-09			
2.1357900000e+01	4		4		1.882990e-08			
2.1357900000e+01	4		5		2.050710e-07			
2.1357900000e+01	5		1		-2.187900e-26			
2.1357900000e+01	5		2		-1.349430e-14			
2.1357900000e+01	5		3		-1.458410e-10			
2.1357900000e+01	5		4		-7.417300e-09			
2.1357900000e+01	5		5		9.738520e-08			
2.2808100000e+01	1		1		6.175270e-08			
2.2808100000e+01	1		2		4.083000e-07			
2.2808100000e+01	1		3		7.069760e-07			
2.2808100000e+01	1		4		8.970140e-07			
2.2808100000e+01	1		5		1.068300e-06			
2.2808100000e+01	2		1		-1.215310e-09			
2.2808100000e+01	2		2		3.051250e-08			
2.2808100000e+01	2		3		2.314050e-07			
2.2808100000e+01	2		4		4.612040e-07			
2.2808100000e+01	2		5		6.676480e-07			
2.2808100000e+01	3		1		-1.451120e-11			
2.2808100000e+01	3		2		-2.211020e-09			
2.2808100000e+01	3		3		1.083690e-08			
2.2808100000e+01	3		4		1.678560e-07			
2.2808100000e+01	3		5		3.816920e-07			
2.2808100000e+01	4		1		-3.947910e-16			
2.2808100000e+01	4		2		-4.195070e-11			
2.2808100000e+01	4		3		-3.926290e-09			
2.2808100000e+01	4		4		1.918490e-08			
2.2808100000e+01	4		5		2.097320e-07			
2.2808100000e+01	5		1		-2.209800e-26			
2.2808100000e+01	5		2		-1.378240e-14			
2.2808100000e+01	5		3		-1.496110e-10			
2.2808100000e+01	5		4		-7.631270e-09			
2.2808100000e+01	5		5		1.001640e-07			
2.4356700000e+01	1		1		5.830470e-08			
2.4356700000e+01	1		2		3.887230e-07			
2.4356700000e+01	1		3		6.756560e-07			
2.4356700000e+01	1		4		8.583740e-07			
2.4356700000e+01	1		5		1.023040e-06			
2.4356700000e+01	2		1		-1.197810e-09			
2.4356700000e+01	2		2		2.979300e-08			
2.4356700000e+01	2		3		2.283430e-07			
2.4356700000e+01	2		4		4.564600e-07			
2.4356700000e+01	2		5		6.614220e-07			
2.4356700000e+01	3		1		-1.450530e-11			
2.4356700000e+01	3		2		-2.224420e-09			
2.4356700000e+01	3		3		1.080450e-08			
2.4356700000e+01	3		4		1.692280e-07			
2.4356700000e+01	3		5		3.853690e-07			
2.4356700000e+01	4		1		-3.969340e-16			
2.4356700000e+01	4		2		-4.256070e-11			
2.4356700000e+01	4		3		-3.997080e-09			
2.4356700000e+01	4		4		1.948650e-08			
2.4356700000e+01	4		5		2.139020e-07			
2.4356700000e+01	5		1		-2.223570e-26			
2.4356700000e+01	5		2		-1.403610e-14			
2.4356700000e+01	5		3		-1.530860e-10			
2.4356700000e+01	5		4		-7.832960e-09			
2.4356700000e+01	5		5		1.027790e-07			
2.6010400000e+01	1		1		5.500760e-08			
2.6010400000e+01	1		2		3.689190e-07			
2.6010400000e+01	1		3		6.433160e-07			
2.6010400000e+01	1		4		8.181600e-07			
2.6010400000e+01	1		5		9.756800e-07			
2.6010400000e+01	2		1		-1.174160e-09			
2.6010400000e+01	2		2		2.892280e-08			
2.6010400000e+01	2		3		2.241550e-07			
2.6010400000e+01	2		4		4.495060e-07			
2.6010400000e+01	2		5		6.520150e-07			
2.6010400000e+01	3		1		-1.443420e-11			
2.6010400000e+01	3		2		-2.228880e-09			
2.6010400000e+01	3		3		1.072040e-08			
2.6010400000e+01	3		4		1.699530e-07			
2.6010400000e+01	3		5		3.876250e-07			
2.6010400000e+01	4		1		-3.974560e-16			
2.6010400000e+01	4		2		-4.303300e-11			
2.6010400000e+01	4		3		-4.056390e-09			
2.6010400000e+01	4		4		1.972720e-08			
2.6010400000e+01	4		5		2.175030e-07			
2.6010400000e+01	5		1		-2.228400e-26			
2.6010400000e+01	5		2		-1.424990e-14			
2.6010400000e+01	5		3		-1.562110e-10			
2.6010400000e+01	5		4		-8.019710e-09			
2.6010400000e+01	5		5		1.051930e-07			
2.7776500000e+01	1		1		5.191260e-08			
2.7776500000e+01	1		2		3.492900e-07			
2.7776500000e+01	1		3		6.106250e-07			
2.7776500000e+01	1		4		7.772440e-07			
2.7776500000e+01	1		5		9.273900e-07			
2.7776500000e+01	2		1		-1.144440e-09			
2.7776500000e+01	2		2		2.791260e-08			
2.7776500000e+01	2		3		2.188540e-07			
2.7776500000e+01	2		4		4.403370e-07			
2.7776500000e+01	2		5		6.394030e-07			
2.7776500000e+01	3		1		-1.429440e-11			
2.7776500000e+01	3		2		-2.223680e-09			
2.7776500000e+01	3		3		1.058200e-08			
2.7776500000e+01	3		4		1.699740e-07			
2.7776500000e+01	3		5		3.883240e-07			
2.7776500000e+01	4		1		-3.962280e-16			
2.7776500000e+01	4		2		-4.335120e-11			
2.7776500000e+01	4		3		-4.102670e-09			
2.7776500000e+01	4		4		1.989940e-08			
2.7776500000e+01	4		5		2.204510e-07			
2.7776500000e+01	5		1		-2.223550e-26			
2.7776500000e+01	5		2		-1.441850e-14			
2.7776500000e+01	5		3		-1.589270e-10			
2.7776500000e+01	5		4		-8.188630e-09			
2.7776500000e+01	5		5		1.073690e-07			
2.9662400000e+01	1		1		4.904760e-08			
2.9662400000e+01	1		2		3.302020e-07			
2.9662400000e+01	1		3		5.782320e-07			
2.9662400000e+01	1		4		7.364490e-07			
2.9662400000e+01	1		5		8.790200e-07			
2.9662400000e+01	2		1		-1.108900e-09			
2.9662400000e+01	2		2		2.677900e-08			
2.9662400000e+01	2		3		2.124900e-07			
2.9662400000e+01	2		4		4.290090e-07			
2.9662400000e+01	2		5		6.236480e-07			
2.9662400000e+01	3		1		-1.408340e-11			
2.9662400000e+01	3		2		-2.208190e-09			
2.9662400000e+01	3		3		1.038750e-08			
2.9662400000e+01	3		4		1.692390e-07			
2.9662400000e+01	3		5		3.873420e-07			
2.9662400000e+01	4		1		-3.931390e-16			
2.9662400000e+01	4		2		-4.349950e-11			
2.9662400000e+01	4		3		-4.134370e-09			
2.9662400000e+01	4		4		1.999560e-08			
2.9662400000e+01	4		5		2.226630e-07			
2.9662400000e+01	5		1		-2.208370e-26			
2.9662400000e+01	5		2		-1.453630e-14			
2.9662400000e+01	5		3		-1.611740e-10			
2.9662400000e+01	5		4		-8.336690e-09			
2.9662400000e+01	5		5		1.092670e-07			
3.1676400000e+01	1		1		4.641310e-08			
3.1676400000e+01	1		2		3.119640e-07			
3.1676400000e+01	1		3		5.467110e-07			
3.1676400000e+01	1		4		6.965240e-07			
3.1676400000e+01	1		5		8.315200e-07			
3.1676400000e+01	2		1		-1.068060e-09			
3.1676400000e+01	2		2		2.554490e-08			
3.1676400000e+01	2		3		2.051470e-07			
3.1676400000e+01	2		4		4.156480e-07			
3.1676400000e+01	2		5		6.049130e-07			
3.1676400000e+01	3		1		-1.380060e-11			
3.1676400000e+01	3		2		-2.181960e-09			
3.1676400000e+01	3		3		1.013670e-08			
3.1676400000e+01	3		4		1.677060e-07			
3.1676400000e+01	3		5		3.845760e-07			
3.1676400000e+01	4		1		-3.881090e-16			
3.1676400000e+01	4		2		-4.346290e-11			
3.1676400000e+01	4		3		-4.149960e-09			
3.1676400000e+01	4		4		2.000880e-08			
3.1676400000e+01	4		5		2.240550e-07			
3.1676400000e+01	5		1		-2.182370e-26			
3.1676400000e+01	5		2		-1.459790e-14			
3.1676400000e+01	5		3		-1.628900e-10			
3.1676400000e+01	5		4		-8.460710e-09			
3.1676400000e+01	5		5		1.108470e-07			
3.3827100000e+01	1		1		4.398150e-08			
3.3827100000e+01	1		2		2.947480e-07			
3.3827100000e+01	1		3		5.165120e-07			
3.3827100000e+01	1		4		6.580870e-07			
3.3827100000e+01	1		5		7.856580e-07			
3.3827100000e+01	2		1		-1.022680e-09			
3.3827100000e+01	2		2		2.423850e-08			
3.3827100000e+01	2		3		1.969560e-07			
3.3827100000e+01	2		4		4.004580e-07			
3.3827100000e+01	2		5		5.834690e-07			
3.3827100000e+01	3		1		-1.344690e-11			
3.3827100000e+01	3		2		-2.144700e-09			
3.3827100000e+01	3		3		9.831100e-09			
3.3827100000e+01	3		4		1.653470e-07			
3.3827100000e+01	3		5		3.799470e-07			
3.3827100000e+01	4		1		-3.810930e-16			
3.3827100000e+01	4		2		-4.322850e-11			
3.3827100000e+01	4		3		-4.148020e-09			
3.3827100000e+01	4		4		1.993230e-08			
3.3827100000e+01	4		5		2.245470e-07			
3.3827100000e+01	5		1		-2.145260e-26			
3.3827100000e+01	5		2		-1.459810e-14			
3.3827100000e+01	5		3		-1.640120e-10			
3.3827100000e+01	5		4		-8.557430e-09			
3.3827100000e+01	5		5		1.120640e-07			
3.6123900000e+01	1		1		4.170030e-08			
3.6123900000e+01	1		2		2.786270e-07			
3.6123900000e+01	1		3		4.879250e-07			
3.6123900000e+01	1		4		6.215690e-07			
3.6123900000e+01	1		5		7.419930e-07			
3.6123900000e+01	2		1		-9.737560e-10			
3.6123900000e+01	2		2		2.289290e-08			
3.6123900000e+01	2		3		1.880800e-07			
3.6123900000e+01	2		4		3.837210e-07			
3.6123900000e+01	2		5		5.597010e-07			
3.6123900000e+01	3		1		-1.302580e-11			
3.6123900000e+01	3		2		-2.096420e-09			
3.6123900000e+01	3		3		9.473290e-09			
3.6123900000e+01	3		4		1.621510e-07			
3.6123900000e+01	3		5		3.734160e-07			
3.6123900000e+01	4		1		-3.720980e-16			
3.6123900000e+01	4		2		-4.278570e-11			
3.6123900000e+01	4		3		-4.127280e-09			
3.6123900000e+01	4		4		1.976090e-08			
3.6123900000e+01	4		5		2.240660e-07			
3.6123900000e+01	5		1		-2.097020e-26			
3.6123900000e+01	5		2		-1.453250e-14			
3.6123900000e+01	5		3		-1.644820e-10			
3.6123900000e+01	5		4		-8.623590e-09			
3.6123900000e+01	5		5		1.128760e-07			
3.8576600000e+01	1		1		3.950070e-08			
3.8576600000e+01	1		2		2.635430e-07			
3.8576600000e+01	1		3		4.610560e-07			
3.8576600000e+01	1		4		5.871820e-07			
3.8576600000e+01	1		5		7.008300e-07			
3.8576600000e+01	2		1		-9.224600e-10			
3.8576600000e+01	2		2		2.154340e-08			
3.8576600000e+01	2		3		1.787230e-07			
3.8576600000e+01	2		4		3.657950e-07			
3.8576600000e+01	2		5		5.341050e-07			
3.8576600000e+01	3		1		-1.254330e-11			
3.8576600000e+01	3		2		-2.037440e-09			
3.8576600000e+01	3		3		9.068920e-09			
3.8576600000e+01	3		4		1.581270e-07			
3.8576600000e+01	3		5		3.649870e-07			
3.8576600000e+01	4		1		-3.611890e-16			
3.8576600000e+01	4		2		-4.211950e-11			
3.8576600000e+01	4		3		-4.086720e-09			
3.8576600000e+01	4		4		1.949060e-08			
3.8576600000e+01	4		5		2.225470e-07			
3.8576600000e+01	5		1		-2.037920e-26			
3.8576600000e+01	5		2		-1.439710e-14			
3.8576600000e+01	5		3		-1.642430e-10			
3.8576600000e+01	5		4		-8.655970e-09			
3.8576600000e+01	5		5		1.132430e-07			
4.1195800000e+01	1		1		3.731120e-08			
4.1195800000e+01	1		2		2.493240e-07			
4.1195800000e+01	1		3		4.358210e-07			
4.1195800000e+01	1		4		5.549040e-07			
4.1195800000e+01	1		5		6.622060e-07			
4.1195800000e+01	2		1		-8.700990e-10			
4.1195800000e+01	2		2		2.022660e-08			
4.1195800000e+01	2		3		1.691150e-07			
4.1195800000e+01	2		4		3.471010e-07			
4.1195800000e+01	2		5		5.072710e-07			
4.1195800000e+01	3		1		-1.200820e-11			
4.1195800000e+01	3		2		-1.968450e-09			
4.1195800000e+01	3		3		8.625720e-09			
4.1195800000e+01	3		4		1.533170e-07			
4.1195800000e+01	3		5		3.547220e-07			
4.1195800000e+01	4		1		-3.485000e-16			
4.1195800000e+01	4		2		-4.124470e-11			
4.1195800000e+01	4		3		-4.025660e-09			
4.1195800000e+01	4		4		1.911950e-08			
4.1195800000e+01	4		5		2.199440e-07			
4.1195800000e+01	5		1		-1.968650e-26			
4.1195800000e+01	5		2		-1.418940e-14			
4.1195800000e+01	5		3		-1.632470e-10			
4.1195800000e+01	5		4		-8.651590e-09			
4.1195800000e+01	5		5		1.131250e-07			
4.3992900000e+01	1		1		3.507280e-08			
4.3992900000e+01	1		2		2.357160e-07			
4.3992900000e+01	1		3		4.119760e-07			
4.3992900000e+01	1		4		5.245000e-07			
4.3992900000e+01	1		5		6.258930e-07			
4.3992900000e+01	2		1		-8.181290e-10			
4.3992900000e+01	2		2		1.897850e-08			
4.3992900000e+01	2		3		1.595050e-07			
4.3992900000e+01	2		4		3.281070e-07			
4.3992900000e+01	2		5		4.798640e-07			
4.3992900000e+01	3		1		-1.143200e-11			
4.3992900000e+01	3		2		-1.890580e-09			
4.3992900000e+01	3		3		8.153840e-09			
4.3992900000e+01	3		4		1.477850e-07			
4.3992900000e+01	3		5		3.427470e-07			
4.3992900000e+01	4		1		-3.342430e-16			
4.3992900000e+01	4		2		-4.015670e-11			
4.3992900000e+01	4		3		-3.943880e-09			
4.3992900000e+01	4		4		1.864830e-08			
4.3992900000e+01	4		5		2.162290e-07			
4.3992900000e+01	5		1		-1.890290e-26			
4.3992900000e+01	5		2		-1.390840e-14			
4.3992900000e+01	5		3		-1.614550e-10			
4.3992900000e+01	5		4		-8.607770e-09			
4.3992900000e+01	5		5		1.124890e-07			
4.6979900000e+01	1		1		3.275490e-08			
4.6979900000e+01	1		2		2.224370e-07			
4.6979900000e+01	1		3		3.891570e-07			
4.6979900000e+01	1		4		4.955640e-07			
4.6979900000e+01	1		5		5.914470e-07			
4.6979900000e+01	2		1		-7.681430e-10			
4.6979900000e+01	2		2		1.783170e-08			
4.6979900000e+01	2		3		1.501450e-07			
4.6979900000e+01	2		4		3.093040e-07			
4.6979900000e+01	2		5		4.525900e-07			
4.6979900000e+01	3		1		-1.082910e-11			
4.6979900000e+01	3		2		-1.805370e-09			
4.6979900000e+01	3		3		7.665690e-09			
4.6979900000e+01	3		4		1.416310e-07			
4.6979900000e+01	3		5		3.292590e-07			
4.6979900000e+01	4		1		-3.187100e-16			
4.6979900000e+01	4		2		-3.886660e-11			
4.6979900000e+01	4		3		-3.841710e-09			
4.6979900000e+01	4		4		1.808070e-08			
4.6979900000e+01	4		5		2.114000e-07			
4.6979900000e+01	5		1		-1.804410e-26			
4.6979900000e+01	5		2		-1.355490e-14			
4.6979900000e+01	5		3		-1.588440e-10			
4.6979900000e+01	5		4		-8.522360e-09			
4.6979900000e+01	5		5		1.113070e-07			
5.0169700000e+01	1		1		3.036430e-08			
5.0169700000e+01	1		2		2.092380e-07			
5.0169700000e+01	1		3		3.669600e-07			
5.0169700000e+01	1		4		4.676030e-07			
5.0169700000e+01	1		5		5.582930e-07			
5.0169700000e+01	2		1		-7.216390e-10			
5.0169700000e+01	2		2		1.680810e-08			
5.0169700000e+01	2		3		1.412700e-07			
5.0169700000e+01	2		4		2.911750e-07			
5.0169700000e+01	2		5		4.261630e-07			
5.0169700000e+01	3		1		-1.021500e-11			
5.0169700000e+01	3		2		-1.714810e-09			
5.0169700000e+01	3		3		7.175250e-09			
5.0169700000e+01	3		4		1.349870e-07			
5.0169700000e+01	3		5		3.145290e-07			
5.0169700000e+01	4		1		-3.022720e-16			
5.0169700000e+01	4		2		-3.739340e-11			
5.0169700000e+01	4		3		-3.720140e-09			
5.0169700000e+01	4		4		1.742400e-08			
5.0169700000e+01	4		5		2.054910e-07			
5.0169700000e+01	5		1		-1.713000e-26			
5.0169700000e+01	5		2		-1.313200e-14			
5.0169700000e+01	5		3		-1.554100e-10			
5.0169700000e+01	5		4		-8.393950e-09			
5.0169700000e+01	5		5		1.095640e-07			
5.3576100000e+01	1		1		2.794540e-08			
5.3576100000e+01	1		2		1.959580e-07			
5.3576100000e+01	1		3		3.450130e-07			
5.3576100000e+01	1		4		4.401410e-07			
5.3576100000e+01	1		5		5.258470e-07			
5.3576100000e+01	2		1		-6.796820e-10			
5.3576100000e+01	2		2		1.591400e-08			
5.3576100000e+01	2		3		1.330690e-07			
5.3576100000e+01	2		4		2.741340e-07			
5.3576100000e+01	2		5		4.011650e-07			
5.3576100000e+01	3		1		-9.605640e-12			
5.3576100000e+01	3		2		-1.621210e-09			
5.3576100000e+01	3		3		6.696750e-09			
5.3576100000e+01	3		4		1.280110e-07			
5.3576100000e+01	3		5		2.988950e-07			
5.3576100000e+01	4		1		-2.853670e-16			
5.3576100000e+01	4		2		-3.576490e-11			
5.3576100000e+01	4		3		-3.580940e-09			
5.3576100000e+01	4		4		1.668960e-08			
5.3576100000e+01	4		5		1.985710e-07			
5.3576100000e+01	5		1		-1.618450e-26			
5.3576100000e+01	5		2		-1.264570e-14			
5.3576100000e+01	5		3		-1.511700e-10			
5.3576100000e+01	5		4		-8.222060e-09			
5.3576100000e+01	5		5		1.072540e-07			
5.7213700000e+01	1		1		2.557000e-08			
5.7213700000e+01	1		2		1.825580e-07			
5.7213700000e+01	1		3		3.231180e-07			
5.7213700000e+01	1		4		4.128100e-07			
5.7213700000e+01	1		5		4.936310e-07			
5.7213700000e+01	2		1		-6.427360e-10			
5.7213700000e+01	2		2		1.513720e-08			
5.7213700000e+01	2		3		1.256580e-07			
5.7213700000e+01	2		4		2.584930e-07			
5.7213700000e+01	2		5		3.781180e-07			
5.7213700000e+01	3		1		-9.017510e-12			
5.7213700000e+01	3		2		-1.526960e-09			
5.7213700000e+01	3		3		6.243140e-09			
5.7213700000e+01	3		4		1.208810e-07			
5.7213700000e+01	3		5		2.827440e-07			
5.7213700000e+01	4		1		-2.684640e-16			
5.7213700000e+01	4		2		-3.401740e-11			
5.7213700000e+01	4		3		-3.426690e-09			
5.7213700000e+01	4		4		1.589310e-08			
5.7213700000e+01	4		5		1.907510e-07			
5.7213700000e+01	5		1		-1.523440e-26			
5.7213700000e+01	5		2		-1.210480e-14			
5.7213700000e+01	5		3		-1.461720e-10			
5.7213700000e+01	5		4		-8.007390e-09			
5.7213700000e+01	5		5		1.043900e-07			
6.1098400000e+01	1		1		2.331760e-08			
6.1098400000e+01	1		2		1.691390e-07			
6.1098400000e+01	1		3		3.011330e-07			
6.1098400000e+01	1		4		3.854170e-07			
6.1098400000e+01	1		5		4.613510e-07			
6.1098400000e+01	2		1		-6.106960e-10			
6.1098400000e+01	2		2		1.445010e-08			
6.1098400000e+01	2		3		1.190290e-07			
6.1098400000e+01	2		4		2.443630e-07			
6.1098400000e+01	2		5		3.572290e-07			
6.1098400000e+01	3		1		-8.468190e-12			
6.1098400000e+01	3		2		-1.434540e-09			
6.1098400000e+01	3		3		5.827440e-09			
6.1098400000e+01	3		4		1.137820e-07			
6.1098400000e+01	3		5		2.664950e-07			
6.1098400000e+01	4		1		-2.519000e-16			
6.1098400000e+01	4		2		-3.219490e-11			
6.1098400000e+01	4		3		-3.260790e-09			
6.1098400000e+01	4		4		1.505370e-08			
6.1098400000e+01	4		5		1.821880e-07			
6.1098400000e+01	5		1		-1.429900e-26			
6.1098400000e+01	5		2		-1.152090e-14			
6.1098400000e+01	5		3		-1.404930e-10			
6.1098400000e+01	5		4		-7.752060e-09			
6.1098400000e+01	5		5		1.010010e-07			
6.5246800000e+01	1		1		2.125400e-08			
6.5246800000e+01	1		2		1.558830e-07			
6.5246800000e+01	1		3		2.791930e-07			
6.5246800000e+01	1		4		3.579450e-07			
6.5246800000e+01	1		5		4.289170e-07			
6.5246800000e+01	2		1		-5.828650e-10			
6.5246800000e+01	2		2		1.381110e-08			
6.5246800000e+01	2		3		1.131090e-07			
6.5246800000e+01	2		4		2.317200e-07			
6.5246800000e+01	2		5		3.385110e-07			
6.5246800000e+01	3		1		-7.972090e-12			
6.5246800000e+01	3		2		-1.346700e-09			
6.5246800000e+01	3		3		5.463340e-09			
6.5246800000e+01	3		4		1.069120e-07			
6.5246800000e+01	3		5		2.505890e-07			
6.5246800000e+01	4		1		-2.362590e-16			
6.5246800000e+01	4		2		-3.034610e-11			
6.5246800000e+01	4		3		-3.087410e-09			
6.5246800000e+01	4		4		1.419410e-08			
6.5246800000e+01	4		5		1.730800e-07			
6.5246800000e+01	5		1		-1.340810e-26			
6.5246800000e+01	5		2		-1.090880e-14			
6.5246800000e+01	5		3		-1.342420e-10			
6.5246800000e+01	5		4		-7.459800e-09			
6.5246800000e+01	5		5		9.713870e-08			
6.9676800000e+01	1		1		1.941260e-08			
6.9676800000e+01	1		2		1.430460e-07			
6.9676800000e+01	1		3		2.574800e-07			
6.9676800000e+01	1		4		3.306540e-07			
6.9676800000e+01	1		5		3.965850e-07			
6.9676800000e+01	2		1		-5.577340e-10			
6.9676800000e+01	2		2		1.316690e-08			
6.9676800000e+01	2		3		1.076920e-07			
6.9676800000e+01	2		4		2.202770e-07			
6.9676800000e+01	2		5		3.216400e-07			
6.9676800000e+01	3		1		-7.534690e-12			
6.9676800000e+01	3		2		-1.265980e-09			
6.9676800000e+01	3		3		5.159040e-09			
6.9676800000e+01	3		4		1.004600e-07			
6.9676800000e+01	3		5		2.354630e-07			
6.9676800000e+01	4		1		-2.220550e-16			
6.9676800000e+01	4		2		-2.851720e-11			
6.9676800000e+01	4		3		-2.911150e-09			
6.9676800000e+01	4		4		1.333750e-08			
6.9676800000e+01	4		5		1.636590e-07			
6.9676800000e+01	5		1		-1.259390e-26			
6.9676800000e+01	5		2		-1.028510e-14			
6.9676800000e+01	5		3		-1.275630e-10			
6.9676800000e+01	5		4		-7.136050e-09			
6.9676800000e+01	5		5		9.287750e-08			
7.4407700000e+01	1		1		1.778810e-08			
7.4407700000e+01	1		2		1.308820e-07			
7.4407700000e+01	1		3		2.363500e-07			
7.4407700000e+01	1		4		3.038680e-07			
7.4407700000e+01	1		5		3.647000e-07			
7.4407700000e+01	2		1		-5.330210e-10			
7.4407700000e+01	2		2		1.246220e-08			
7.4407700000e+01	2		3		1.024870e-07			
7.4407700000e+01	2		4		2.095870e-07			
7.4407700000e+01	2		5		3.059930e-07			
7.4407700000e+01	3		1		-7.152930e-12			
7.4407700000e+01	3		2		-1.193920e-09			
7.4407700000e+01	3		3		4.911110e-09			
7.4407700000e+01	3		4		9.457880e-08			
7.4407700000e+01	3		5		2.214970e-07			
7.4407700000e+01	4		1		-2.095300e-16			
7.4407700000e+01	4		2		-2.675830e-11			
7.4407700000e+01	4		3		-2.736390e-09			
7.4407700000e+01	4		4		1.250550e-08			
7.4407700000e+01	4		5		1.541690e-07			
7.4407700000e+01	5		1		-1.187290e-26			
7.4407700000e+01	5		2		-9.666130e-15			
7.4407700000e+01	5		3		-1.206300e-10			
7.4407700000e+01	5		4		-6.788050e-09			
7.4407700000e+01	5		5		8.831370e-08			
7.9459700000e+01	1		1		1.634400e-08			
7.9459700000e+01	1		2		1.195920e-07			
7.9459700000e+01	1		3		2.161940e-07			
7.9459700000e+01	1		4		2.781040e-07			
7.9459700000e+01	1		5		3.338810e-07			
7.9459700000e+01	2		1		-5.062370e-10			
7.9459700000e+01	2		2		1.165640e-08			
7.9459700000e+01	2		3		9.718300e-08			
7.9459700000e+01	2		4		1.990730e-07			
7.9459700000e+01	2		5		2.907760e-07			
7.9459700000e+01	3		1		-6.817870e-12			
7.9459700000e+01	3		2		-1.130700e-09			
7.9459700000e+01	3		3		4.706310e-09			
7.9459700000e+01	3		4		8.934410e-08			
7.9459700000e+01	3		5		2.089380e-07			
7.9459700000e+01	4		1		-1.986590e-16			
7.9459700000e+01	4		2		-2.512680e-11			
7.9459700000e+01	4		3		-2.568000e-09			
7.9459700000e+01	4		4		1.172250e-08			
7.9459700000e+01	4		5		1.448610e-07			
7.9459700000e+01	5		1		-1.124650e-26			
7.9459700000e+01	5		2		-9.065180e-15			
7.9459700000e+01	5		3		-1.136270e-10			
7.9459700000e+01	5		4		-6.424650e-09			
7.9459700000e+01	5		5		8.356340e-08			
8.4854800000e+01	1		1		1.503060e-08			
8.4854800000e+01	1		2		1.092900e-07			
8.4854800000e+01	1		3		1.973780e-07			
8.4854800000e+01	1		4		2.538800e-07			
8.4854800000e+01	1		5		3.047810e-07			
8.4854800000e+01	2		1		-4.754630e-10			
8.4854800000e+01	2		2		1.074070e-08			
8.4854800000e+01	2		3		9.150570e-08			
8.4854800000e+01	2		4		1.881740e-07			
8.4854800000e+01	2		5		2.751730e-07			
8.4854800000e+01	3		1		-6.516120e-12			
8.4854800000e+01	3		2		-1.075460e-09			
8.4854800000e+01	3		3		4.528400e-09			
8.4854800000e+01	3		4		8.474250e-08			
8.4854800000e+01	3		5		1.978400e-07			
8.4854800000e+01	4		1		-1.891830e-16			
8.4854800000e+01	4		2		-2.366330e-11			
8.4854800000e+01	4		3		-2.411380e-09			
8.4854800000e+01	4		4		1.101450e-08			
8.4854800000e+01	4		5		1.360040e-07			
8.4854800000e+01	5		1		-1.070220e-26			
8.4854800000e+01	5		2		-8.505980e-15			
8.4854800000e+01	5		3		-1.067250e-10			
8.4854800000e+01	5		4		-6.055680e-09			
8.4854800000e+01	5		5		7.875200e-08			
9.0616200000e+01	1		1		1.380540e-08			
9.0616200000e+01	1		2		9.999010e-08			
9.0616200000e+01	1		3		1.801640e-07			
9.0616200000e+01	1		4		2.316080e-07			
9.0616200000e+01	1		5		2.779690e-07			
9.0616200000e+01	2		1		-4.400600e-10			
9.0616200000e+01	2		2		9.747010e-09			
9.0616200000e+01	2		3		8.529630e-08			
9.0616200000e+01	2		4		1.764750e-07			
9.0616200000e+01	2		5		2.585290e-07			
9.0616200000e+01	3		1		-6.225410e-12			
9.0616200000e+01	3		2		-1.026660e-09			
9.0616200000e+01	3		3		4.359680e-09			
9.0616200000e+01	3		4		8.068450e-08			
9.0616200000e+01	3		5		1.880670e-07			
9.0616200000e+01	4		1		-1.807790e-16			
9.0616200000e+01	4		2		-2.237990e-11			
9.0616200000e+01	4		3		-2.270490e-09			
9.0616200000e+01	4		4		1.039560e-08			
9.0616200000e+01	4		5		1.278510e-07			
9.0616200000e+01	5		1		-1.021950e-26			
9.0616200000e+01	5		2		-8.003760e-15			
9.0616200000e+01	5		3		-1.001230e-10			
9.0616200000e+01	5		4		-5.690090e-09			
9.0616200000e+01	5		5		7.400110e-08			
9.6768800000e+01	1		1		1.264540e-08			
9.6768800000e+01	1		2		9.161770e-08			
9.6768800000e+01	1		3		1.646890e-07			
9.6768800000e+01	1		4		2.115630e-07			
9.6768800000e+01	1		5		2.537770e-07			
9.6768800000e+01	2		1		-4.010770e-10			
9.6768800000e+01	2		2		8.742800e-09			
9.6768800000e+01	2		3		7.860110e-08			
9.6768800000e+01	2		4		1.638290e-07			
9.6768800000e+01	2		5		2.405470e-07			
9.6768800000e+01	3		1		-5.915720e-12			
9.6768800000e+01	3		2		-9.815060e-10			
9.6768800000e+01	3		3		4.174080e-09			
9.6768800000e+01	3		4		7.700490e-08			
9.6768800000e+01	3		5		1.793090e-07			
9.6768800000e+01	4		1		-1.732640e-16			
9.6768800000e+01	4		2		-2.126210e-11			
9.6768800000e+01	4		3		-2.146650e-09			
9.6768800000e+01	4		4		9.862640e-09			
9.6768800000e+01	4		5		1.205620e-07			
9.6768800000e+01	5		1		-9.797170e-27			
9.6768800000e+01	5		2		-7.564200e-15			
9.6768800000e+01	5		3		-9.404300e-11			
9.6768800000e+01	5		4		-5.338030e-09			
9.6768800000e+01	5		5		6.944630e-08			
1.0333900000e+02	1		1		1.154880e-08			
1.0333900000e+02	1		2		8.403530e-08			
1.0333900000e+02	1		3		1.508540e-07			
1.0333900000e+02	1		4		1.936880e-07			
1.0333900000e+02	1		5		2.322770e-07			
1.0333900000e+02	2		1		-3.611230e-10			
1.0333900000e+02	2		2		7.811470e-09			
1.0333900000e+02	2		3		7.166820e-08			
1.0333900000e+02	2		4		1.504750e-07			
1.0333900000e+02	2		5		2.214440e-07			
1.0333900000e+02	3		1		-5.562660e-12			
1.0333900000e+02	3		2		-9.356910e-10			
1.0333900000e+02	3		3		3.940550e-09			
1.0333900000e+02	3		4		7.345510e-08			
1.0333900000e+02	3		5		1.710710e-07			
1.0333900000e+02	4		1		-1.652840e-16			
1.0333900000e+02	4		2		-2.028040e-11			
1.0333900000e+02	4		3		-2.038670e-09			
1.0333900000e+02	4		4		9.401330e-09			
1.0333900000e+02	4		5		1.141620e-07			
1.0333900000e+02	5		1		-9.358330e-27			
1.0333900000e+02	5		2		-7.183060e-15			
1.0333900000e+02	5		3		-8.862170e-11			
1.0333900000e+02	5		4		-5.011570e-09			
1.0333900000e+02	5		5		6.523160e-08			
1.1035600000e+02	1		1		1.052590e-08			
1.1035600000e+02	1		2		7.707850e-08			
1.1035600000e+02	1		3		1.384220e-07			
1.1035600000e+02	1		4		1.777140e-07			
1.1035600000e+02	1		5		2.131130e-07			
1.1035600000e+02	2		1		-3.236610e-10			
1.1035600000e+02	2		2		7.025170e-09			
1.1035600000e+02	2		3		6.488730e-08			
1.1035600000e+02	2		4		1.369810e-07			
1.1035600000e+02	2		5		2.019430e-07			
1.1035600000e+02	3		1		-5.156580e-12			
1.1035600000e+02	3		2		-8.850020e-10			
1.1035600000e+02	3		3		3.640730e-09			
1.1035600000e+02	3		4		6.974150e-08			
1.1035600000e+02	3		5		1.627320e-07			
1.1035600000e+02	4		1		-1.562710e-16			
1.1035600000e+02	4		2		-1.939760e-11			
1.1035600000e+02	4		3		-1.943950e-09			
1.1035600000e+02	4		4		8.993570e-09			
1.1035600000e+02	4		5		1.085630e-07			
1.1035600000e+02	5		1		-8.869080e-27			
1.1035600000e+02	5		2		-6.848930e-15			
1.1035600000e+02	5		3		-8.388500e-11			
1.1035600000e+02	5		4		-4.719020e-09			
1.1035600000e+02	5		5		6.145580e-08			
1.1784800000e+02	1		1		9.588990e-09			
1.1784800000e+02	1		2		7.060080e-08			
1.1784800000e+02	1		3		1.270500e-07			
1.1784800000e+02	1		4		1.631880e-07			
1.1784800000e+02	1		5		1.957470e-07			
1.1784800000e+02	2		1		-2.918130e-10			
1.1784800000e+02	2		2		6.416530e-09			
1.1784800000e+02	2		3		5.867000e-08			
1.1784800000e+02	2		4		1.240870e-07			
1.1784800000e+02	2		5		1.830690e-07			
1.1784800000e+02	3		1		-4.705400e-12			
1.1784800000e+02	3		2		-8.266900e-10			
1.1784800000e+02	3		3		3.279730e-09			
1.1784800000e+02	3		4		6.560730e-08			
1.1784800000e+02	3		5		1.536740e-07			
1.1784800000e+02	4		1		-1.456480e-16			
1.1784800000e+02	4		2		-1.853600e-11			
1.1784800000e+02	4		3		-1.858990e-09			
1.1784800000e+02	4		4		8.616020e-09			
1.1784800000e+02	4		5		1.036020e-07			
1.1784800000e+02	5		1		-8.292530e-27			
1.1784800000e+02	5		2		-6.552960e-15			
1.1784800000e+02	5		3		-7.976000e-11			
1.1784800000e+02	5		4		-4.462850e-09			
1.1784800000e+02	5		5		5.814450e-08			
1.2585000000e+02	1		1		8.743810e-09			
1.2585000000e+02	1		2		6.451540e-08			
1.2585000000e+02	1		3		1.164180e-07			
1.2585000000e+02	1		4		1.496480e-07			
1.2585000000e+02	1		5		1.795870e-07			
1.2585000000e+02	2		1		-2.670190e-10			
1.2585000000e+02	2		2		5.962210e-09			
1.2585000000e+02	2		3		5.330400e-08			
1.2585000000e+02	2		4		1.124630e-07			
1.2585000000e+02	2		5		1.658280e-07			
1.2585000000e+02	3		1		-4.236220e-12			
1.2585000000e+02	3		2		-7.605190e-10			
1.2585000000e+02	3		3		2.884830e-09			
1.2585000000e+02	3		4		6.093140e-08			
1.2585000000e+02	3		5		1.434900e-07			
1.2585000000e+02	4		1		-1.334160e-16			
1.2585000000e+02	4		2		-1.759680e-11			
1.2585000000e+02	4		3		-1.776350e-09			
1.2585000000e+02	4		4		8.223270e-09			
1.2585000000e+02	4		5		9.899990e-08			
1.2585000000e+02	5		1		-7.621350e-27			
1.2585000000e+02	5		2		-6.275140e-15			
1.2585000000e+02	5		3		-7.612980e-11			
1.2585000000e+02	5		4		-4.239970e-09			
1.2585000000e+02	5		5		5.525680e-08			
1.3439500000e+02	1		1		7.987420e-09			
1.3439500000e+02	1		2		5.881730e-08			
1.3439500000e+02	1		3		1.063520e-07			
1.3439500000e+02	1		4		1.368060e-07			
1.3439500000e+02	1		5		1.642430e-07			
1.3439500000e+02	2		1		-2.482170e-10			
1.3439500000e+02	2		2		5.590280e-09			
1.3439500000e+02	2		3		4.884410e-08			
1.3439500000e+02	2		4		1.024720e-07			
1.3439500000e+02	2		5		1.508560e-07			
1.3439500000e+02	3		1		-3.787760e-12			
1.3439500000e+02	3		2		-6.892440e-10			
1.3439500000e+02	3		3		2.499750e-09			
1.3439500000e+02	3		4		5.578930e-08			
1.3439500000e+02	3		5		1.321750e-07			
1.3439500000e+02	4		1		-1.202270e-16			
1.3439500000e+02	4		2		-1.651390e-11			
1.3439500000e+02	4		3		-1.687040e-09			
1.3439500000e+02	4		4		7.767240e-09			
1.3439500000e+02	4		5		9.434830e-08			
1.3439500000e+02	5		1		-6.885930e-27			
1.3439500000e+02	5		2		-5.970760e-15			
1.3439500000e+02	5		3		-7.285650e-11			
1.3439500000e+02	5		4		-4.044550e-09			
1.3439500000e+02	5		5		5.271790e-08			
1.4352000000e+02	1		1		7.309710e-09			
1.4352000000e+02	1		2		5.356330e-08			
1.4352000000e+02	1		3		9.687570e-08			
1.4352000000e+02	1		4		1.246500e-07			
1.4352000000e+02	1		5		1.496720e-07			
1.4352000000e+02	2		1		-2.322280e-10			
1.4352000000e+02	2		2		5.214390e-09			
1.4352000000e+02	2		3		4.509790e-08			
1.4352000000e+02	2		4		9.404990e-08			
1.4352000000e+02	2		5		1.382090e-07			
1.4352000000e+02	3		1		-3.398430e-12			
1.4352000000e+02	3		2		-6.180350e-10			
1.4352000000e+02	3		3		2.172530e-09			
1.4352000000e+02	3		4		5.044570e-08			
1.4352000000e+02	3		5		1.201540e-07			
1.4352000000e+02	4		1		-1.071730e-16			
1.4352000000e+02	4		2		-1.526100e-11			
1.4352000000e+02	4		3		-1.584360e-09			
1.4352000000e+02	4		4		7.224710e-09			
1.4352000000e+02	4		5		8.922020e-08			
1.4352000000e+02	5		1		-6.144570e-27			
1.4352000000e+02	5		2		-5.619180e-15			
1.4352000000e+02	5		3		-6.958620e-11			
1.4352000000e+02	5		4		-3.870420e-09			
1.4352000000e+02	5		5		5.041800e-08			
1.5326400000e+02	1		1		6.697660e-09			
1.5326400000e+02	1		2		4.881470e-08			
1.5326400000e+02	1		3		8.814580e-08			
1.5326400000e+02	1		4		1.133820e-07			
1.5326400000e+02	1		5		1.361160e-07			
1.5326400000e+02	2		1		-2.155470e-10			
1.5326400000e+02	2		2		4.781280e-09			
1.5326400000e+02	2		3		4.171780e-08			
1.5326400000e+02	2		4		8.675360e-08			
1.5326400000e+02	2		5		1.273530e-07			
1.5326400000e+02	3		1		-3.092160e-12			
1.5326400000e+02	3		2		-5.530390e-10			
1.5326400000e+02	3		3		1.938540e-09			
1.5326400000e+02	3		4		4.529350e-08			
1.5326400000e+02	3		5		1.082050e-07			
1.5326400000e+02	4		1		-9.549010e-17			
1.5326400000e+02	4		2		-1.387360e-11			
1.5326400000e+02	4		3		-1.465760e-09			
1.5326400000e+02	4		4		6.598570e-09			
1.5326400000e+02	4		5		8.334120e-08			
1.5326400000e+02	5		1		-5.466870e-27			
1.5326400000e+02	5		2		-5.205230e-15			
1.5326400000e+02	5		3		-6.595930e-11			
1.5326400000e+02	5		4		-3.700450e-09			
1.5326400000e+02	5		5		4.814310e-08			
1.6367100000e+02	1		1		6.140270e-09			
1.6367100000e+02	1		2		4.457760e-08			
1.6367100000e+02	1		3		8.030190e-08			
1.6367100000e+02	1		4		1.032220e-07			
1.6367100000e+02	1		5		1.238700e-07			
1.6367100000e+02	2		1		-1.965850e-10			
1.6367100000e+02	2		2		4.301510e-09			
1.6367100000e+02	2		3		3.841040e-08			
1.6367100000e+02	2		4		8.003040e-08			
1.6367100000e+02	2		5		1.175310e-07			
1.6367100000e+02	3		1		-2.865970e-12			
1.6367100000e+02	3		2		-4.992850e-10			
1.6367100000e+02	3		3		1.805290e-09			
1.6367100000e+02	3		4		4.072940e-08			
1.6367100000e+02	3		5		9.723060e-08			
1.6367100000e+02	4		1		-8.620290e-17			
1.6367100000e+02	4		2		-1.244490e-11			
1.6367100000e+02	4		3		-1.334090e-09			
1.6367100000e+02	4		4		5.923310e-09			
1.6367100000e+02	4		5		7.668470e-08			
1.6367100000e+02	5		1		-4.916070e-27			
1.6367100000e+02	5		2		-4.737530e-15			
1.6367100000e+02	5		3		-6.174260e-11			
1.6367100000e+02	5		4		-3.514560e-09			
1.6367100000e+02	5		5		4.565110e-08			
1.7478300000e+02	1		1		5.631600e-09			
1.7478300000e+02	1		2		4.078800e-08			
1.7478300000e+02	1		3		7.334140e-08			
1.7478300000e+02	1		4		9.421360e-08			
1.7478300000e+02	1		5		1.130170e-07			
1.7478300000e+02	2		1		-1.765980e-10			
1.7478300000e+02	2		2		3.836420e-09			
1.7478300000e+02	2		3		3.505360e-08			
1.7478300000e+02	2		4		7.345530e-08			
1.7478300000e+02	2		5		1.080420e-07			
1.7478300000e+02	3		1		-2.688210e-12			
1.7478300000e+02	3		2		-4.584530e-10			
1.7478300000e+02	3		3		1.743690e-09			
1.7478300000e+02	3		4		3.700500e-08			
1.7478300000e+02	3		5		8.793660e-08			
1.7478300000e+02	4		1		-7.958400e-17			
1.7478300000e+02	4		2		-1.109940e-11			
1.7478300000e+02	4		3		-1.197910e-09			
1.7478300000e+02	4		4		5.258630e-09			
1.7478300000e+02	4		5		6.951540e-08			
1.7478300000e+02	5		1		-4.518530e-27			
1.7478300000e+02	5		2		-4.247090e-15			
1.7478300000e+02	5		3		-5.686710e-11			
1.7478300000e+02	5		4		-3.299020e-09			
1.7478300000e+02	5		5		4.277530e-08			
1.8665100000e+02	1		1		5.170040e-09			
1.8665100000e+02	1		2		3.735350e-08			
1.8665100000e+02	1		3		6.711670e-08			
1.8665100000e+02	1		4		8.618810e-08			
1.8665100000e+02	1		5		1.033700e-07			
1.8665100000e+02	2		1		-1.583410e-10			
1.8665100000e+02	2		2		3.447460e-09			
1.8665100000e+02	2		3		3.174990e-08			
1.8665100000e+02	2		4		6.693510e-08			
1.8665100000e+02	2		5		9.863160e-08			
1.8665100000e+02	3		1		-2.512440e-12			
1.8665100000e+02	3		2		-4.277170e-10			
1.8665100000e+02	3		3		1.695590e-09			
1.8665100000e+02	3		4		3.411140e-08			
1.8665100000e+02	3		5		8.054420e-08			
1.8665100000e+02	4		1		-7.490300e-17			
1.8665100000e+02	4		2		-9.955950e-12			
1.8665100000e+02	4		3		-1.068890e-09			
1.8665100000e+02	4		4		4.670360e-09			
1.8665100000e+02	4		5		6.234150e-08			
1.8665100000e+02	5		1		-4.242990e-27			
1.8665100000e+02	5		2		-3.777290e-15			
1.8665100000e+02	5		3		-5.151540e-11			
1.8665100000e+02	5		4		-3.047920e-09			
1.8665100000e+02	5		5		3.946360e-08			
1.9932400000e+02	1		1		4.754530e-09			
1.9932400000e+02	1		2		3.421040e-08			
1.9932400000e+02	1		3		6.144930e-08			
1.9932400000e+02	1		4		7.890040e-08			
1.9932400000e+02	1		5		9.462260e-08			
1.9932400000e+02	2		1		-1.435510e-10			
1.9932400000e+02	2		2		3.148490e-09			
1.9932400000e+02	2		3		2.868920e-08			
1.9932400000e+02	2		4		6.064350e-08			
1.9932400000e+02	2		5		8.944880e-08			
1.9932400000e+02	3		1		-2.304050e-12			
1.9932400000e+02	3		2		-4.006860e-10			
1.9932400000e+02	3		3		1.600350e-09			
1.9932400000e+02	3		4		3.176510e-08			
1.9932400000e+02	3		5		7.466440e-08			
1.9932400000e+02	4		1		-7.072540e-17			
1.9932400000e+02	4		2		-9.080600e-12			
1.9932400000e+02	4		3		-9.583830e-10			
1.9932400000e+02	4		4		4.209430e-09			
1.9932400000e+02	4		5		5.576810e-08			
1.9932400000e+02	5		1		-4.014010e-27			
1.9932400000e+02	5		2		-3.373060e-15			
1.9932400000e+02	5		3		-4.607940e-11			
1.9932400000e+02	5		4		-2.768440e-09			
1.9932400000e+02	5		5		3.582330e-08			
2.1285700000e+02	1		1		4.381490e-09			
2.1285700000e+02	1		2		3.134410e-08			
2.1285700000e+02	1		3		5.624540e-08			
2.1285700000e+02	1		4		7.220220e-08			
2.1285700000e+02	1		5		8.657810e-08			
2.1285700000e+02	2		1		-1.316150e-10			
2.1285700000e+02	2		2		2.902700e-09			
2.1285700000e+02	2		3		2.600160e-08			
2.1285700000e+02	2		4		5.485130e-08			
2.1285700000e+02	2		5		8.087660e-08			
2.1285700000e+02	3		1		-2.065240e-12			
2.1285700000e+02	3		2		-3.707650e-10			
2.1285700000e+02	3		3		1.431970e-09			
2.1285700000e+02	3		4		2.954130e-08			
2.1285700000e+02	3		5		6.946400e-08			
2.1285700000e+02	4		1		-6.547510e-17			
2.1285700000e+02	4		2		-8.447780e-12			
2.1285700000e+02	4		3		-8.729740e-10			
2.1285700000e+02	4		4		3.888420e-09			
2.1285700000e+02	4		5		5.029250e-08			
2.1285700000e+02	5		1		-3.737750e-27			
2.1285700000e+02	5		2		-3.064870e-15			
2.1285700000e+02	5		3		-4.104860e-11			
2.1285700000e+02	5		4		-2.479720e-09			
2.1285700000e+02	5		5		3.210550e-08			
2.2730900000e+02	1		1		4.045110e-09			
2.2730900000e+02	1		2		2.875910e-08			
2.2730900000e+02	1		3		5.150670e-08			
2.2730900000e+02	1		4		6.608530e-08			
2.2730900000e+02	1		5		7.921940e-08			
2.2730900000e+02	2		1		-1.206730e-10			
2.2730900000e+02	2		2		2.664880e-09			
2.2730900000e+02	2		3		2.367580e-08			
2.2730900000e+02	2		4		4.972830e-08			
2.2730900000e+02	2		5		7.323530e-08			
2.2730900000e+02	3		1		-1.832930e-12			
2.2730900000e+02	3		2		-3.356380e-10			
2.2730900000e+02	3		3		1.222220e-09			
2.2730900000e+02	3		4		2.711810e-08			
2.2730900000e+02	3		5		6.411920e-08			
2.2730900000e+02	4		1		-5.869980e-17			
2.2730900000e+02	4		2		-7.942680e-12			
2.2730900000e+02	4		3		-8.107330e-10			
2.2730900000e+02	4		4		3.668250e-09			
2.2730900000e+02	4		5		4.609070e-08			
2.2730900000e+02	5		1		-3.368870e-27			
2.2730900000e+02	5		2		-2.849580e-15			
2.2730900000e+02	5		3		-3.686590e-11			
2.2730900000e+02	5		4		-2.207440e-09			
2.2730900000e+02	5		5		2.863400e-08			
2.4274300000e+02	1		1		3.740220e-09			
2.4274300000e+02	1		2		2.644040e-08			
2.4274300000e+02	1		3		4.724770e-08			
2.4274300000e+02	1		4		6.057930e-08			
2.4274300000e+02	1		5		7.259010e-08			
2.4274300000e+02	2		1		-1.097640e-10			
2.4274300000e+02	2		2		2.422620e-09			
2.4274300000e+02	2		3		2.160890e-08			
2.4274300000e+02	2		4		4.525770e-08			
2.4274300000e+02	2		5		6.659030e-08			
2.4274300000e+02	3		1		-1.645410e-12			
2.4274300000e+02	3		2		-2.988610e-10			
2.4274300000e+02	3		3		1.039810e-09			
2.4274300000e+02	3		4		2.447610e-08			
2.4274300000e+02	3		5		5.830130e-08			
2.4274300000e+02	4		1		-5.159170e-17			
2.4274300000e+02	4		2		-7.410920e-12			
2.4274300000e+02	4		3		-7.612610e-10			
2.4274300000e+02	4		4		3.471090e-09			
2.4274300000e+02	4		5		4.290250e-08			
2.4274300000e+02	5		1		-2.963300e-27			
2.4274300000e+02	5		2		-2.689290e-15			
2.4274300000e+02	5		3		-3.373560e-11			
2.4274300000e+02	5		4		-1.976590e-09			
2.4274300000e+02	5		5		2.570610e-08			
2.5922500000e+02	1		1		3.463710e-09			
2.5922500000e+02	1		2		2.435120e-08			
2.5922500000e+02	1		3		4.343000e-08			
2.5922500000e+02	1		4		5.564870e-08			
2.5922500000e+02	1		5		6.665710e-08			
2.5922500000e+02	2		1		-9.942240e-11			
2.5922500000e+02	2		2		2.194660e-09			
2.5922500000e+02	2		3		1.970710e-08			
2.5922500000e+02	2		4		4.128820e-08			
2.5922500000e+02	2		5		6.074190e-08			
2.5922500000e+02	3		1		-1.509060e-12			
2.5922500000e+02	3		2		-2.665780e-10			
2.5922500000e+02	3		3		9.335960e-10			
2.5922500000e+02	3		4		2.188270e-08			
2.5922500000e+02	3		5		5.233870e-08			
2.5922500000e+02	4		1		-4.573080e-17			
2.5922500000e+02	4		2		-6.752110e-12			
2.5922500000e+02	4		3		-7.100840e-10			
2.5922500000e+02	4		4		3.218140e-09			
2.5922500000e+02	4		5		4.011860e-08			
2.5922500000e+02	5		1		-2.613070e-27			
2.5922500000e+02	5		2		-2.525730e-15			
2.5922500000e+02	5		3		-3.148760e-11			
2.5922500000e+02	5		4		-1.801320e-09			
2.5922500000e+02	5		5		2.346950e-08			
2.7682500000e+02	1		1		3.213300e-09			
2.7682500000e+02	1		2		2.245830e-08			
2.7682500000e+02	1		3		3.998360e-08			
2.7682500000e+02	1		4		5.120400e-08			
2.7682500000e+02	1		5		6.131310e-08			
2.7682500000e+02	2		1		-9.036530e-11			
2.7682500000e+02	2		2		1.998160e-09			
2.7682500000e+02	2		3		1.793410e-08			
2.7682500000e+02	2		4		3.764630e-08			
2.7682500000e+02	2		5		5.541060e-08			
2.7682500000e+02	3		1		-1.395410e-12			
2.7682500000e+02	3		2		-2.420610e-10			
2.7682500000e+02	3		3		8.907810e-10			
2.7682500000e+02	3		4		1.965190e-08			
2.7682500000e+02	3		5		4.689600e-08			
2.7682500000e+02	4		1		-4.190130e-17			
2.7682500000e+02	4		2		-6.003210e-12			
2.7682500000e+02	4		3		-6.475710e-10			
2.7682500000e+02	4		4		2.883110e-09			
2.7682500000e+02	4		5		3.709910e-08			
2.7682500000e+02	5		1		-2.379070e-27			
2.7682500000e+02	5		2		-2.309150e-15			
2.7682500000e+02	5		3		-2.962520e-11			
2.7682500000e+02	5		4		-1.676350e-09			
2.7682500000e+02	5		5		2.183310e-08			
2.9562100000e+02	1		1		2.986160e-09			
2.9562100000e+02	1		2		2.074390e-08			
2.9562100000e+02	1		3		3.685880e-08			
2.9562100000e+02	1		4		4.717450e-08			
2.9562100000e+02	1		5		5.646860e-08			
2.9562100000e+02	2		1		-8.247470e-11			
2.9562100000e+02	2		2		1.830110e-09			
2.9562100000e+02	2		3		1.630850e-08			
2.9562100000e+02	2		4		3.424990e-08			
2.9562100000e+02	2		5		5.042450e-08			
2.9562100000e+02	3		1		-1.273810e-12			
2.9562100000e+02	3		2		-2.229700e-10			
2.9562100000e+02	3		3		8.527960e-10			
2.9562100000e+02	3		4		1.787450e-08			
2.9562100000e+02	3		5		4.239360e-08			
2.9562100000e+02	4		1		-3.917920e-17			
2.9562100000e+02	4		2		-5.303220e-12			
2.9562100000e+02	4		3		-5.766170e-10			
2.9562100000e+02	4		4		2.519730e-09			
2.9562100000e+02	4		5		3.358750e-08			
2.9562100000e+02	5		1		-2.224900e-27			
2.9562100000e+02	5		2		-2.046780e-15			
2.9562100000e+02	5		3		-2.753990e-11			
2.9562100000e+02	5		4		-1.577640e-09			
2.9562100000e+02	5		5		2.048630e-08			
3.1569300000e+02	1		1		2.779300e-09			
3.1569300000e+02	1		2		1.919420e-08			
3.1569300000e+02	1		3		3.403230e-08			
3.1569300000e+02	1		4		4.352830e-08			
3.1569300000e+02	1		5		5.208400e-08			
3.1569300000e+02	2		1		-7.529450e-11			
3.1569300000e+02	2		2		1.678560e-09			
3.1569300000e+02	2		3		1.485150e-08			
3.1569300000e+02	2		4		3.113350e-08			
3.1569300000e+02	2		5		4.581740e-08			
3.1569300000e+02	3		1		-1.144760e-12			
3.1569300000e+02	3		2		-2.044330e-10			
3.1569300000e+02	3		3		7.769350e-10			
3.1569300000e+02	3		4		1.637720e-08			
3.1569300000e+02	3		5		3.869940e-08			
3.1569300000e+02	4		1		-3.604100e-17			
3.1569300000e+02	4		2		-4.769390e-12			
3.1569300000e+02	4		3		-5.096760e-10			
3.1569300000e+02	4		4		2.216270e-09			
3.1569300000e+02	4		5		2.988810e-08			
3.1569300000e+02	5		1		-2.059190e-27			
3.1569300000e+02	5		2		-1.793660e-15			
3.1569300000e+02	5		3		-2.491590e-11			
3.1569300000e+02	5		4		-1.471940e-09			
3.1569300000e+02	5		5		1.904030e-08			
3.3712700000e+02	1		1		2.590310e-09			
3.3712700000e+02	1		2		1.779070e-08			
3.3712700000e+02	1		3		3.147870e-08			
3.3712700000e+02	1		4		4.023580e-08			
3.3712700000e+02	1		5		4.812320e-08			
3.3712700000e+02	2		1		-6.872210e-11			
3.3712700000e+02	2		2		1.538300e-09			
3.3712700000e+02	2		3		1.355870e-08			
3.3712700000e+02	2		4		2.835490e-08			
3.3712700000e+02	2		5		4.169650e-08			
3.3712700000e+02	3		1		-1.031140e-12			
3.3712700000e+02	3		2		-1.846300e-10			
3.3712700000e+02	3		3		6.786210e-10			
3.3712700000e+02	3		4		1.493770e-08			
3.3712700000e+02	3		5		3.536490e-08			
3.3712700000e+02	4		1		-3.212680e-17			
3.3712700000e+02	4		2		-4.394880e-12			
3.3712700000e+02	4		3		-4.577910e-10			
3.3712700000e+02	4		4		2.017800e-09			
3.3712700000e+02	4		5		2.658870e-08			
3.3712700000e+02	5		1		-1.842150e-27			
3.3712700000e+02	5		2		-1.602760e-15			
3.3712700000e+02	5		3		-2.201520e-11			
3.3712700000e+02	5		4		-1.337700e-09			
3.3712700000e+02	5		5		1.727700e-08			
3.6001700000e+02	1		1		2.417230e-09			
3.6001700000e+02	1		2		1.651510e-08			
3.6001700000e+02	1		3		2.916490e-08			
3.6001700000e+02	1		4		3.725520e-08			
3.6001700000e+02	1		5		4.454460e-08			
3.6001700000e+02	2		1		-6.282650e-11			
3.6001700000e+02	2		2		1.410830e-09			
3.6001700000e+02	2		3		1.239880e-08			
3.6001700000e+02	2		4		2.589650e-08			
3.6001700000e+02	2		5		3.806360e-08			
3.6001700000e+02	3		1		-9.418930e-13			
3.6001700000e+02	3		2		-1.659650e-10			
3.6001700000e+02	3		3		6.021140e-10			
3.6001700000e+02	3		4		1.350690e-08			
3.6001700000e+02	3		5		3.210470e-08			
3.6001700000e+02	4		1		-2.858420e-17			
3.6001700000e+02	4		2		-4.061540e-12			
3.6001700000e+02	4		3		-4.207490e-10			
3.6001700000e+02	4		4		1.887420e-09			
3.6001700000e+02	4		5		2.403760e-08			
3.6001700000e+02	5		1		-1.631620e-27			
3.6001700000e+02	5		2		-1.481730e-15			
3.6001700000e+02	5		3		-1.941960e-11			
3.6001700000e+02	5		4		-1.183980e-09			
3.6001700000e+02	5		5		1.532480e-08			
3.8446100000e+02	1		1		2.258140e-09			
3.8446100000e+02	1		2		1.535360e-08			
3.8446100000e+02	1		3		2.706240e-08			
3.8446100000e+02	1		4		3.454870e-08			
3.8446100000e+02	1		5		4.129400e-08			
3.8446100000e+02	2		1		-5.754420e-11			
3.8446100000e+02	2		2		1.297240e-09			
3.8446100000e+02	2		3		1.134440e-08			
3.8446100000e+02	2		4		2.367970e-08			
3.8446100000e+02	2		5		3.479740e-08			
3.8446100000e+02	3		1		-8.628990e-13			
3.8446100000e+02	3		2		-1.506350e-10			
3.8446100000e+02	3		3		5.589810e-10			
3.8446100000e+02	3		4		1.219020e-08			
3.8446100000e+02	3		5		2.899180e-08			
3.8446100000e+02	4		1		-2.618530e-17			
3.8446100000e+02	4		2		-3.677930e-12			
3.8446100000e+02	4		3		-3.880910e-10			
3.8446100000e+02	4		4		1.746270e-09			
3.8446100000e+02	4		5		2.205910e-08			
3.8446100000e+02	5		1		-1.487380e-27			
3.8446100000e+02	5		2		-1.380250e-15			
3.8446100000e+02	5		3		-1.753100e-11			
3.8446100000e+02	5		4		-1.041160e-09			
3.8446100000e+02	5		5		1.353620e-08			
4.1056500000e+02	1		1		2.111310e-09			
4.1056500000e+02	1		2		1.429330e-08			
4.1056500000e+02	1		3		2.514860e-08			
4.1056500000e+02	1		4		3.208710e-08			
4.1056500000e+02	1		5		3.833900e-08			
4.1056500000e+02	2		1		-5.278370e-11			
4.1056500000e+02	2		2		1.195770e-09			
4.1056500000e+02	2		3		1.039110e-08			
4.1056500000e+02	2		4		2.166030e-08			
4.1056500000e+02	2		5		3.181730e-08			
4.1056500000e+02	3		1		-7.844710e-13			
4.1056500000e+02	3		2		-1.376050e-10			
4.1056500000e+02	3		3		5.219710e-10			
4.1056500000e+02	3		4		1.105910e-08			
4.1056500000e+02	3		5		2.622010e-08			
4.1056500000e+02	4		1		-2.418370e-17			
4.1056500000e+02	4		2		-3.278290e-12			
4.1056500000e+02	4		3		-3.514340e-10			
4.1056500000e+02	4		4		1.562100e-09			
4.1056500000e+02	4		5		2.019230e-08			
4.1056500000e+02	5		1		-1.377650e-27			
4.1056500000e+02	5		2		-1.251340e-15			
4.1056500000e+02	5		3		-1.620430e-11			
4.1056500000e+02	5		4		-9.345930e-10			
4.1056500000e+02	5		5		1.217740e-08			
4.3844100000e+02	1		1		1.975290e-09			
4.3844100000e+02	1		2		1.332230e-08			
4.3844100000e+02	1		3		2.340200e-08			
4.3844100000e+02	1		4		2.984300e-08			
4.3844100000e+02	1		5		3.564650e-08			
4.3844100000e+02	2		1		-4.850030e-11			
4.3844100000e+02	2		2		1.103920e-09			
4.3844100000e+02	2		3		9.537830e-09			
4.3844100000e+02	2		4		1.984280e-08			
4.3844100000e+02	2		5		2.913100e-08			
4.3844100000e+02	3		1		-7.131950e-13			
4.3844100000e+02	3		2		-1.251940e-10			
4.3844100000e+02	3		3		4.745950e-10			
4.3844100000e+02	3		4		1.007140e-08			
4.3844100000e+02	3		5		2.382390e-08			
4.3844100000e+02	4		1		-2.185590e-17			
4.3844100000e+02	4		2		-2.950970e-12			
4.3844100000e+02	4		3		-3.135260e-10			
4.3844100000e+02	4		4		1.379510e-09			
4.3844100000e+02	4		5		1.821430e-08			
4.3844100000e+02	5		1		-1.248930e-27			
4.3844100000e+02	5		2		-1.105130e-15			
4.3844100000e+02	5		3		-1.492140e-11			
4.3844100000e+02	5		4		-8.616060e-10			
4.3844100000e+02	5		5		1.119290e-08			
4.6821000000e+02	1		1		1.848760e-09			
4.6821000000e+02	1		2		1.242980e-08			
4.6821000000e+02	1		3		2.180270e-08			
4.6821000000e+02	1		4		2.779030e-08			
4.6821000000e+02	1		5		3.318550e-08			
4.6821000000e+02	2		1		-4.464490e-11			
4.6821000000e+02	2		2		1.020630e-09			
4.6821000000e+02	2		3		8.771670e-09			
4.6821000000e+02	2		4		1.821820e-08			
4.6821000000e+02	2		5		2.673100e-08			
4.6821000000e+02	3		1		-6.528050e-13			
4.6821000000e+02	3		2		-1.136660e-10			
4.6821000000e+02	3		3		4.294700e-10			
4.6821000000e+02	3		4		9.164680e-09			
4.6821000000e+02	3		5		2.168660e-08			
4.6821000000e+02	4		1		-1.971550e-17			
4.6821000000e+02	4		2		-2.700710e-12			
4.6821000000e+02	4		3		-2.820070e-10			
4.6821000000e+02	4		4		1.247990e-09			
4.6821000000e+02	4		5		1.631240e-08			
4.6821000000e+02	5		1		-1.122470e-27			
4.6821000000e+02	5		2		-9.887290e-16			
4.6821000000e+02	5		3		-1.340010e-11			
4.6821000000e+02	5		4		-7.952380e-10			
4.6821000000e+02	5		5		1.028620e-08			
5.0000000000e+02	1		1		1.730590e-09			
5.0000000000e+02	1		2		1.160670e-08			
5.0000000000e+02	1		3		2.033340e-08			
5.0000000000e+02	1		4		2.590680e-08			
5.0000000000e+02	1		5		3.092880e-08			
5.0000000000e+02	2		1		-4.116930e-11			
5.0000000000e+02	2		2		9.455190e-10			
5.0000000000e+02	2		3		8.078370e-09			
5.0000000000e+02	2		4		1.675320e-08			
5.0000000000e+02	2		5		2.456970e-08			
5.0000000000e+02	3		1		-5.980080e-13			
5.0000000000e+02	3		2		-1.036290e-10			
5.0000000000e+02	3		3		3.957080e-10			
5.0000000000e+02	3		4		8.332660e-09			
5.0000000000e+02	3		5		1.972060e-08			
5.0000000000e+02	4		1		-1.811660e-17			
5.0000000000e+02	4		2		-2.462230e-12			
5.0000000000e+02	4		3		-2.573820e-10			
5.0000000000e+02	4		4		1.151660e-09			
5.0000000000e+02	4		5		1.472200e-08			
5.0000000000e+02	5		1		-1.029700e-27			
5.0000000000e+02	5		2		-9.099750e-16			
5.0000000000e+02	5		3		-1.188640e-11			
5.0000000000e+02	5		4		-7.161470e-10			
5.0000000000e+02	5		5		9.265530e-09			
