#ell		tomo_i	tomo_j	Cell_gg
1.0000000000e+00	1		1		3.172921e-04			
1.0000000000e+00	1		2		0.000000e+00			
1.0000000000e+00	2		1		0.000000e+00			
1.0000000000e+00	2		2		3.770475e-05			
1.0974987655e+00	1		1		3.311565e-04			
1.0974987655e+00	1		2		0.000000e+00			
1.0974987655e+00	2		1		0.000000e+00			
1.0974987655e+00	2		2		3.973883e-05			
1.2045035403e+00	1		1		3.457658e-04			
1.2045035403e+00	1		2		0.000000e+00			
1.2045035403e+00	2		1		0.000000e+00			
1.2045035403e+00	2		2		4.189160e-05			
1.3219411485e+00	1		1		3.611215e-04			
1.3219411485e+00	1		2		0.000000e+00			
1.3219411485e+00	2		1		0.000000e+00			
1.3219411485e+00	2		2		4.416139e-05			
1.4508287785e+00	1		1		3.771411e-04			
1.4508287785e+00	1		2		0.000000e+00			
1.4508287785e+00	2		1		0.000000e+00			
1.4508287785e+00	2		2		4.656648e-05			
1.5922827933e+00	1		1		3.934517e-04			
1.5922827933e+00	1		2		0.000000e+00			
1.5922827933e+00	2		1		0.000000e+00			
1.5922827933e+00	2		2		4.909101e-05			
1.7475284000e+00	1		1		4.099137e-04			
1.7475284000e+00	1		2		0.000000e+00			
1.7475284000e+00	2		1		0.000000e+00			
1.7475284000e+00	2		2		5.176729e-05			
1.9179102617e+00	1		1		4.263579e-04			
1.9179102617e+00	1		2		0.000000e+00			
1.9179102617e+00	2		1		0.000000e+00			
1.9179102617e+00	2		2		5.463654e-05			
2.1049041445e+00	1		1		4.426092e-04			
2.1049041445e+00	1		2		0.000000e+00			
2.1049041445e+00	2		1		0.000000e+00			
2.1049041445e+00	2		2		5.771762e-05			
2.3101297001e+00	1		1		4.585841e-04			
2.3101297001e+00	1		2		0.000000e+00			
2.3101297001e+00	2		1		0.000000e+00			
2.3101297001e+00	2		2		6.096168e-05			
2.5353644940e+00	1		1		4.740574e-04			
2.5353644940e+00	1		2		0.000000e+00			
2.5353644940e+00	2		1		0.000000e+00			
2.5353644940e+00	2		2		6.430733e-05			
2.7825594022e+00	1		1		4.887292e-04			
2.7825594022e+00	1		2		0.000000e+00			
2.7825594022e+00	2		1		0.000000e+00			
2.7825594022e+00	2		2		6.774796e-05			
3.0538555088e+00	1		1		5.023313e-04			
3.0538555088e+00	1		2		0.000000e+00			
3.0538555088e+00	2		1		0.000000e+00			
3.0538555088e+00	2		2		7.120323e-05			
3.3516026509e+00	1		1		5.145177e-04			
3.3516026509e+00	1		2		0.000000e+00			
3.3516026509e+00	2		1		0.000000e+00			
3.3516026509e+00	2		2		7.469392e-05			
3.6783797718e+00	1		1		5.249027e-04			
3.6783797718e+00	1		2		0.000000e+00			
3.6783797718e+00	2		1		0.000000e+00			
3.6783797718e+00	2		2		7.820202e-05			
4.0370172586e+00	1		1		5.331620e-04			
4.0370172586e+00	1		2		0.000000e+00			
4.0370172586e+00	2		1		0.000000e+00			
4.0370172586e+00	2		2		8.168330e-05			
4.4306214576e+00	1		1		5.388491e-04			
4.4306214576e+00	1		2		0.000000e+00			
4.4306214576e+00	2		1		0.000000e+00			
4.4306214576e+00	2		2		8.509041e-05			
4.8626015801e+00	1		1		5.416024e-04			
4.8626015801e+00	1		2		0.000000e+00			
4.8626015801e+00	2		1		0.000000e+00			
4.8626015801e+00	2		2		8.836369e-05			
5.3366992312e+00	1		1		5.410756e-04			
5.3366992312e+00	1		2		0.000000e+00			
5.3366992312e+00	2		1		0.000000e+00			
5.3366992312e+00	2		2		9.145434e-05			
5.8570208181e+00	1		1		5.368403e-04			
5.8570208181e+00	1		2		0.000000e+00			
5.8570208181e+00	2		1		0.000000e+00			
5.8570208181e+00	2		2		9.429864e-05			
6.4280731173e+00	1		1		5.287039e-04			
6.4280731173e+00	1		2		0.000000e+00			
6.4280731173e+00	2		1		0.000000e+00			
6.4280731173e+00	2		2		9.681902e-05			
7.0548023107e+00	1		1		5.164568e-04			
7.0548023107e+00	1		2		0.000000e+00			
7.0548023107e+00	2		1		0.000000e+00			
7.0548023107e+00	2		2		9.896001e-05			
7.7426368268e+00	1		1		5.000996e-04			
7.7426368268e+00	1		2		0.000000e+00			
7.7426368268e+00	2		1		0.000000e+00			
7.7426368268e+00	2		2		1.006148e-04			
8.4975343591e+00	1		1		4.798289e-04			
8.4975343591e+00	1		2		0.000000e+00			
8.4975343591e+00	2		1		0.000000e+00			
8.4975343591e+00	2		2		1.016990e-04			
9.3260334688e+00	1		1		4.559118e-04			
9.3260334688e+00	1		2		0.000000e+00			
9.3260334688e+00	2		1		0.000000e+00			
9.3260334688e+00	2		2		1.021452e-04			
1.0235310219e+01	1		1		4.289695e-04			
1.0235310219e+01	1		2		0.000000e+00			
1.0235310219e+01	2		1		0.000000e+00			
1.0235310219e+01	2		2		1.018242e-04			
1.1233240330e+01	1		1		3.996733e-04			
1.1233240330e+01	1		2		0.000000e+00			
1.1233240330e+01	2		1		0.000000e+00			
1.1233240330e+01	2		2		1.007067e-04			
1.2328467394e+01	1		1		3.689569e-04			
1.2328467394e+01	1		2		0.000000e+00			
1.2328467394e+01	2		1		0.000000e+00			
1.2328467394e+01	2		2		9.871876e-05			
1.3530477746e+01	1		1		3.378014e-04			
1.3530477746e+01	1		2		0.000000e+00			
1.3530477746e+01	2		1		0.000000e+00			
1.3530477746e+01	2		2		9.581321e-05			
1.4849682623e+01	1		1		3.071631e-04			
1.4849682623e+01	1		2		0.000000e+00			
1.4849682623e+01	2		1		0.000000e+00			
1.4849682623e+01	2		2		9.203200e-05			
1.6297508346e+01	1		1		2.779299e-04			
1.6297508346e+01	1		2		0.000000e+00			
1.6297508346e+01	2		1		0.000000e+00			
1.6297508346e+01	2		2		8.737539e-05			
1.7886495291e+01	1		1		2.507170e-04			
1.7886495291e+01	1		2		0.000000e+00			
1.7886495291e+01	2		1		0.000000e+00			
1.7886495291e+01	2		2		8.198494e-05			
1.9630406500e+01	1		1		2.260773e-04			
1.9630406500e+01	1		2		0.000000e+00			
1.9630406500e+01	2		1		0.000000e+00			
1.9630406500e+01	2		2		7.602324e-05			
2.1544346900e+01	1		1		2.042319e-04			
2.1544346900e+01	1		2		0.000000e+00			
2.1544346900e+01	2		1		0.000000e+00			
2.1544346900e+01	2		2		6.971085e-05			
2.3644894126e+01	1		1		1.851758e-04			
2.3644894126e+01	1		2		0.000000e+00			
2.3644894126e+01	2		1		0.000000e+00			
2.3644894126e+01	2		2		6.332126e-05			
2.5950242114e+01	1		1		1.685691e-04			
2.5950242114e+01	1		2		0.000000e+00			
2.5950242114e+01	2		1		0.000000e+00			
2.5950242114e+01	2		2		5.714993e-05			
2.8480358684e+01	1		1		1.537683e-04			
2.8480358684e+01	1		2		0.000000e+00			
2.8480358684e+01	2		1		0.000000e+00			
2.8480358684e+01	2		2		5.147699e-05			
3.1257158497e+01	1		1		1.396752e-04			
3.1257158497e+01	1		2		0.000000e+00			
3.1257158497e+01	2		1		0.000000e+00			
3.1257158497e+01	2		2		4.650561e-05			
3.4304692863e+01	1		1		1.249862e-04			
3.4304692863e+01	1		2		0.000000e+00			
3.4304692863e+01	2		1		0.000000e+00			
3.4304692863e+01	2		2		4.231828e-05			
3.7649358068e+01	1		1		1.090956e-04			
3.7649358068e+01	1		2		0.000000e+00			
3.7649358068e+01	2		1		0.000000e+00			
3.7649358068e+01	2		2		3.882337e-05			
4.1320124001e+01	1		1		9.284896e-05			
4.1320124001e+01	1		2		0.000000e+00			
4.1320124001e+01	2		1		0.000000e+00			
4.1320124001e+01	2		2		3.579544e-05			
4.5348785081e+01	1		1		7.816331e-05			
4.5348785081e+01	1		2		0.000000e+00			
4.5348785081e+01	2		1		0.000000e+00			
4.5348785081e+01	2		2		3.289523e-05			
4.9770235643e+01	1		1		6.660534e-05			
4.9770235643e+01	1		2		0.000000e+00			
4.9770235643e+01	2		1		0.000000e+00			
4.9770235643e+01	2		2		2.977988e-05			
5.4622772177e+01	1		1		5.819816e-05			
5.4622772177e+01	1		2		0.000000e+00			
5.4622772177e+01	2		1		0.000000e+00			
5.4622772177e+01	2		2		2.631485e-05			
5.9948425032e+01	1		1		5.134917e-05			
5.9948425032e+01	1		2		0.000000e+00			
5.9948425032e+01	2		1		0.000000e+00			
5.9948425032e+01	2		2		2.271117e-05			
6.5793322466e+01	1		1		4.441151e-05			
6.5793322466e+01	1		2		0.000000e+00			
6.5793322466e+01	2		1		0.000000e+00			
6.5793322466e+01	2		2		1.939172e-05			
7.2208090184e+01	1		1		3.734555e-05			
7.2208090184e+01	1		2		0.000000e+00			
7.2208090184e+01	2		1		0.000000e+00			
7.2208090184e+01	2		2		1.671824e-05			
7.9248289835e+01	1		1		3.122251e-05			
7.9248289835e+01	1		2		0.000000e+00			
7.9248289835e+01	2		1		0.000000e+00			
7.9248289835e+01	2		2		1.468834e-05			
8.6974900262e+01	1		1		2.658268e-05			
8.6974900262e+01	1		2		0.000000e+00			
8.6974900262e+01	2		1		0.000000e+00			
8.6974900262e+01	2		2		1.294115e-05			
9.5454845666e+01	1		1		2.271535e-05			
9.5454845666e+01	1		2		0.000000e+00			
9.5454845666e+01	2		1		0.000000e+00			
9.5454845666e+01	2		2		1.117397e-05			
1.0476157528e+02	1		1		1.915624e-05			
1.0476157528e+02	1		2		0.000000e+00			
1.0476157528e+02	2		1		0.000000e+00			
1.0476157528e+02	2		2		9.440814e-06			
1.1497569954e+02	1		1		1.610455e-05			
1.1497569954e+02	1		2		0.000000e+00			
1.1497569954e+02	2		1		0.000000e+00			
1.1497569954e+02	2		2		7.957024e-06			
1.2618568831e+02	1		1		1.355333e-05			
1.2618568831e+02	1		2		0.000000e+00			
1.2618568831e+02	2		1		0.000000e+00			
1.2618568831e+02	2		2		6.789481e-06			
1.3848863714e+02	1		1		1.143698e-05			
1.3848863714e+02	1		2		0.000000e+00			
1.3848863714e+02	2		1		0.000000e+00			
1.3848863714e+02	2		2		5.834831e-06			
1.5199110830e+02	1		1		9.635072e-06			
1.5199110830e+02	1		2		0.000000e+00			
1.5199110830e+02	2		1		0.000000e+00			
1.5199110830e+02	2		2		4.980353e-06			
1.6681005372e+02	1		1		8.126334e-06			
1.6681005372e+02	1		2		0.000000e+00			
1.6681005372e+02	2		1		0.000000e+00			
1.6681005372e+02	2		2		4.156106e-06			
1.8307382803e+02	1		1		6.876406e-06			
1.8307382803e+02	1		2		0.000000e+00			
1.8307382803e+02	2		1		0.000000e+00			
1.8307382803e+02	2		2		3.474204e-06			
2.0092330026e+02	1		1		5.825047e-06			
2.0092330026e+02	1		2		0.000000e+00			
2.0092330026e+02	2		1		0.000000e+00			
2.0092330026e+02	2		2		2.951490e-06			
2.2051307399e+02	1		1		4.956894e-06			
2.2051307399e+02	1		2		0.000000e+00			
2.2051307399e+02	2		1		0.000000e+00			
2.2051307399e+02	2		2		2.480773e-06			
2.4201282648e+02	1		1		4.235418e-06			
2.4201282648e+02	1		2		0.000000e+00			
2.4201282648e+02	2		1		0.000000e+00			
2.4201282648e+02	2		2		2.082084e-06			
2.6560877829e+02	1		1		3.637827e-06			
2.6560877829e+02	1		2		0.000000e+00			
2.6560877829e+02	2		1		0.000000e+00			
2.6560877829e+02	2		2		1.747759e-06			
2.9150530628e+02	1		1		3.142909e-06			
2.9150530628e+02	1		2		0.000000e+00			
2.9150530628e+02	2		1		0.000000e+00			
2.9150530628e+02	2		2		1.473655e-06			
3.1992671378e+02	1		1		2.732375e-06			
3.1992671378e+02	1		2		0.000000e+00			
3.1992671378e+02	2		1		0.000000e+00			
3.1992671378e+02	2		2		1.240072e-06			
3.5111917342e+02	1		1		2.391349e-06			
3.5111917342e+02	1		2		0.000000e+00			
3.5111917342e+02	2		1		0.000000e+00			
3.5111917342e+02	2		2		1.048071e-06			
3.8535285937e+02	1		1		2.107702e-06			
3.8535285937e+02	1		2		0.000000e+00			
3.8535285937e+02	2		1		0.000000e+00			
3.8535285937e+02	2		2		8.884603e-07			
4.2292428744e+02	1		1		1.870365e-06			
4.2292428744e+02	1		2		0.000000e+00			
4.2292428744e+02	2		1		0.000000e+00			
4.2292428744e+02	2		2		7.559877e-07			
4.6415888336e+02	1		1		1.670149e-06			
4.6415888336e+02	1		2		0.000000e+00			
4.6415888336e+02	2		1		0.000000e+00			
4.6415888336e+02	2		2		6.466119e-07			
5.0941380148e+02	1		1		1.499769e-06			
5.0941380148e+02	1		2		0.000000e+00			
5.0941380148e+02	2		1		0.000000e+00			
5.0941380148e+02	2		2		5.562170e-07			
5.5908101825e+02	1		1		1.353119e-06			
5.5908101825e+02	1		2		0.000000e+00			
5.5908101825e+02	2		1		0.000000e+00			
5.5908101825e+02	2		2		4.816079e-07			
6.1359072734e+02	1		1		1.225391e-06			
6.1359072734e+02	1		2		0.000000e+00			
6.1359072734e+02	2		1		0.000000e+00			
6.1359072734e+02	2		2		4.199341e-07			
6.7341506578e+02	1		1		1.112658e-06			
6.7341506578e+02	1		2		0.000000e+00			
6.7341506578e+02	2		1		0.000000e+00			
6.7341506578e+02	2		2		3.688320e-07			
7.3907220335e+02	1		1		1.012012e-06			
7.3907220335e+02	1		2		0.000000e+00			
7.3907220335e+02	2		1		0.000000e+00			
7.3907220335e+02	2		2		3.262237e-07			
8.1113083079e+02	1		1		9.209850e-07			
8.1113083079e+02	1		2		0.000000e+00			
8.1113083079e+02	2		1		0.000000e+00			
8.1113083079e+02	2		2		2.904766e-07			
8.9021508545e+02	1		1		8.377169e-07			
8.9021508545e+02	1		2		0.000000e+00			
8.9021508545e+02	2		1		0.000000e+00			
8.9021508545e+02	2		2		2.603156e-07			
9.7700995730e+02	1		1		7.608794e-07			
9.7700995730e+02	1		2		0.000000e+00			
9.7700995730e+02	2		1		0.000000e+00			
9.7700995730e+02	2		2		2.345301e-07			
1.0722672220e+03	1		1		6.895646e-07			
1.0722672220e+03	1		2		0.000000e+00			
1.0722672220e+03	2		1		0.000000e+00			
1.0722672220e+03	2		2		2.122516e-07			
1.1768119524e+03	1		1		6.231778e-07			
1.1768119524e+03	1		2		0.000000e+00			
1.1768119524e+03	2		1		0.000000e+00			
1.1768119524e+03	2		2		1.927414e-07			
1.2915496650e+03	1		1		5.613557e-07			
1.2915496650e+03	1		2		0.000000e+00			
1.2915496650e+03	2		1		0.000000e+00			
1.2915496650e+03	2		2		1.753897e-07			
1.4174741629e+03	1		1		5.038750e-07			
1.4174741629e+03	1		2		0.000000e+00			
1.4174741629e+03	2		1		0.000000e+00			
1.4174741629e+03	2		2		1.597279e-07			
1.5556761439e+03	1		1		4.506062e-07			
1.5556761439e+03	1		2		0.000000e+00			
1.5556761439e+03	2		1		0.000000e+00			
1.5556761439e+03	2		2		1.454317e-07			
1.7073526475e+03	1		1		4.014480e-07			
1.7073526475e+03	1		2		0.000000e+00			
1.7073526475e+03	2		1		0.000000e+00			
1.7073526475e+03	2		2		1.322492e-07			
1.8738174229e+03	1		1		3.563043e-07			
1.8738174229e+03	1		2		0.000000e+00			
1.8738174229e+03	2		1		0.000000e+00			
1.8738174229e+03	2		2		1.200186e-07			
2.0565123083e+03	1		1		3.150603e-07			
2.0565123083e+03	1		2		0.000000e+00			
2.0565123083e+03	2		1		0.000000e+00			
2.0565123083e+03	2		2		1.086233e-07			
2.2570197196e+03	1		1		2.775700e-07			
2.2570197196e+03	1		2		0.000000e+00			
2.2570197196e+03	2		1		0.000000e+00			
2.2570197196e+03	2		2		9.799885e-08			
2.4770763560e+03	1		1		2.436652e-07			
2.4770763560e+03	1		2		0.000000e+00			
2.4770763560e+03	2		1		0.000000e+00			
2.4770763560e+03	2		2		8.810718e-08			
2.7185882427e+03	1		1		2.131478e-07			
2.7185882427e+03	1		2		0.000000e+00			
2.7185882427e+03	2		1		0.000000e+00			
2.7185882427e+03	2		2		7.891881e-08			
2.9836472403e+03	1		1		1.858081e-07			
2.9836472403e+03	1		2		0.000000e+00			
2.9836472403e+03	2		1		0.000000e+00			
2.9836472403e+03	2		2		7.042442e-08			
3.2745491629e+03	1		1		1.614220e-07			
3.2745491629e+03	1		2		0.000000e+00			
3.2745491629e+03	2		1		0.000000e+00			
3.2745491629e+03	2		2		6.260025e-08			
3.5938136638e+03	1		1		1.397635e-07			
3.5938136638e+03	1		2		0.000000e+00			
3.5938136638e+03	2		1		0.000000e+00			
3.5938136638e+03	2		2		5.543508e-08			
3.9442060594e+03	1		1		1.206066e-07			
3.9442060594e+03	1		2		0.000000e+00			
3.9442060594e+03	2		1		0.000000e+00			
3.9442060594e+03	2		2		4.890204e-08			
4.3287612811e+03	1		1		1.037295e-07			
4.3287612811e+03	1		2		0.000000e+00			
4.3287612811e+03	2		1		0.000000e+00			
4.3287612811e+03	2		2		4.297760e-08			
4.7508101621e+03	1		1		8.891995e-08			
4.7508101621e+03	1		2		0.000000e+00			
4.7508101621e+03	2		1		0.000000e+00			
4.7508101621e+03	2		2		3.763146e-08			
5.2140082880e+03	1		1		7.597359e-08			
5.2140082880e+03	1		2		0.000000e+00			
5.2140082880e+03	2		1		0.000000e+00			
5.2140082880e+03	2		2		3.282897e-08			
5.7223676594e+03	1		1		6.469975e-08			
5.7223676594e+03	1		2		0.000000e+00			
5.7223676594e+03	2		1		0.000000e+00			
5.7223676594e+03	2		2		2.853731e-08			
6.2802914418e+03	1		1		5.491865e-08			
6.2802914418e+03	1		2		0.000000e+00			
6.2802914418e+03	2		1		0.000000e+00			
6.2802914418e+03	2		2		2.471690e-08			
6.8926121043e+03	1		1		4.646469e-08			
6.8926121043e+03	1		2		0.000000e+00			
6.8926121043e+03	2		1		0.000000e+00			
6.8926121043e+03	2		2		2.133319e-08			
7.5646332755e+03	1		1		3.918492e-08			
7.5646332755e+03	1		2		0.000000e+00			
7.5646332755e+03	2		1		0.000000e+00			
7.5646332755e+03	2		2		1.834732e-08			
8.3021756813e+03	1		1		3.293943e-08			
8.3021756813e+03	1		2		0.000000e+00			
8.3021756813e+03	2		1		0.000000e+00			
8.3021756813e+03	2		2		1.572449e-08			
9.1116275612e+03	1		1		2.760138e-08			
9.1116275612e+03	1		2		0.000000e+00			
9.1116275612e+03	2		1		0.000000e+00			
9.1116275612e+03	2		2		1.342970e-08			
1.0000000000e+04	1		1		2.305556e-08			
1.0000000000e+04	1		2		0.000000e+00			
1.0000000000e+04	2		1		0.000000e+00			
1.0000000000e+04	2		2		1.142977e-08			
