#ell		tomo_i	tomo_j	Cell_kappakappa
2.0000000000e+00	1		1		4.139256e-09			
2.0000000000e+00	1		2		5.455377e-09			
2.0000000000e+00	1		3		5.672237e-09			
2.0000000000e+00	1		4		5.898389e-09			
2.0000000000e+00	1		5		5.978385e-09			
2.0000000000e+00	2		1		5.455377e-09			
2.0000000000e+00	2		2		9.628015e-09			
2.0000000000e+00	2		3		1.073966e-08			
2.0000000000e+00	2		4		1.176613e-08			
2.0000000000e+00	2		5		1.209425e-08			
2.0000000000e+00	3		1		5.672237e-09			
2.0000000000e+00	3		2		1.073966e-08			
2.0000000000e+00	3		3		1.276248e-08			
2.0000000000e+00	3		4		1.458351e-08			
2.0000000000e+00	3		5		1.517480e-08			
2.0000000000e+00	4		1		5.898389e-09			
2.0000000000e+00	4		2		1.176613e-08			
2.0000000000e+00	4		3		1.458351e-08			
2.0000000000e+00	4		4		1.736226e-08			
2.0000000000e+00	4		5		1.834423e-08			
2.0000000000e+00	5		1		5.978385e-09			
2.0000000000e+00	5		2		1.209425e-08			
2.0000000000e+00	5		3		1.517480e-08			
2.0000000000e+00	5		4		1.834423e-08			
2.0000000000e+00	5		5		1.960595e-08			
2.1796829600e+00	1		1		4.375220e-09			
2.1796829600e+00	1		2		5.802807e-09			
2.1796829600e+00	1		3		6.034051e-09			
2.1796829600e+00	1		4		6.276629e-09			
2.1796829600e+00	1		5		6.362373e-09			
2.1796829600e+00	2		1		5.802807e-09			
2.1796829600e+00	2		2		1.042663e-08			
2.1796829600e+00	2		3		1.166248e-08			
2.1796829600e+00	2		4		1.280272e-08			
2.1796829600e+00	2		5		1.316655e-08			
2.1796829600e+00	3		1		6.034051e-09			
2.1796829600e+00	3		2		1.166248e-08			
2.1796829600e+00	3		3		1.393153e-08			
2.1796829600e+00	3		4		1.597261e-08			
2.1796829600e+00	3		5		1.663481e-08			
2.1796829600e+00	4		1		6.276629e-09			
2.1796829600e+00	4		2		1.280272e-08			
2.1796829600e+00	4		3		1.597261e-08			
2.1796829600e+00	4		4		1.910159e-08			
2.1796829600e+00	4		5		2.020808e-08			
2.1796829600e+00	5		1		6.362373e-09			
2.1796829600e+00	5		2		1.316655e-08			
2.1796829600e+00	5		3		1.663481e-08			
2.1796829600e+00	5		4		2.020808e-08			
2.1796829600e+00	5		5		2.163365e-08			
2.3755089030e+00	1		1		4.552518e-09			
2.3755089030e+00	1		2		6.076762e-09			
2.3755089030e+00	1		3		6.318999e-09			
2.3755089030e+00	1		4		6.574813e-09			
2.3755089030e+00	1		5		6.665186e-09			
2.3755089030e+00	2		1		6.076762e-09			
2.3755089030e+00	2		2		1.112780e-08			
2.3755089030e+00	2		3		1.248260e-08			
2.3755089030e+00	2		4		1.373145e-08			
2.3755089030e+00	2		5		1.412922e-08			
2.3755089030e+00	3		1		6.318999e-09			
2.3755089030e+00	3		2		1.248260e-08			
2.3755089030e+00	3		3		1.499388e-08			
2.3755089030e+00	3		4		1.725094e-08			
2.3755089030e+00	3		5		1.798264e-08			
2.3755089030e+00	4		1		6.574813e-09			
2.3755089030e+00	4		2		1.373145e-08			
2.3755089030e+00	4		3		1.725094e-08			
2.3755089030e+00	4		4		2.072810e-08			
2.3755089030e+00	4		5		2.195867e-08			
2.3755089030e+00	5		1		6.665186e-09			
2.3755089030e+00	5		2		1.412922e-08			
2.3755089030e+00	5		3		1.798264e-08			
2.3755089030e+00	5		4		2.195867e-08			
2.3755089030e+00	5		5		2.354870e-08			
2.5889281386e+00	1		1		4.673939e-09			
2.5889281386e+00	1		2		6.279464e-09			
2.5889281386e+00	1		3		6.529219e-09			
2.5889281386e+00	1		4		6.794990e-09			
2.5889281386e+00	1		5		6.888848e-09			
2.5889281386e+00	2		1		6.279464e-09			
2.5889281386e+00	2		2		1.173132e-08			
2.5889281386e+00	2		3		1.319919e-08			
2.5889281386e+00	2		4		1.455093e-08			
2.5889281386e+00	2		5		1.498068e-08			
2.5889281386e+00	3		1		6.529219e-09			
2.5889281386e+00	3		2		1.319919e-08			
2.5889281386e+00	3		3		1.594789e-08			
2.5889281386e+00	3		4		1.841609e-08			
2.5889281386e+00	3		5		1.921561e-08			
2.5889281386e+00	4		1		6.794990e-09			
2.5889281386e+00	4		2		1.455093e-08			
2.5889281386e+00	4		3		1.841609e-08			
2.5889281386e+00	4		4		2.223847e-08			
2.5889281386e+00	4		5		2.359240e-08			
2.5889281386e+00	5		1		6.888848e-09			
2.5889281386e+00	5		2		1.498068e-08			
2.5889281386e+00	5		3		1.921561e-08			
2.5889281386e+00	5		4		2.359240e-08			
2.5889281386e+00	5		5		2.534723e-08			
2.8215212741e+00	1		1		4.742778e-09			
2.8215212741e+00	1		2		6.413748e-09			
2.8215212741e+00	1		3		6.667483e-09			
2.8215212741e+00	1		4		6.939857e-09			
2.8215212741e+00	1		5		7.036045e-09			
2.8215212741e+00	2		1		6.413748e-09			
2.8215212741e+00	2		2		1.223775e-08			
2.8215212741e+00	2		3		1.381223e-08			
2.8215212741e+00	2		4		1.526056e-08			
2.8215212741e+00	2		5		1.572015e-08			
2.8215212741e+00	3		1		6.667483e-09			
2.8215212741e+00	3		2		1.381223e-08			
2.8215212741e+00	3		3		1.679271e-08			
2.8215212741e+00	3		4		1.946644e-08			
2.8215212741e+00	3		5		2.033187e-08			
2.8215212741e+00	4		1		6.939857e-09			
2.8215212741e+00	4		2		1.526056e-08			
2.8215212741e+00	4		3		1.946644e-08			
2.8215212741e+00	4		4		2.363016e-08			
2.8215212741e+00	4		5		2.510646e-08			
2.8215212741e+00	5		1		7.036045e-09			
2.8215212741e+00	5		2		1.572015e-08			
2.8215212741e+00	5		3		2.033187e-08			
2.8215212741e+00	5		4		2.510646e-08			
2.8215212741e+00	5		5		2.702620e-08			
3.0750109212e+00	1		1		4.762706e-09			
3.0750109212e+00	1		2		6.482859e-09			
3.0750109212e+00	1		3		6.736968e-09			
3.0750109212e+00	1		4		7.012517e-09			
3.0750109212e+00	1		5		7.109868e-09			
3.0750109212e+00	2		1		6.482859e-09			
3.0750109212e+00	2		2		1.264813e-08			
3.0750109212e+00	2		3		1.432217e-08			
3.0750109212e+00	2		4		1.586022e-08			
3.0750109212e+00	2		5		1.634736e-08			
3.0750109212e+00	3		1		6.736968e-09			
3.0750109212e+00	3		2		1.432217e-08			
3.0750109212e+00	3		3		1.752791e-08			
3.0750109212e+00	3		4		2.040074e-08			
3.0750109212e+00	3		5		2.132993e-08			
3.0750109212e+00	4		1		7.012517e-09			
3.0750109212e+00	4		2		1.586022e-08			
3.0750109212e+00	4		3		2.040074e-08			
3.0750109212e+00	4		4		2.490092e-08			
3.0750109212e+00	4		5		2.649831e-08			
3.0750109212e+00	5		1		7.109868e-09			
3.0750109212e+00	5		2		1.634736e-08			
3.0750109212e+00	5		3		2.132993e-08			
3.0750109212e+00	5		4		2.649831e-08			
3.0750109212e+00	5		5		2.858278e-08			
3.3512744533e+00	1		1		4.737785e-09			
3.3512744533e+00	1		2		6.490660e-09			
3.3512744533e+00	1		3		6.741517e-09			
3.3512744533e+00	1		4		7.016780e-09			
3.3512744533e+00	1		5		7.114130e-09			
3.3512744533e+00	2		1		6.490660e-09			
3.3512744533e+00	2		2		1.296411e-08			
3.3512744533e+00	2		3		1.473004e-08			
3.3512744533e+00	2		4		1.635035e-08			
3.3512744533e+00	2		5		1.686257e-08			
3.3512744533e+00	3		1		6.741517e-09			
3.3512744533e+00	3		2		1.473004e-08			
3.3512744533e+00	3		3		1.815357e-08			
3.3512744533e+00	3		4		2.121818e-08			
3.3512744533e+00	3		5		2.220871e-08			
3.3512744533e+00	4		1		7.016780e-09			
3.3512744533e+00	4		2		1.635035e-08			
3.3512744533e+00	4		3		2.121818e-08			
3.3512744533e+00	4		4		2.604884e-08			
3.3512744533e+00	4		5		2.776570e-08			
3.3512744533e+00	5		1		7.114130e-09			
3.3512744533e+00	5		2		1.686257e-08			
3.3512744533e+00	5		3		2.220871e-08			
3.3512744533e+00	5		4		2.776570e-08			
3.3512744533e+00	5		5		3.001440e-08			
3.6523579100e+00	1		1		4.672354e-09			
3.6523579100e+00	1		2		6.441565e-09			
3.6523579100e+00	1		3		6.685605e-09			
3.6523579100e+00	1		4		6.957161e-09			
3.6523579100e+00	1		5		7.053375e-09			
3.6523579100e+00	2		1		6.441565e-09			
3.6523579100e+00	2		2		1.318794e-08			
3.6523579100e+00	2		3		1.503752e-08			
3.6523579100e+00	2		4		1.673206e-08			
3.6523579100e+00	2		5		1.726673e-08			
3.6523579100e+00	3		1		6.685605e-09			
3.6523579100e+00	3		2		1.503752e-08			
3.6523579100e+00	3		3		1.867034e-08			
3.6523579100e+00	3		4		2.191849e-08			
3.6523579100e+00	3		5		2.296766e-08			
3.6523579100e+00	4		1		6.957161e-09			
3.6523579100e+00	4		2		1.673206e-08			
3.6523579100e+00	4		3		2.191849e-08			
3.6523579100e+00	4		4		2.707242e-08			
3.6523579100e+00	4		5		2.890676e-08			
3.6523579100e+00	5		1		7.053375e-09			
3.6523579100e+00	5		2		1.726673e-08			
3.6523579100e+00	5		3		2.296766e-08			
3.6523579100e+00	5		4		2.890676e-08			
3.6523579100e+00	5		5		3.131882e-08			
3.9804911501e+00	1		1		4.571003e-09			
3.9804911501e+00	1		2		6.340387e-09			
3.9804911501e+00	1		3		6.574153e-09			
3.9804911501e+00	1		4		6.838668e-09			
3.9804911501e+00	1		5		6.932649e-09			
3.9804911501e+00	2		1		6.340387e-09			
3.9804911501e+00	2		2		1.332223e-08			
3.9804911501e+00	2		3		1.524662e-08			
3.9804911501e+00	2		4		1.700682e-08			
3.9804911501e+00	2		5		1.756115e-08			
3.9804911501e+00	3		1		6.574153e-09			
3.9804911501e+00	3		2		1.524662e-08			
3.9804911501e+00	3		3		1.907912e-08			
3.9804911501e+00	3		4		2.250158e-08			
3.9804911501e+00	3		5		2.360637e-08			
3.9804911501e+00	4		1		6.838668e-09			
3.9804911501e+00	4		2		1.700682e-08			
3.9804911501e+00	4		3		2.250158e-08			
3.9804911501e+00	4		4		2.797019e-08			
3.9804911501e+00	4		5		2.991959e-08			
3.9804911501e+00	5		1		6.932649e-09			
3.9804911501e+00	5		2		1.756115e-08			
3.9804911501e+00	5		3		2.360637e-08			
3.9804911501e+00	5		4		2.991959e-08			
3.9804911501e+00	5		5		3.249370e-08			
4.3381043661e+00	1		1		4.438585e-09			
4.3381043661e+00	1		2		6.192368e-09			
4.3381043661e+00	1		3		6.412534e-09			
4.3381043661e+00	1		4		6.666784e-09			
4.3381043661e+00	1		5		6.757485e-09			
4.3381043661e+00	2		1		6.192368e-09			
4.3381043661e+00	2		2		1.336999e-08			
4.3381043661e+00	2		3		1.535976e-08			
4.3381043661e+00	2		4		1.717644e-08			
4.3381043661e+00	2		5		1.774747e-08			
4.3381043661e+00	3		1		6.412534e-09			
4.3381043661e+00	3		2		1.535976e-08			
4.3381043661e+00	3		3		1.938117e-08			
4.3381043661e+00	3		4		2.296761e-08			
4.3381043661e+00	3		5		2.412467e-08			
4.3381043661e+00	4		1		6.666784e-09			
4.3381043661e+00	4		2		1.717644e-08			
4.3381043661e+00	4		3		2.296761e-08			
4.3381043661e+00	4		4		2.874080e-08			
4.3381043661e+00	4		5		3.080236e-08			
4.3381043661e+00	5		1		6.757485e-09			
4.3381043661e+00	5		2		1.774747e-08			
4.3381043661e+00	5		3		2.412467e-08			
4.3381043661e+00	5		4		3.080236e-08			
4.3381043661e+00	5		5		3.353670e-08			
4.7278460827e+00	1		1		4.280157e-09			
4.7278460827e+00	1		2		6.003153e-09			
4.7278460827e+00	1		3		6.206575e-09			
4.7278460827e+00	1		4		6.447497e-09			
4.7278460827e+00	1		5		6.533931e-09			
4.7278460827e+00	2		1		6.003153e-09			
4.7278460827e+00	2		2		1.333478e-08			
4.7278460827e+00	2		3		1.537980e-08			
4.7278460827e+00	2		4		1.724313e-08			
4.7278460827e+00	2		5		1.782772e-08			
4.7278460827e+00	3		1		6.206575e-09			
4.7278460827e+00	3		2		1.537980e-08			
4.7278460827e+00	3		3		1.957810e-08			
4.7278460827e+00	3		4		2.331704e-08			
4.7278460827e+00	3		5		2.452266e-08			
4.7278460827e+00	4		1		6.447497e-09			
4.7278460827e+00	4		2		1.724313e-08			
4.7278460827e+00	4		3		2.331704e-08			
4.7278460827e+00	4		4		2.938304e-08			
4.7278460827e+00	4		5		3.155331e-08			
4.7278460827e+00	5		1		6.533931e-09			
4.7278460827e+00	5		2		1.782772e-08			
4.7278460827e+00	5		3		2.452266e-08			
4.7278460827e+00	5		4		3.155331e-08			
4.7278460827e+00	5		5		3.444542e-08			
5.1526027719e+00	1		1		4.100924e-09			
5.1526027719e+00	1		2		5.778729e-09			
5.1526027719e+00	1		3		5.962548e-09			
5.1526027719e+00	1		4		6.187325e-09			
5.1526027719e+00	1		5		6.268588e-09			
5.1526027719e+00	2		1		5.778729e-09			
5.1526027719e+00	2		2		1.322069e-08			
5.1526027719e+00	2		3		1.531016e-08			
5.1526027719e+00	2		4		1.720973e-08			
5.1526027719e+00	2		5		1.780455e-08			
5.1526027719e+00	3		1		5.962548e-09			
5.1526027719e+00	3		2		1.531016e-08			
5.1526027719e+00	3		3		1.967199e-08			
5.1526027719e+00	3		4		2.355072e-08			
5.1526027719e+00	3		5		2.480079e-08			
5.1526027719e+00	4		1		6.187325e-09			
5.1526027719e+00	4		2		1.720973e-08			
5.1526027719e+00	4		3		2.355072e-08			
5.1526027719e+00	4		4		2.989587e-08			
5.1526027719e+00	4		5		3.217075e-08			
5.1526027719e+00	5		1		6.268588e-09			
5.1526027719e+00	5		2		1.780455e-08			
5.1526027719e+00	5		3		2.480079e-08			
5.1526027719e+00	5		4		3.217075e-08			
5.1526027719e+00	5		5		3.521748e-08			
5.6155202307e+00	1		1		3.906084e-09			
5.6155202307e+00	1		2		5.525301e-09			
5.6155202307e+00	1		3		5.687006e-09			
5.6155202307e+00	1		4		5.893121e-09			
5.6155202307e+00	1		5		5.968414e-09			
5.6155202307e+00	2		1		5.525301e-09			
5.6155202307e+00	2		2		1.303224e-08			
5.6155202307e+00	2		3		1.515472e-08			
5.6155202307e+00	2		4		1.707949e-08			
5.6155202307e+00	2		5		1.768104e-08			
5.6155202307e+00	3		1		5.687006e-09			
5.6155202307e+00	3		2		1.515472e-08			
5.6155202307e+00	3		3		1.966525e-08			
5.6155202307e+00	3		4		2.366972e-08			
5.6155202307e+00	3		5		2.495972e-08			
5.6155202307e+00	4		1		5.893121e-09			
5.6155202307e+00	4		2		1.707949e-08			
5.6155202307e+00	4		3		2.366972e-08			
5.6155202307e+00	4		4		3.027823e-08			
5.6155202307e+00	4		5		3.265293e-08			
5.6155202307e+00	5		1		5.968414e-09			
5.6155202307e+00	5		2		1.768104e-08			
5.6155202307e+00	5		3		2.495972e-08			
5.6155202307e+00	5		4		3.265293e-08			
5.6155202307e+00	5		5		3.585027e-08			
6.1200268791e+00	1		1		3.700602e-09			
6.1200268791e+00	1		2		5.249118e-09			
6.1200268791e+00	1		3		5.386604e-09			
6.1200268791e+00	1		4		5.571903e-09			
6.1200268791e+00	1		5		5.640546e-09			
6.1200268791e+00	2		1		5.249118e-09			
6.1200268791e+00	2		2		1.277449e-08			
6.1200268791e+00	2		3		1.491796e-08			
6.1200268791e+00	2		4		1.685643e-08			
6.1200268791e+00	2		5		1.746107e-08			
6.1200268791e+00	3		1		5.386604e-09			
6.1200268791e+00	3		2		1.491796e-08			
6.1200268791e+00	3		3		1.956083e-08			
6.1200268791e+00	3		4		2.367569e-08			
6.1200268791e+00	3		5		2.500069e-08			
6.1200268791e+00	4		1		5.571903e-09			
6.1200268791e+00	4		2		1.685643e-08			
6.1200268791e+00	4		3		2.367569e-08			
6.1200268791e+00	4		4		3.052955e-08			
6.1200268791e+00	4		5		3.299850e-08			
6.1200268791e+00	5		1		5.640546e-09			
6.1200268791e+00	5		2		1.746107e-08			
6.1200268791e+00	5		3		2.500069e-08			
6.1200268791e+00	5		4		3.299850e-08			
6.1200268791e+00	5		5		3.634153e-08			
6.6698591515e+00	1		1		3.489062e-09			
6.6698591515e+00	1		2		4.956413e-09			
6.6698591515e+00	1		3		5.068064e-09			
6.6698591515e+00	1		4		5.230835e-09			
6.6698591515e+00	1		5		5.292298e-09			
6.6698591515e+00	2		1		4.956413e-09			
6.6698591515e+00	2		2		1.245311e-08			
6.6698591515e+00	2		3		1.460510e-08			
6.6698591515e+00	2		4		1.654537e-08			
6.6698591515e+00	2		5		1.714934e-08			
6.6698591515e+00	3		1		5.068064e-09			
6.6698591515e+00	3		2		1.460510e-08			
6.6698591515e+00	3		3		1.936228e-08			
6.6698591515e+00	3		4		2.357086e-08			
6.6698591515e+00	3		5		2.492552e-08			
6.6698591515e+00	4		1		5.230835e-09			
6.6698591515e+00	4		2		1.654537e-08			
6.6698591515e+00	4		3		2.357086e-08			
6.6698591515e+00	4		4		3.064963e-08			
6.6698591515e+00	4		5		3.320645e-08			
6.6698591515e+00	5		1		5.292298e-09			
6.6698591515e+00	5		2		1.714934e-08			
6.6698591515e+00	5		3		2.492552e-08			
6.6698591515e+00	5		4		3.320645e-08			
6.6698591515e+00	5		5		3.668922e-08			
7.2690891689e+00	1		1		3.275426e-09			
7.2690891689e+00	1		2		4.653077e-09			
7.2690891689e+00	1		3		4.737817e-09			
7.2690891689e+00	1		4		4.876827e-09			
7.2690891689e+00	1		5		4.930744e-09			
7.2690891689e+00	2		1		4.653077e-09			
7.2690891689e+00	2		2		1.207414e-08			
7.2690891689e+00	2		3		1.422183e-08			
7.2690891689e+00	2		4		1.615168e-08			
7.2690891689e+00	2		5		1.675116e-08			
7.2690891689e+00	3		1		4.737817e-09			
7.2690891689e+00	3		2		1.422183e-08			
7.2690891689e+00	3		3		1.907360e-08			
7.2690891689e+00	3		4		2.335782e-08			
7.2690891689e+00	3		5		2.473633e-08			
7.2690891689e+00	4		1		4.876827e-09			
7.2690891689e+00	4		2		1.615168e-08			
7.2690891689e+00	4		3		2.335782e-08			
7.2690891689e+00	4		4		3.063869e-08			
7.2690891689e+00	4		5		3.327613e-08			
7.2690891689e+00	5		1		4.930744e-09			
7.2690891689e+00	5		2		1.675116e-08			
7.2690891689e+00	5		3		2.473633e-08			
7.2690891689e+00	5		4		3.327613e-08			
7.2690891689e+00	5		5		3.689153e-08			
7.9221548980e+00	1		1		3.062989e-09			
7.9221548980e+00	1		2		4.344620e-09			
7.9221548980e+00	1		3		4.401970e-09			
7.9221548980e+00	1		4		4.516534e-09			
7.9221548980e+00	1		5		4.562722e-09			
7.9221548980e+00	2		1		4.344620e-09			
7.9221548980e+00	2		2		1.164403e-08			
7.9221548980e+00	2		3		1.377436e-08			
7.9221548980e+00	2		4		1.568143e-08			
7.9221548980e+00	2		5		1.627255e-08			
7.9221548980e+00	3		1		4.401970e-09			
7.9221548980e+00	3		2		1.377436e-08			
7.9221548980e+00	3		3		1.869930e-08			
7.9221548980e+00	3		4		2.303966e-08			
7.9221548980e+00	3		5		2.443580e-08			
7.9221548980e+00	4		1		4.516534e-09			
7.9221548980e+00	4		2		1.568143e-08			
7.9221548980e+00	4		3		2.303966e-08			
7.9221548980e+00	4		4		3.049718e-08			
7.9221548980e+00	4		5		3.320704e-08			
7.9221548980e+00	5		1		4.562722e-09			
7.9221548980e+00	5		2		1.627255e-08			
7.9221548980e+00	5		3		2.443580e-08			
7.9221548980e+00	5		4		3.320704e-08			
7.9221548980e+00	5		5		3.694670e-08			
8.6338930187e+00	1		1		2.854428e-09			
8.6338930187e+00	1		2		4.036101e-09			
8.6338930187e+00	1		3		4.066215e-09			
8.6338930187e+00	1		4		4.156227e-09			
8.6338930187e+00	1		5		4.194691e-09			
8.6338930187e+00	2		1		4.036101e-09			
8.6338930187e+00	2		2		1.116990e-08			
8.6338930187e+00	2		3		1.326981e-08			
8.6338930187e+00	2		4		1.514183e-08			
8.6338930187e+00	2		5		1.572079e-08			
8.6338930187e+00	3		1		4.066215e-09			
8.6338930187e+00	3		2		1.326981e-08			
8.6338930187e+00	3		3		1.824500e-08			
8.6338930187e+00	3		4		2.262078e-08			
8.6338930187e+00	3		5		2.402790e-08			
8.6338930187e+00	4		1		4.156227e-09			
8.6338930187e+00	4		2		1.514183e-08			
8.6338930187e+00	4		3		2.262078e-08			
8.6338930187e+00	4		4		3.022685e-08			
8.6338930187e+00	4		5		3.300004e-08			
8.6338930187e+00	5		1		4.194691e-09			
8.6338930187e+00	5		2		1.572079e-08			
8.6338930187e+00	5		3		2.402790e-08			
8.6338930187e+00	5		4		3.300004e-08			
8.6338930187e+00	5		5		3.685428e-08			
9.4095747456e+00	1		1		2.651878e-09			
9.4095747456e+00	1		2		3.732079e-09			
9.4095747456e+00	1		3		3.735757e-09			
9.4095747456e+00	1		4		3.801699e-09			
9.4095747456e+00	1		5		3.832630e-09			
9.4095747456e+00	2		1		3.732079e-09			
9.4095747456e+00	2		2		1.065932e-08			
9.4095747456e+00	2		3		1.271590e-08			
9.4095747456e+00	2		4		1.454089e-08			
9.4095747456e+00	2		5		1.510396e-08			
9.4095747456e+00	3		1		3.735757e-09			
9.4095747456e+00	3		2		1.271590e-08			
9.4095747456e+00	3		3		1.771701e-08			
9.4095747456e+00	3		4		2.210638e-08			
9.4095747456e+00	3		5		2.351742e-08			
9.4095747456e+00	4		1		3.801699e-09			
9.4095747456e+00	4		2		1.454089e-08			
9.4095747456e+00	4		3		2.210638e-08			
9.4095747456e+00	4		4		2.983010e-08			
9.4095747456e+00	4		5		3.265648e-08			
9.4095747456e+00	5		1		3.832630e-09			
9.4095747456e+00	5		2		1.510396e-08			
9.4095747456e+00	5		3		2.351742e-08			
9.4095747456e+00	5		4		3.265648e-08			
9.4095747456e+00	5		5		3.661433e-08			
1.0254944867e+01	1		1		2.456837e-09			
1.0254944867e+01	1		2		3.436391e-09			
1.0254944867e+01	1		3		3.415071e-09			
1.0254944867e+01	1		4		3.458010e-09			
1.0254944867e+01	1		5		3.481774e-09			
1.0254944867e+01	2		1		3.436391e-09			
1.0254944867e+01	2		2		1.011993e-08			
1.0254944867e+01	2		3		1.212066e-08			
1.0254944867e+01	2		4		1.388712e-08			
1.0254944867e+01	2		5		1.443075e-08			
1.0254944867e+01	3		1		3.415071e-09			
1.0254944867e+01	3		2		1.212066e-08			
1.0254944867e+01	3		3		1.712202e-08			
1.0254944867e+01	3		4		2.150227e-08			
1.0254944867e+01	3		5		2.290985e-08			
1.0254944867e+01	4		1		3.458010e-09			
1.0254944867e+01	4		2		1.388712e-08			
1.0254944867e+01	4		3		2.150227e-08			
1.0254944867e+01	4		4		2.931003e-08			
1.0254944867e+01	4		5		3.217834e-08			
1.0254944867e+01	5		1		3.481774e-09			
1.0254944867e+01	5		2		1.443075e-08			
1.0254944867e+01	5		3		2.290985e-08			
1.0254944867e+01	5		4		3.217834e-08			
1.0254944867e+01	5		5		3.622730e-08			
1.1176264291e+01	1		1		2.270049e-09			
1.1176264291e+01	1		2		3.152048e-09			
1.1176264291e+01	1		3		3.107773e-09			
1.1176264291e+01	1		4		3.129332e-09			
1.1176264291e+01	1		5		3.146464e-09			
1.1176264291e+01	2		1		3.152048e-09			
1.1176264291e+01	2		2		9.559950e-09			
1.1176264291e+01	2		3		1.149304e-08			
1.1176264291e+01	2		4		1.319034e-08			
1.1176264291e+01	2		5		1.371122e-08			
1.1176264291e+01	3		1		3.107773e-09			
1.1176264291e+01	3		2		1.149304e-08			
1.1176264291e+01	3		3		1.646806e-08			
1.1176264291e+01	3		4		2.081593e-08			
1.1176264291e+01	3		5		2.221251e-08			
1.1176264291e+01	4		1		3.129332e-09			
1.1176264291e+01	4		2		1.319034e-08			
1.1176264291e+01	4		3		2.081593e-08			
1.1176264291e+01	4		4		2.867190e-08			
1.1176264291e+01	4		5		3.156989e-08			
1.1176264291e+01	5		1		3.146464e-09			
1.1176264291e+01	5		2		1.371122e-08			
1.1176264291e+01	5		3		2.221251e-08			
1.1176264291e+01	5		4		3.156989e-08			
1.1176264291e+01	5		5		3.569590e-08			
1.2180356415e+01	1		1		2.091444e-09			
1.2180356415e+01	1		2		2.881041e-09			
1.2180356415e+01	1		3		2.816408e-09			
1.2180356415e+01	1		4		2.818715e-09			
1.2180356415e+01	1		5		2.829905e-09			
1.2180356415e+01	2		1		2.881041e-09			
1.2180356415e+01	2		2		8.987249e-09			
1.2180356415e+01	2		3		1.084190e-08			
1.2180356415e+01	2		4		1.246048e-08			
1.2180356415e+01	2		5		1.295568e-08			
1.2180356415e+01	3		1		2.816408e-09			
1.2180356415e+01	3		2		1.084190e-08			
1.2180356415e+01	3		3		1.576328e-08			
1.2180356415e+01	3		4		2.005517e-08			
1.2180356415e+01	3		5		2.143304e-08			
1.2180356415e+01	4		1		2.818715e-09			
1.2180356415e+01	4		2		1.246048e-08			
1.2180356415e+01	4		3		2.005517e-08			
1.2180356415e+01	4		4		2.792130e-08			
1.2180356415e+01	4		5		3.083579e-08			
1.2180356415e+01	5		1		2.829905e-09			
1.2180356415e+01	5		2		1.295568e-08			
1.2180356415e+01	5		3		2.143304e-08			
1.2180356415e+01	5		4		3.083579e-08			
1.2180356415e+01	5		5		3.502315e-08			
1.3274657662e+01	1		1		1.920559e-09			
1.3274657662e+01	1		2		2.624584e-09			
1.3274657662e+01	1		3		2.542645e-09			
1.3274657662e+01	1		4		2.528247e-09			
1.3274657662e+01	1		5		2.534312e-09			
1.3274657662e+01	2		1		2.624584e-09			
1.3274657662e+01	2		2		8.409758e-09			
1.3274657662e+01	2		3		1.017654e-08			
1.3274657662e+01	2		4		1.170833e-08			
1.3274657662e+01	2		5		1.217536e-08			
1.3274657662e+01	3		1		2.542645e-09			
1.3274657662e+01	3		2		1.017654e-08			
1.3274657662e+01	3		3		1.501686e-08			
1.3274657662e+01	3		4		1.922939e-08			
1.3274657662e+01	3		5		2.058089e-08			
1.3274657662e+01	4		1		2.528247e-09			
1.3274657662e+01	4		2		1.170833e-08			
1.3274657662e+01	4		3		1.922939e-08			
1.3274657662e+01	4		4		2.706609e-08			
1.3274657662e+01	4		5		2.998314e-08			
1.3274657662e+01	5		1		2.534312e-09			
1.3274657662e+01	5		2		1.217536e-08			
1.3274657662e+01	5		3		2.058089e-08			
1.3274657662e+01	5		4		2.998314e-08			
1.3274657662e+01	5		5		3.421475e-08			
1.4467272553e+01	1		1		1.757046e-09			
1.4467272553e+01	1		2		2.383426e-09			
1.4467272553e+01	1		3		2.287578e-09			
1.4467272553e+01	1		4		2.259335e-09			
1.4467272553e+01	1		5		2.261185e-09			
1.4467272553e+01	2		1		2.383426e-09			
1.4467272553e+01	2		2		7.834916e-09			
1.4467272553e+01	2		3		9.506035e-09			
1.4467272553e+01	2		4		1.094463e-08			
1.4467272553e+01	2		5		1.138156e-08			
1.4467272553e+01	3		1		2.287578e-09			
1.4467272553e+01	3		2		9.506035e-09			
1.4467272553e+01	3		3		1.423810e-08			
1.4467272553e+01	3		4		1.834840e-08			
1.4467272553e+01	3		5		1.966598e-08			
1.4467272553e+01	4		1		2.259335e-09			
1.4467272553e+01	4		2		1.094463e-08			
1.4467272553e+01	4		3		1.834840e-08			
1.4467272553e+01	4		4		2.611476e-08			
1.4467272553e+01	4		5		2.901971e-08			
1.4467272553e+01	5		1		2.261185e-09			
1.4467272553e+01	5		2		1.138156e-08			
1.4467272553e+01	5		3		1.966598e-08			
1.4467272553e+01	5		4		2.901971e-08			
1.4467272553e+01	5		5		3.327700e-08			
1.5767033731e+01	1		1		1.600948e-09			
1.5767033731e+01	1		2		2.158033e-09			
1.5767033731e+01	1		3		2.051866e-09			
1.5767033731e+01	1		4		2.012811e-09			
1.5767033731e+01	1		5		2.011399e-09			
1.5767033731e+01	2		1		2.158033e-09			
1.5767033731e+01	2		2		7.269754e-09			
1.5767033731e+01	2		3		8.839368e-09			
1.5767033731e+01	2		4		1.018036e-08			
1.5767033731e+01	2		5		1.058588e-08			
1.5767033731e+01	3		1		2.051866e-09			
1.5767033731e+01	3		2		8.839368e-09			
1.5767033731e+01	3		3		1.343699e-08			
1.5767033731e+01	3		4		1.742336e-08			
1.5767033731e+01	3		5		1.869983e-08			
1.5767033731e+01	4		1		2.012811e-09			
1.5767033731e+01	4		2		1.018036e-08			
1.5767033731e+01	4		3		1.742336e-08			
1.5767033731e+01	4		4		2.507808e-08			
1.5767033731e+01	4		5		2.795583e-08			
1.5767033731e+01	5		1		2.011399e-09			
1.5767033731e+01	5		2		1.058588e-08			
1.5767033731e+01	5		3		1.869983e-08			
1.5767033731e+01	5		4		2.795583e-08			
1.5767033731e+01	5		5		3.221905e-08			
1.7183567376e+01	1		1		1.452662e-09			
1.7183567376e+01	1		2		1.948642e-09			
1.7183567376e+01	1		3		1.835795e-09			
1.7183567376e+01	1		4		1.788998e-09			
1.7183567376e+01	1		5		1.785288e-09			
1.7183567376e+01	2		1		1.948642e-09			
1.7183567376e+01	2		2		6.720332e-09			
1.7183567376e+01	2		3		8.184751e-09			
1.7183567376e+01	2		4		9.425829e-09			
1.7183567376e+01	2		5		9.799333e-09			
1.7183567376e+01	3		1		1.835795e-09			
1.7183567376e+01	3		2		8.184751e-09			
1.7183567376e+01	3		3		1.262322e-08			
1.7183567376e+01	3		4		1.646550e-08			
1.7183567376e+01	3		5		1.769415e-08			
1.7183567376e+01	4		1		1.788998e-09			
1.7183567376e+01	4		2		9.425829e-09			
1.7183567376e+01	4		3		1.646550e-08			
1.7183567376e+01	4		4		2.396734e-08			
1.7183567376e+01	4		5		2.680246e-08			
1.7183567376e+01	5		1		1.785288e-09			
1.7183567376e+01	5		2		9.799333e-09			
1.7183567376e+01	5		3		1.769415e-08			
1.7183567376e+01	5		4		2.680246e-08			
1.7183567376e+01	5		5		3.105074e-08			
1.8727364500e+01	1		1		1.313058e-09			
1.8727364500e+01	1		2		1.755430e-09			
1.8727364500e+01	1		3		1.639395e-09			
1.8727364500e+01	1		4		1.587792e-09			
1.8727364500e+01	1		5		1.582703e-09			
1.8727364500e+01	2		1		1.755430e-09			
1.8727364500e+01	2		2		6.191824e-09			
1.8727364500e+01	2		3		7.549712e-09			
1.8727364500e+01	2		4		8.690823e-09			
1.8727364500e+01	2		5		9.032427e-09			
1.8727364500e+01	3		1		1.639395e-09			
1.8727364500e+01	3		2		7.549712e-09			
1.8727364500e+01	3		3		1.180676e-08			
1.8727364500e+01	3		4		1.548704e-08			
1.8727364500e+01	3		5		1.666188e-08			
1.8727364500e+01	4		1		1.587792e-09			
1.8727364500e+01	4		2		8.690823e-09			
1.8727364500e+01	4		3		1.548704e-08			
1.8727364500e+01	4		4		2.279599e-08			
1.8727364500e+01	4		5		2.557316e-08			
1.8727364500e+01	5		1		1.582703e-09			
1.8727364500e+01	5		2		9.032427e-09			
1.8727364500e+01	5		3		1.666188e-08			
1.8727364500e+01	5		4		2.557316e-08			
1.8727364500e+01	5		5		2.978490e-08			
2.0409858643e+01	1		1		1.183298e-09			
2.0409858643e+01	1		2		1.578466e-09			
2.0409858643e+01	1		3		1.462409e-09			
2.0409858643e+01	1		4		1.408639e-09			
2.0409858643e+01	1		5		1.402994e-09			
2.0409858643e+01	2		1		1.578466e-09			
2.0409858643e+01	2		2		5.688097e-09			
2.0409858643e+01	2		3		6.940448e-09			
2.0409858643e+01	2		4		7.983703e-09			
2.0409858643e+01	2		5		8.294245e-09			
2.0409858643e+01	3		1		1.462409e-09			
2.0409858643e+01	3		2		6.940448e-09			
2.0409858643e+01	3		3		1.099681e-08			
2.0409858643e+01	3		4		1.449982e-08			
2.0409858643e+01	3		5		1.561573e-08			
2.0409858643e+01	4		1		1.408639e-09			
2.0409858643e+01	4		2		7.983703e-09			
2.0409858643e+01	4		3		1.449982e-08			
2.0409858643e+01	4		4		2.157781e-08			
2.0409858643e+01	4		5		2.428203e-08			
2.0409858643e+01	5		1		1.402994e-09			
2.0409858643e+01	5		2		8.294245e-09			
2.0409858643e+01	5		3		1.561573e-08			
2.0409858643e+01	5		4		2.428203e-08			
2.0409858643e+01	5		5		2.843515e-08			
2.2243510550e+01	1		1		1.064327e-09			
2.2243510550e+01	1		2		1.417425e-09			
2.2243510550e+01	1		3		1.303961e-09			
2.2243510550e+01	1		4		1.250182e-09			
2.2243510550e+01	1		5		1.244645e-09			
2.2243510550e+01	2		1		1.417425e-09			
2.2243510550e+01	2		2		5.211801e-09			
2.2243510550e+01	2		3		6.361852e-09			
2.2243510550e+01	2		4		7.311380e-09			
2.2243510550e+01	2		5		7.592360e-09			
2.2243510550e+01	3		1		1.303961e-09			
2.2243510550e+01	3		2		6.361852e-09			
2.2243510550e+01	3		3		1.020208e-08			
2.2243510550e+01	3		4		1.351578e-08			
2.2243510550e+01	3		5		1.456872e-08			
2.2243510550e+01	4		1		1.250182e-09			
2.2243510550e+01	4		2		7.311380e-09			
2.2243510550e+01	4		3		1.351578e-08			
2.2243510550e+01	4		4		2.032787e-08			
2.2243510550e+01	4		5		2.294489e-08			
2.2243510550e+01	5		1		1.244645e-09			
2.2243510550e+01	5		2		7.592360e-09			
2.2243510550e+01	5		3		1.456872e-08			
2.2243510550e+01	5		4		2.294489e-08			
2.2243510550e+01	5		5		2.701724e-08			
2.4241900458e+01	1		1		9.564067e-10			
2.4241900458e+01	1		2		1.271304e-09			
2.4241900458e+01	1		3		1.162313e-09			
2.4241900458e+01	1		4		1.110047e-09			
2.4241900458e+01	1		5		1.105068e-09			
2.4241900458e+01	2		1		1.271304e-09			
2.4241900458e+01	2		2		4.764166e-09			
2.4241900458e+01	2		3		5.817082e-09			
2.4241900458e+01	2		4		6.678688e-09			
2.4241900458e+01	2		5		6.932156e-09			
2.4241900458e+01	3		1		1.162313e-09			
2.4241900458e+01	3		2		5.817082e-09			
2.4241900458e+01	3		3		9.430149e-09			
2.4241900458e+01	3		4		1.254608e-08			
2.4241900458e+01	3		5		1.353322e-08			
2.4241900458e+01	4		1		1.110047e-09			
2.4241900458e+01	4		2		6.678688e-09			
2.4241900458e+01	4		3		1.254608e-08			
2.4241900458e+01	4		4		1.906148e-08			
2.4241900458e+01	4		5		2.157817e-08			
2.4241900458e+01	5		1		1.105068e-09			
2.4241900458e+01	5		2		6.932156e-09			
2.4241900458e+01	5		3		1.353322e-08			
2.4241900458e+01	5		4		2.157817e-08			
2.4241900458e+01	5		5		2.554803e-08			
2.6419828673e+01	1		1		8.590680e-10			
2.6419828673e+01	1		2		1.138426e-09			
2.6419828673e+01	1		3		1.034898e-09			
2.6419828673e+01	1		4		9.849025e-10			
2.6419828673e+01	1		5		9.806754e-10			
2.6419828673e+01	2		1		1.138426e-09			
2.6419828673e+01	2		2		4.345210e-09			
2.6419828673e+01	2		3		5.307625e-09			
2.6419828673e+01	2		4		6.088319e-09			
2.6419828673e+01	2		5		6.316714e-09			
2.6419828673e+01	3		1		1.034898e-09			
2.6419828673e+01	3		2		5.307625e-09			
2.6419828673e+01	3		3		8.687309e-09			
2.6419828673e+01	3		4		1.160082e-08			
2.6419828673e+01	3		5		1.252062e-08			
2.6419828673e+01	4		1		9.849025e-10			
2.6419828673e+01	4		2		6.088319e-09			
2.6419828673e+01	4		3		1.160082e-08			
2.6419828673e+01	4		4		1.779372e-08			
2.6419828673e+01	4		5		2.019842e-08			
2.6419828673e+01	5		1		9.806754e-10			
2.6419828673e+01	5		2		6.316714e-09			
2.6419828673e+01	5		3		1.252062e-08			
2.6419828673e+01	5		4		2.019842e-08			
2.6419828673e+01	5		5		2.404489e-08			
2.8793425182e+01	1		1		7.713268e-10			
2.8793425182e+01	1		2		1.016675e-09			
2.8793425182e+01	1		3		9.186512e-10			
2.8793425182e+01	1		4		8.708786e-10			
2.8793425182e+01	1		5		8.673233e-10			
2.8793425182e+01	2		1		1.016675e-09			
2.8793425182e+01	2		2		3.953989e-09			
2.8793425182e+01	2		3		4.833376e-09			
2.8793425182e+01	2		4		5.540759e-09			
2.8793425182e+01	2		5		5.746695e-09			
2.8793425182e+01	3		1		9.186512e-10			
2.8793425182e+01	3		2		4.833376e-09			
2.8793425182e+01	3		3		7.978531e-09			
2.8793425182e+01	3		4		1.068890e-08			
2.8793425182e+01	3		5		1.154118e-08			
2.8793425182e+01	4		1		8.708786e-10			
2.8793425182e+01	4		2		5.540759e-09			
2.8793425182e+01	4		3		1.068890e-08			
2.8793425182e+01	4		4		1.653961e-08			
2.8793425182e+01	4		5		1.882260e-08			
2.8793425182e+01	5		1		8.673233e-10			
2.8793425182e+01	5		2		5.746695e-09			
2.8793425182e+01	5		3		1.154118e-08			
2.8793425182e+01	5		4		1.882260e-08			
2.8793425182e+01	5		5		2.252633e-08			
3.1380269114e+01	1		1		6.922029e-10			
3.1380269114e+01	1		2		9.041547e-10			
3.1380269114e+01	1		3		8.108505e-10			
3.1380269114e+01	1		4		7.645614e-10			
3.1380269114e+01	1		5		7.613649e-10			
3.1380269114e+01	2		1		9.041547e-10			
3.1380269114e+01	2		2		3.588922e-09			
3.1380269114e+01	2		3		4.392853e-09			
3.1380269114e+01	2		4		5.034446e-09			
3.1380269114e+01	2		5		5.220486e-09			
3.1380269114e+01	3		1		8.108505e-10			
3.1380269114e+01	3		2		4.392853e-09			
3.1380269114e+01	3		3		7.307171e-09			
3.1380269114e+01	3		4		9.817392e-09			
3.1380269114e+01	3		5		1.060328e-08			
3.1380269114e+01	4		1		7.645614e-10			
3.1380269114e+01	4		2		5.034446e-09			
3.1380269114e+01	4		3		9.817392e-09			
3.1380269114e+01	4		4		1.531279e-08			
3.1380269114e+01	4		5		1.746657e-08			
3.1380269114e+01	5		1		7.613649e-10			
3.1380269114e+01	5		2		5.220486e-09			
3.1380269114e+01	5		3		1.060328e-08			
3.1380269114e+01	5		4		1.746657e-08			
3.1380269114e+01	5		5		2.101025e-08			
3.4199518934e+01	1		1		6.209517e-10			
3.4199518934e+01	1		2		7.999186e-10			
3.4199518934e+01	1		3		7.100943e-10			
3.4199518934e+01	1		4		6.641962e-10			
3.4199518934e+01	1		5		6.609240e-10			
3.4199518934e+01	2		1		7.999186e-10			
3.4199518934e+01	2		2		3.248318e-09			
3.4199518934e+01	2		3		3.983735e-09			
3.4199518934e+01	2		4		4.566331e-09			
3.4199518934e+01	2		5		4.734773e-09			
3.4199518934e+01	3		1		7.100943e-10			
3.4199518934e+01	3		2		3.983735e-09			
3.4199518934e+01	3		3		6.675210e-09			
3.4199518934e+01	3		4		8.991574e-09			
3.4199518934e+01	3		5		9.713415e-09			
3.4199518934e+01	4		1		6.641962e-10			
3.4199518934e+01	4		2		4.566331e-09			
3.4199518934e+01	4		3		8.991574e-09			
3.4199518934e+01	4		4		1.412546e-08			
3.4199518934e+01	4		5		1.614508e-08			
3.4199518934e+01	5		1		6.609240e-10			
3.4199518934e+01	5		2		4.734773e-09			
3.4199518934e+01	5		3		9.713415e-09			
3.4199518934e+01	5		4		1.614508e-08			
3.4199518934e+01	5		5		1.951397e-08			
3.7272054329e+01	1		1		5.569815e-10			
3.7272054329e+01	1		2		7.041869e-10			
3.7272054329e+01	1		3		6.166694e-10			
3.7272054329e+01	1		4		5.701899e-10			
3.7272054329e+01	1		5		5.664412e-10			
3.7272054329e+01	2		1		7.041869e-10			
3.7272054329e+01	2		2		2.930674e-09			
3.7272054329e+01	2		3		3.603266e-09			
3.7272054329e+01	2		4		4.132414e-09			
3.7272054329e+01	2		5		4.285115e-09			
3.7272054329e+01	3		1		6.166694e-10			
3.7272054329e+01	3		2		3.603266e-09			
3.7272054329e+01	3		3		6.083219e-09			
3.7272054329e+01	3		4		8.214676e-09			
3.7272054329e+01	3		5		8.875810e-09			
3.7272054329e+01	4		1		5.701899e-10			
3.7272054329e+01	4		2		4.132414e-09			
3.7272054329e+01	4		3		8.214676e-09			
3.7272054329e+01	4		4		1.298778e-08			
3.7272054329e+01	4		5		1.487100e-08			
3.7272054329e+01	5		1		5.664412e-10			
3.7272054329e+01	5		2		4.285115e-09			
3.7272054329e+01	5		3		8.875810e-09			
3.7272054329e+01	5		4		1.487100e-08			
3.7272054329e+01	5		5		1.805356e-08			
4.0620630852e+01	1		1		4.996869e-10			
4.0620630852e+01	1		2		6.182372e-10			
4.0620630852e+01	1		3		5.324675e-10			
4.0620630852e+01	1		4		4.850523e-10			
4.0620630852e+01	1		5		4.806220e-10			
4.0620630852e+01	2		1		6.182372e-10			
4.0620630852e+01	2		2		2.634952e-09			
4.0620630852e+01	2		3		3.248754e-09			
4.0620630852e+01	2		4		3.728466e-09			
4.0620630852e+01	2		5		3.866743e-09			
4.0620630852e+01	3		1		5.324675e-10			
4.0620630852e+01	3		2		3.248754e-09			
4.0620630852e+01	3		3		5.530555e-09			
4.0620630852e+01	3		4		7.487861e-09			
4.0620630852e+01	3		5		8.092357e-09			
4.0620630852e+01	4		1		4.850523e-10			
4.0620630852e+01	4		2		3.728466e-09			
4.0620630852e+01	4		3		7.487861e-09			
4.0620630852e+01	4		4		1.190732e-08			
4.0620630852e+01	4		5		1.365464e-08			
4.0620630852e+01	5		1		4.806220e-10			
4.0620630852e+01	5		2		3.866743e-09			
4.0620630852e+01	5		3		8.092357e-09			
4.0620630852e+01	5		4		1.365464e-08			
4.0620630852e+01	5		5		1.664297e-08			
4.4270048446e+01	1		1		4.484045e-10			
4.4270048446e+01	1		2		5.438609e-10			
4.4270048446e+01	1		3		4.603103e-10			
4.4270048446e+01	1		4		4.125794e-10			
4.4270048446e+01	1		5		4.075779e-10			
4.4270048446e+01	2		1		5.438609e-10			
4.4270048446e+01	2		2		2.360867e-09			
4.4270048446e+01	2		3		2.918239e-09			
4.4270048446e+01	2		4		3.351024e-09			
4.4270048446e+01	2		5		3.475660e-09			
4.4270048446e+01	3		1		4.603103e-10			
4.4270048446e+01	3		2		2.918239e-09			
4.4270048446e+01	3		3		5.015837e-09			
4.4270048446e+01	3		4		6.810603e-09			
4.4270048446e+01	3		5		7.362916e-09			
4.4270048446e+01	4		1		4.125794e-10			
4.4270048446e+01	4		2		3.351024e-09			
4.4270048446e+01	4		3		6.810603e-09			
4.4270048446e+01	4		4		1.088907e-08			
4.4270048446e+01	4		5		1.250362e-08			
4.4270048446e+01	5		1		4.075779e-10			
4.4270048446e+01	5		2		3.475660e-09			
4.4270048446e+01	5		3		7.362916e-09			
4.4270048446e+01	5		4		1.250362e-08			
4.4270048446e+01	5		5		1.529369e-08			
4.8247335117e+01	1		1		4.024621e-10			
4.8247335117e+01	1		2		4.820486e-10			
4.8247335117e+01	1		3		4.022143e-10			
4.8247335117e+01	1		4		3.557055e-10			
4.8247335117e+01	1		5		3.505483e-10			
4.8247335117e+01	2		1		4.820486e-10			
4.8247335117e+01	2		2		2.108727e-09			
4.8247335117e+01	2		3		2.610805e-09			
4.8247335117e+01	2		4		2.998065e-09			
4.8247335117e+01	2		5		3.109436e-09			
4.8247335117e+01	3		1		4.022143e-10			
4.8247335117e+01	3		2		2.610805e-09			
4.8247335117e+01	3		3		4.537253e-09			
4.8247335117e+01	3		4		6.180950e-09			
4.8247335117e+01	3		5		6.685533e-09			
4.8247335117e+01	4		1		3.557055e-10			
4.8247335117e+01	4		2		2.998065e-09			
4.8247335117e+01	4		3		6.180950e-09			
4.8247335117e+01	4		4		9.935214e-09			
4.8247335117e+01	4		5		1.142238e-08			
4.8247335117e+01	5		1		3.505483e-10			
4.8247335117e+01	5		2		3.109436e-09			
4.8247335117e+01	5		3		6.685533e-09			
4.8247335117e+01	5		4		1.142238e-08			
4.8247335117e+01	5		5		1.401420e-08			
5.2581947110e+01	1		1		3.611525e-10			
5.2581947110e+01	1		2		4.316374e-10			
5.2581947110e+01	1		3		3.574369e-10			
5.2581947110e+01	1		4		3.140096e-10			
5.2581947110e+01	1		5		3.092360e-10			
5.2581947110e+01	2		1		4.316374e-10			
5.2581947110e+01	2		2		1.879084e-09			
5.2581947110e+01	2		3		2.326645e-09			
5.2581947110e+01	2		4		2.669359e-09			
5.2581947110e+01	2		5		2.767653e-09			
5.2581947110e+01	3		1		3.574369e-10			
5.2581947110e+01	3		2		2.326645e-09			
5.2581947110e+01	3		3		4.092942e-09			
5.2581947110e+01	3		4		5.596044e-09			
5.2581947110e+01	3		5		6.056967e-09			
5.2581947110e+01	4		1		3.140096e-10			
5.2581947110e+01	4		2		2.669359e-09			
5.2581947110e+01	4		3		5.596044e-09			
5.2581947110e+01	4		4		9.045364e-09			
5.2581947110e+01	4		5		1.041222e-08			
5.2581947110e+01	5		1		3.092360e-10			
5.2581947110e+01	5		2		2.767653e-09			
5.2581947110e+01	5		3		6.056967e-09			
5.2581947110e+01	5		4		1.041222e-08			
5.2581947110e+01	5		5		1.280966e-08			
5.7305987059e+01	1		1		3.237863e-10			
5.7305987059e+01	1		2		3.892462e-10			
5.7305987059e+01	1		3		3.221235e-10			
5.7305987059e+01	1		4		2.831336e-10			
5.7305987059e+01	1		5		2.791485e-10			
5.7305987059e+01	2		1		3.892462e-10			
5.7305987059e+01	2		2		1.672285e-09			
5.7305987059e+01	2		3		2.066815e-09			
5.7305987059e+01	2		4		2.366390e-09			
5.7305987059e+01	2		5		2.451886e-09			
5.7305987059e+01	3		1		3.221235e-10			
5.7305987059e+01	3		2		2.066815e-09			
5.7305987059e+01	3		3		3.681331e-09			
5.7305987059e+01	3		4		5.052771e-09			
5.7305987059e+01	3		5		5.473424e-09			
5.7305987059e+01	4		1		2.831336e-10			
5.7305987059e+01	4		2		2.366390e-09			
5.7305987059e+01	4		3		5.052771e-09			
5.7305987059e+01	4		4		8.217147e-09			
5.7305987059e+01	4		5		9.471781e-09			
5.7305987059e+01	5		1		2.791485e-10			
5.7305987059e+01	5		2		2.451886e-09			
5.7305987059e+01	5		3		5.473424e-09			
5.7305987059e+01	5		4		9.471781e-09			
5.7305987059e+01	5		5		1.168203e-08			
6.2454441748e+01	1		1		2.900966e-10			
6.2454441748e+01	1		2		3.511196e-10			
6.2454441748e+01	1		3		2.915056e-10			
6.2454441748e+01	1		4		2.573400e-10			
6.2454441748e+01	1		5		2.542678e-10			
6.2454441748e+01	2		1		3.511196e-10			
6.2454441748e+01	2		2		1.488063e-09			
6.2454441748e+01	2		3		1.832705e-09			
6.2454441748e+01	2		4		2.091747e-09			
6.2454441748e+01	2		5		2.165090e-09			
6.2454441748e+01	3		1		2.915056e-10			
6.2454441748e+01	3		2		1.832705e-09			
6.2454441748e+01	3		3		3.301275e-09			
6.2454441748e+01	3		4		4.548234e-09			
6.2454441748e+01	3		5		4.931146e-09			
6.2454441748e+01	4		1		2.573400e-10			
6.2454441748e+01	4		2		2.091747e-09			
6.2454441748e+01	4		3		4.548234e-09			
6.2454441748e+01	4		4		7.446754e-09			
6.2454441748e+01	4		5		8.597434e-09			
6.2454441748e+01	5		1		2.542678e-10			
6.2454441748e+01	5		2		2.165090e-09			
6.2454441748e+01	5		3		4.931146e-09			
6.2454441748e+01	5		4		8.597434e-09			
6.2454441748e+01	5		5		1.063032e-08			
6.8065441226e+01	1		1		2.602948e-10			
6.8065441226e+01	1		2		3.152374e-10			
6.8065441226e+01	1		3		2.626087e-10			
6.8065441226e+01	1		4		2.328043e-10			
6.8065441226e+01	1		5		2.305236e-10			
6.8065441226e+01	2		1		3.152374e-10			
6.8065441226e+01	2		2		1.325219e-09			
6.8065441226e+01	2		3		1.625187e-09			
6.8065441226e+01	2		4		1.847861e-09			
6.8065441226e+01	2		5		1.910226e-09			
6.8065441226e+01	3		1		2.626087e-10			
6.8065441226e+01	3		2		1.625187e-09			
6.8065441226e+01	3		3		2.952094e-09			
6.8065441226e+01	3		4		4.080261e-09			
6.8065441226e+01	3		5		4.427110e-09			
6.8065441226e+01	4		1		2.328043e-10			
6.8065441226e+01	4		2		1.847861e-09			
6.8065441226e+01	4		3		4.080261e-09			
6.8065441226e+01	4		4		6.729897e-09			
6.8065441226e+01	4		5		7.784318e-09			
6.8065441226e+01	5		1		2.305236e-10			
6.8065441226e+01	5		2		1.910226e-09			
6.8065441226e+01	5		3		4.427110e-09			
6.8065441226e+01	5		4		7.784318e-09			
6.8065441226e+01	5		5		9.651256e-09			
7.4180541202e+01	1		1		2.343877e-10			
7.4180541202e+01	1		2		2.819191e-10			
7.4180541202e+01	1		3		2.353432e-10			
7.4180541202e+01	1		4		2.091669e-10			
7.4180541202e+01	1		5		2.074908e-10			
7.4180541202e+01	2		1		2.819191e-10			
7.4180541202e+01	2		2		1.181561e-09			
7.4180541202e+01	2		3		1.443645e-09			
7.4180541202e+01	2		4		1.635408e-09			
7.4180541202e+01	2		5		1.688449e-09			
7.4180541202e+01	3		1		2.353432e-10			
7.4180541202e+01	3		2		1.443645e-09			
7.4180541202e+01	3		3		2.633302e-09			
7.4180541202e+01	3		4		3.647587e-09			
7.4180541202e+01	3		5		3.959455e-09			
7.4180541202e+01	4		1		2.091669e-10			
7.4180541202e+01	4		2		1.635408e-09			
7.4180541202e+01	4		3		3.647587e-09			
7.4180541202e+01	4		4		6.062536e-09			
7.4180541202e+01	4		5		7.027216e-09			
7.4180541202e+01	5		1		2.074908e-10			
7.4180541202e+01	5		2		1.688449e-09			
7.4180541202e+01	5		3		3.959455e-09			
7.4180541202e+01	5		4		7.027216e-09			
7.4180541202e+01	5		5		8.740117e-09			
8.0845030810e+01	1		1		2.117020e-10			
8.0845030810e+01	1		2		2.526054e-10			
8.0845030810e+01	1		3		2.113250e-10			
8.0845030810e+01	1		4		1.883094e-10			
8.0845030810e+01	1		5		1.871452e-10			
8.0845030810e+01	2		1		2.526054e-10			
8.0845030810e+01	2		2		1.054316e-09			
8.0845030810e+01	2		3		1.285549e-09			
8.0845030810e+01	2		4		1.452204e-09			
8.0845030810e+01	2		5		1.497778e-09			
8.0845030810e+01	3		1		2.113250e-10			
8.0845030810e+01	3		2		1.285549e-09			
8.0845030810e+01	3		3		2.344429e-09			
8.0845030810e+01	3		4		3.249993e-09			
8.0845030810e+01	3		5		3.527762e-09			
8.0845030810e+01	4		1		1.883094e-10			
8.0845030810e+01	4		2		1.452204e-09			
8.0845030810e+01	4		3		3.249993e-09			
8.0845030810e+01	4		4		5.441798e-09			
8.0845030810e+01	4		5		6.321755e-09			
8.0845030810e+01	5		1		1.871452e-10			
8.0845030810e+01	5		2		1.497778e-09			
8.0845030810e+01	5		3		3.527762e-09			
8.0845030810e+01	5		4		6.321755e-09			
8.0845030810e+01	5		5		7.891919e-09			
8.8108268027e+01	1		1		1.912551e-10			
8.8108268027e+01	1		2		2.279508e-10			
8.8108268027e+01	1		3		1.915091e-10			
8.8108268027e+01	1		4		1.714916e-10			
8.8108268027e+01	1		5		1.708444e-10			
8.8108268027e+01	2		1		2.279508e-10			
8.8108268027e+01	2		2		9.407714e-10			
8.8108268027e+01	2		3		1.146891e-09			
8.8108268027e+01	2		4		1.293454e-09			
8.8108268027e+01	2		5		1.333235e-09			
8.8108268027e+01	3		1		1.915091e-10			
8.8108268027e+01	3		2		1.146891e-09			
8.8108268027e+01	3		3		2.084728e-09			
8.8108268027e+01	3		4		2.887970e-09			
8.8108268027e+01	3		5		3.132876e-09			
8.8108268027e+01	4		1		1.714916e-10			
8.8108268027e+01	4		2		1.293454e-09			
8.8108268027e+01	4		3		2.887970e-09			
8.8108268027e+01	4		4		4.866370e-09			
8.8108268027e+01	4		5		5.665123e-09			
8.8108268027e+01	5		1		1.708444e-10			
8.8108268027e+01	5		2		1.333235e-09			
8.8108268027e+01	5		3		3.132876e-09			
8.8108268027e+01	5		4		5.665123e-09			
8.8108268027e+01	5		5		7.102290e-09			
9.6024045225e+01	1		1		1.725422e-10			
9.6024045225e+01	1		2		2.070315e-10			
9.6024045225e+01	1		3		1.749523e-10			
9.6024045225e+01	1		4		1.576985e-10			
9.6024045225e+01	1		5		1.575403e-10			
9.6024045225e+01	2		1		2.070315e-10			
9.6024045225e+01	2		2		8.389474e-10			
9.6024045225e+01	2		3		1.023461e-09			
9.6024045225e+01	2		4		1.153441e-09			
9.6024045225e+01	2		5		1.188648e-09			
9.6024045225e+01	3		1		1.749523e-10			
9.6024045225e+01	3		2		1.023461e-09			
9.6024045225e+01	3		3		1.853085e-09			
9.6024045225e+01	3		4		2.562273e-09			
9.6024045225e+01	3		5		2.776440e-09			
9.6024045225e+01	4		1		1.576985e-10			
9.6024045225e+01	4		2		1.153441e-09			
9.6024045225e+01	4		3		2.562273e-09			
9.6024045225e+01	4		4		4.336582e-09			
9.6024045225e+01	4		5		5.056687e-09			
9.6024045225e+01	5		1		1.575403e-10			
9.6024045225e+01	5		2		1.188648e-09			
9.6024045225e+01	5		3		2.776440e-09			
9.6024045225e+01	5		4		5.056687e-09			
9.6024045225e+01	5		5		6.368330e-09			
1.0465098756e+02	1		1		1.557029e-10			
1.0465098756e+02	1		2		1.882941e-10			
1.0465098756e+02	1		3		1.599412e-10			
1.0465098756e+02	1		4		1.449649e-10			
1.0465098756e+02	1		5		1.451708e-10			
1.0465098756e+02	2		1		1.882941e-10			
1.0465098756e+02	2		2		7.480241e-10			
1.0465098756e+02	2		3		9.124794e-10			
1.0465098756e+02	2		4		1.027964e-09			
1.0465098756e+02	2		5		1.059333e-09			
1.0465098756e+02	3		1		1.599412e-10			
1.0465098756e+02	3		2		9.124794e-10			
1.0465098756e+02	3		3		1.647930e-09			
1.0465098756e+02	3		4		2.273157e-09			
1.0465098756e+02	3		5		2.459809e-09			
1.0465098756e+02	4		1		1.449649e-10			
1.0465098756e+02	4		2		1.027964e-09			
1.0465098756e+02	4		3		2.273157e-09			
1.0465098756e+02	4		4		3.853822e-09			
1.0465098756e+02	4		5		4.497779e-09			
1.0465098756e+02	5		1		1.451708e-10			
1.0465098756e+02	5		2		1.059333e-09			
1.0465098756e+02	5		3		2.459809e-09			
1.0465098756e+02	5		4		4.497779e-09			
1.0465098756e+02	5		5		5.689151e-09			
1.1405298717e+02	1		1		1.408475e-10			
1.1405298717e+02	1		2		1.711064e-10			
1.1405298717e+02	1		3		1.460459e-10			
1.1405298717e+02	1		4		1.329418e-10			
1.1405298717e+02	1		5		1.333903e-10			
1.1405298717e+02	2		1		1.711064e-10			
1.1405298717e+02	2		2		6.678445e-10			
1.1405298717e+02	2		3		8.131536e-10			
1.1405298717e+02	2		4		9.155233e-10			
1.1405298717e+02	2		5		9.434976e-10			
1.1405298717e+02	3		1		1.460459e-10			
1.1405298717e+02	3		2		8.131536e-10			
1.1405298717e+02	3		3		1.466988e-09			
1.1405298717e+02	3		4		2.019274e-09			
1.1405298717e+02	3		5		2.182514e-09			
1.1405298717e+02	4		1		1.329418e-10			
1.1405298717e+02	4		2		9.155233e-10			
1.1405298717e+02	4		3		2.019274e-09			
1.1405298717e+02	4		4		3.419396e-09			
1.1405298717e+02	4		5		3.990627e-09			
1.1405298717e+02	5		1		1.333903e-10			
1.1405298717e+02	5		2		9.434976e-10			
1.1405298717e+02	5		3		2.182514e-09			
1.1405298717e+02	5		4		3.990627e-09			
1.1405298717e+02	5		5		5.065502e-09			
1.2429967633e+02	1		1		1.275569e-10			
1.2429967633e+02	1		2		1.556775e-10			
1.2429967633e+02	1		3		1.338846e-10			
1.2429967633e+02	1		4		1.225933e-10			
1.2429967633e+02	1		5		1.232512e-10			
1.2429967633e+02	2		1		1.556775e-10			
1.2429967633e+02	2		2		5.978009e-10			
1.2429967633e+02	2		3		7.255901e-10			
1.2429967633e+02	2		4		8.162256e-10			
1.2429967633e+02	2		5		8.411684e-10			
1.2429967633e+02	3		1		1.338846e-10			
1.2429967633e+02	3		2		7.255901e-10			
1.2429967633e+02	3		3		1.307228e-09			
1.2429967633e+02	3		4		1.797008e-09			
1.2429967633e+02	3		5		1.941151e-09			
1.2429967633e+02	4		1		1.225933e-10			
1.2429967633e+02	4		2		8.162256e-10			
1.2429967633e+02	4		3		1.797008e-09			
1.2429967633e+02	4		4		3.033324e-09			
1.2429967633e+02	4		5		3.536997e-09			
1.2429967633e+02	5		1		1.232512e-10			
1.2429967633e+02	5		2		8.411684e-10			
1.2429967633e+02	5		3		1.941151e-09			
1.2429967633e+02	5		4		3.536997e-09			
1.2429967633e+02	5		5		4.498917e-09			
1.3546694321e+02	1		1		1.153847e-10			
1.3546694321e+02	1		2		1.419125e-10			
1.3546694321e+02	1		3		1.233315e-10			
1.3546694321e+02	1		4		1.138534e-10			
1.3546694321e+02	1		5		1.146938e-10			
1.3546694321e+02	2		1		1.419125e-10			
1.3546694321e+02	2		2		5.363554e-10			
1.3546694321e+02	2		3		6.491769e-10			
1.3546694321e+02	2		4		7.295812e-10			
1.3546694321e+02	2		5		7.518317e-10			
1.3546694321e+02	3		1		1.233315e-10			
1.3546694321e+02	3		2		6.491769e-10			
1.3546694321e+02	3		3		1.165285e-09			
1.3546694321e+02	3		4		1.600984e-09			
1.3546694321e+02	3		5		1.729595e-09			
1.3546694321e+02	4		1		1.138534e-10			
1.3546694321e+02	4		2		7.295812e-10			
1.3546694321e+02	4		3		1.600984e-09			
1.3546694321e+02	4		4		2.693155e-09			
1.3546694321e+02	4		5		3.136438e-09			
1.3546694321e+02	5		1		1.146938e-10			
1.3546694321e+02	5		2		7.518317e-10			
1.3546694321e+02	5		3		1.729595e-09			
1.3546694321e+02	5		4		3.136438e-09			
1.3546694321e+02	5		5		3.990282e-09			
1.4763749388e+02	1		1		1.043654e-10			
1.4763749388e+02	1		2		1.294108e-10			
1.4763749388e+02	1		3		1.135472e-10			
1.4763749388e+02	1		4		1.056142e-10			
1.4763749388e+02	1		5		1.065302e-10			
1.4763749388e+02	2		1		1.294108e-10			
1.4763749388e+02	2		2		4.818044e-10			
1.4763749388e+02	2		3		5.822345e-10			
1.4763749388e+02	2		4		6.537262e-10			
1.4763749388e+02	2		5		6.735492e-10			
1.4763749388e+02	3		1		1.135472e-10			
1.4763749388e+02	3		2		5.822345e-10			
1.4763749388e+02	3		3		1.038448e-09			
1.4763749388e+02	3		4		1.425922e-09			
1.4763749388e+02	3		5		1.541117e-09			
1.4763749388e+02	4		1		1.056142e-10			
1.4763749388e+02	4		2		6.537262e-10			
1.4763749388e+02	4		3		1.425922e-09			
1.4763749388e+02	4		4		2.393805e-09			
1.4763749388e+02	4		5		2.785058e-09			
1.4763749388e+02	5		1		1.065302e-10			
1.4763749388e+02	5		2		6.735492e-10			
1.4763749388e+02	5		3		1.541117e-09			
1.4763749388e+02	5		4		2.785058e-09			
1.4763749388e+02	5		5		3.538554e-09			
1.6090146483e+02	1		1		9.446866e-11			
1.6090146483e+02	1		2		1.179837e-10			
1.6090146483e+02	1		3		1.042345e-10			
1.6090146483e+02	1		4		9.750736e-11			
1.6090146483e+02	1		5		9.839147e-11			
1.6090146483e+02	2		1		1.179837e-10			
1.6090146483e+02	2		2		4.331971e-10			
1.6090146483e+02	2		3		5.230750e-10			
1.6090146483e+02	2		4		5.867669e-10			
1.6090146483e+02	2		5		6.044013e-10			
1.6090146483e+02	3		1		1.042345e-10			
1.6090146483e+02	3		2		5.230750e-10			
1.6090146483e+02	3		3		9.254383e-10			
1.6090146483e+02	3		4		1.268692e-09			
1.6090146483e+02	3		5		1.371312e-09			
1.6090146483e+02	4		1		9.750736e-11			
1.6090146483e+02	4		2		5.867669e-10			
1.6090146483e+02	4		3		1.268692e-09			
1.6090146483e+02	4		4		2.128873e-09			
1.6090146483e+02	4		5		2.476010e-09			
1.6090146483e+02	5		1		9.839147e-11			
1.6090146483e+02	5		2		6.044013e-10			
1.6090146483e+02	5		3		1.371312e-09			
1.6090146483e+02	5		4		2.476010e-09			
1.6090146483e+02	5		5		3.139886e-09			
1.7535709057e+02	1		1		8.543106e-11			
1.7535709057e+02	1		2		1.075777e-10			
1.7535709057e+02	1		3		9.566832e-11			
1.7535709057e+02	1		4		9.001430e-11			
1.7535709057e+02	1		5		9.085954e-11			
1.7535709057e+02	2		1		1.075777e-10			
1.7535709057e+02	2		2		3.901417e-10			
1.7535709057e+02	2		3		4.707196e-10			
1.7535709057e+02	2		4		5.278170e-10			
1.7535709057e+02	2		5		5.435965e-10			
1.7535709057e+02	3		1		9.566832e-11			
1.7535709057e+02	3		2		4.707196e-10			
1.7535709057e+02	3		3		8.258970e-10			
1.7535709057e+02	3		4		1.128641e-09			
1.7535709057e+02	3		5		1.219104e-09			
1.7535709057e+02	4		1		9.001430e-11			
1.7535709057e+02	4		2		5.278170e-10			
1.7535709057e+02	4		3		1.128641e-09			
1.7535709057e+02	4		4		1.892570e-09			
1.7535709057e+02	4		5		2.201585e-09			
1.7535709057e+02	5		1		9.085954e-11			
1.7535709057e+02	5		2		5.435965e-10			
1.7535709057e+02	5		3		1.219104e-09			
1.7535709057e+02	5		4		2.201585e-09			
1.7535709057e+02	5		5		2.788073e-09			
1.9111143111e+02	1		1		7.717196e-11			
1.9111143111e+02	1		2		9.800861e-11			
1.9111143111e+02	1		3		8.779252e-11			
1.9111143111e+02	1		4		8.312130e-11			
1.9111143111e+02	1		5		8.396359e-11			
1.9111143111e+02	2		1		9.800861e-11			
1.9111143111e+02	2		2		3.519996e-10			
1.9111143111e+02	2		3		4.243679e-10			
1.9111143111e+02	2		4		4.760851e-10			
1.9111143111e+02	2		5		4.903995e-10			
1.9111143111e+02	3		1		8.779252e-11			
1.9111143111e+02	3		2		4.243679e-10			
1.9111143111e+02	3		3		7.388621e-10			
1.9111143111e+02	3		4		1.005718e-09			
1.9111143111e+02	3		5		1.084905e-09			
1.9111143111e+02	4		1		8.312130e-11			
1.9111143111e+02	4		2		4.760851e-10			
1.9111143111e+02	4		3		1.005718e-09			
1.9111143111e+02	4		4		1.681171e-09			
1.9111143111e+02	4		5		1.955708e-09			
1.9111143111e+02	5		1		8.396359e-11			
1.9111143111e+02	5		2		4.903995e-10			
1.9111143111e+02	5		3		1.084905e-09			
1.9111143111e+02	5		4		1.955708e-09			
1.9111143111e+02	5		5		2.476137e-09			
2.0828116492e+02	1		1		6.965790e-11			
2.0828116492e+02	1		2		8.915381e-11			
2.0828116492e+02	1		3		8.036376e-11			
2.0828116492e+02	1		4		7.647288e-11			
2.0828116492e+02	1		5		7.731281e-11			
2.0828116492e+02	2		1		8.915381e-11			
2.0828116492e+02	2		2		3.179471e-10			
2.0828116492e+02	2		3		3.831023e-10			
2.0828116492e+02	2		4		4.302533e-10			
2.0828116492e+02	2		5		4.433858e-10			
2.0828116492e+02	3		1		8.036376e-11			
2.0828116492e+02	3		2		3.831023e-10			
2.0828116492e+02	3		3		6.623010e-10			
2.0828116492e+02	3		4		8.985642e-10			
2.0828116492e+02	3		5		9.681211e-10			
2.0828116492e+02	4		1		7.647288e-11			
2.0828116492e+02	4		2		4.302533e-10			
2.0828116492e+02	4		3		8.985642e-10			
2.0828116492e+02	4		4		1.493259e-09			
2.0828116492e+02	4		5		1.735582e-09			
2.0828116492e+02	5		1		7.731281e-11			
2.0828116492e+02	5		2		4.433858e-10			
2.0828116492e+02	5		3		9.681211e-10			
2.0828116492e+02	5		4		1.735582e-09			
2.0828116492e+02	5		5		2.198251e-09			
2.2699345303e+02	1		1		6.278891e-11			
2.2699345303e+02	1		2		8.098280e-11			
2.2699345303e+02	1		3		7.337419e-11			
2.2699345303e+02	1		4		7.007728e-11			
2.2699345303e+02	1		5		7.089161e-11			
2.2699345303e+02	2		1		8.098280e-11			
2.2699345303e+02	2		2		2.874810e-10			
2.2699345303e+02	2		3		3.462982e-10			
2.2699345303e+02	2		4		3.892776e-10			
2.2699345303e+02	2		5		4.013575e-10			
2.2699345303e+02	3		1		7.337419e-11			
2.2699345303e+02	3		2		3.462982e-10			
2.2699345303e+02	3		3		5.942520e-10			
2.2699345303e+02	3		4		8.045287e-10			
2.2699345303e+02	3		5		8.663551e-10			
2.2699345303e+02	4		1		7.007728e-11			
2.2699345303e+02	4		2		3.892776e-10			
2.2699345303e+02	4		3		8.045287e-10			
2.2699345303e+02	4		4		1.328200e-09			
2.2699345303e+02	4		5		1.540868e-09			
2.2699345303e+02	5		1		7.089161e-11			
2.2699345303e+02	5		2		4.013575e-10			
2.2699345303e+02	5		3		8.663551e-10			
2.2699345303e+02	5		4		1.540868e-09			
2.2699345303e+02	5		5		1.950733e-09			
2.4738688080e+02	1		1		5.650519e-11			
2.4738688080e+02	1		2		7.341011e-11			
2.4738688080e+02	1		3		6.681841e-11			
2.4738688080e+02	1		4		6.400848e-11			
2.4738688080e+02	1		5		6.477022e-11			
2.4738688080e+02	2		1		7.341011e-11			
2.4738688080e+02	2		2		2.601868e-10			
2.4738688080e+02	2		3		3.134544e-10			
2.4738688080e+02	2		4		3.526096e-10			
2.4738688080e+02	2		5		3.637045e-10			
2.4738688080e+02	3		1		6.681841e-11			
2.4738688080e+02	3		2		3.134544e-10			
2.4738688080e+02	3		3		5.336729e-10			
2.4738688080e+02	3		4		7.211423e-10			
2.4738688080e+02	3		5		7.766289e-10			
2.4738688080e+02	4		1		6.400848e-11			
2.4738688080e+02	4		2		3.526096e-10			
2.4738688080e+02	4		3		7.211423e-10			
2.4738688080e+02	4		4		1.184172e-09			
2.4738688080e+02	4		5		1.370946e-09			
2.4738688080e+02	5		1		6.477022e-11			
2.4738688080e+02	5		2		3.637045e-10			
2.4738688080e+02	5		3		7.766289e-10			
2.4738688080e+02	5		4		1.370946e-09			
2.4738688080e+02	5		5		1.731583e-09			
2.6961248430e+02	1		1		5.075867e-11			
2.6961248430e+02	1		2		6.638680e-11			
2.6961248430e+02	1		3		6.063930e-11			
2.6961248430e+02	1		4		5.823522e-11			
2.6961248430e+02	1		5		5.892045e-11			
2.6961248430e+02	2		1		6.638680e-11			
2.6961248430e+02	2		2		2.355933e-10			
2.6961248430e+02	2		3		2.839646e-10			
2.6961248430e+02	2		4		3.197815e-10			
2.6961248430e+02	2		5		3.299787e-10			
2.6961248430e+02	3		1		6.063930e-11			
2.6961248430e+02	3		2		2.839646e-10			
2.6961248430e+02	3		3		4.800116e-10			
2.6961248430e+02	3		4		6.470481e-10			
2.6961248430e+02	3		5		6.968316e-10			
2.6961248430e+02	4		1		5.823522e-11			
2.6961248430e+02	4		2		3.197815e-10			
2.6961248430e+02	4		3		6.470481e-10			
2.6961248430e+02	4		4		1.057756e-09			
2.6961248430e+02	4		5		1.222837e-09			
2.6961248430e+02	5		1		5.892045e-11			
2.6961248430e+02	5		2		3.299787e-10			
2.6961248430e+02	5		3		6.968316e-10			
2.6961248430e+02	5		4		1.222837e-09			
2.6961248430e+02	5		5		1.538985e-09			
2.9383486891e+02	1		1		4.550426e-11			
2.9383486891e+02	1		2		5.987284e-11			
2.9383486891e+02	1		3		5.482002e-11			
2.9383486891e+02	1		4		5.274989e-11			
2.9383486891e+02	1		5		5.335202e-11			
2.9383486891e+02	2		1		5.987284e-11			
2.9383486891e+02	2		2		2.133599e-10			
2.9383486891e+02	2		3		2.573754e-10			
2.9383486891e+02	2		4		2.903151e-10			
2.9383486891e+02	2		5		2.997182e-10			
2.9383486891e+02	3		1		5.482002e-11			
2.9383486891e+02	3		2		2.573754e-10			
2.9383486891e+02	3		3		4.324926e-10			
2.9383486891e+02	3		4		5.815098e-10			
2.9383486891e+02	3		5		6.259303e-10			
2.9383486891e+02	4		1		5.274989e-11			
2.9383486891e+02	4		2		2.903151e-10			
2.9383486891e+02	4		3		5.815098e-10			
2.9383486891e+02	4		4		9.456878e-10			
2.9383486891e+02	4		5		1.092250e-09			
2.9383486891e+02	5		1		5.335202e-11			
2.9383486891e+02	5		2		2.997182e-10			
2.9383486891e+02	5		3		6.259303e-10			
2.9383486891e+02	5		4		1.092250e-09			
2.9383486891e+02	5		5		1.370209e-09			
3.2023342840e+02	1		1		4.070108e-11			
3.2023342840e+02	1		2		5.383420e-11			
3.2023342840e+02	1		3		4.936434e-11			
3.2023342840e+02	1		4		4.754956e-11			
3.2023342840e+02	1		5		4.807091e-11			
3.2023342840e+02	2		1		5.383420e-11			
3.2023342840e+02	2		2		1.932099e-10			
3.2023342840e+02	2		3		2.333156e-10			
3.2023342840e+02	2		4		2.636103e-10			
3.2023342840e+02	2		5		2.722869e-10			
3.2023342840e+02	3		1		4.936434e-11			
3.2023342840e+02	3		2		2.333156e-10			
3.2023342840e+02	3		3		3.900725e-10			
3.2023342840e+02	3		4		5.234977e-10			
3.2023342840e+02	3		5		5.631693e-10			
3.2023342840e+02	4		1		4.754956e-11			
3.2023342840e+02	4		2		2.636103e-10			
3.2023342840e+02	4		3		5.234977e-10			
3.2023342840e+02	4		4		8.463403e-10			
3.2023342840e+02	4		5		9.762791e-10			
3.2023342840e+02	5		1		4.807091e-11			
3.2023342840e+02	5		2		2.722869e-10			
3.2023342840e+02	5		3		5.631693e-10			
3.2023342840e+02	5		4		9.762791e-10			
3.2023342840e+02	5		5		1.221872e-09			
3.4900367355e+02	1		1		3.631696e-11			
3.4900367355e+02	1		2		4.824665e-11			
3.4900367355e+02	1		3		4.425336e-11			
3.4900367355e+02	1		4		4.262218e-11			
3.4900367355e+02	1		5		4.306538e-11			
3.4900367355e+02	2		1		4.824665e-11			
3.4900367355e+02	2		2		1.748914e-10			
3.4900367355e+02	2		3		2.114695e-10			
3.4900367355e+02	2		4		2.393042e-10			
3.4900367355e+02	2		5		2.473171e-10			
3.4900367355e+02	3		1		4.425336e-11			
3.4900367355e+02	3		2		2.114695e-10			
3.4900367355e+02	3		3		3.520202e-10			
3.4900367355e+02	3		4		4.718698e-10			
3.4900367355e+02	3		5		5.076238e-10			
3.4900367355e+02	4		1		4.262218e-11			
3.4900367355e+02	4		2		2.393042e-10			
3.4900367355e+02	4		3		4.718698e-10			
3.4900367355e+02	4		4		7.588577e-10			
3.4900367355e+02	4		5		8.738797e-10			
3.4900367355e+02	5		1		4.306538e-11			
3.4900367355e+02	5		2		2.473171e-10			
3.4900367355e+02	5		3		5.076238e-10			
3.4900367355e+02	5		4		8.738797e-10			
3.4900367355e+02	5		5		1.090963e-09			
3.8035868010e+02	1		1		3.232163e-11			
3.8035868010e+02	1		2		4.308546e-11			
3.8035868010e+02	1		3		3.948894e-11			
3.8035868010e+02	1		4		3.800627e-11			
3.8035868010e+02	1		5		3.837785e-11			
3.8035868010e+02	2		1		4.308546e-11			
3.8035868010e+02	2		2		1.581803e-10			
3.8035868010e+02	2		3		1.915733e-10			
3.8035868010e+02	2		4		2.171861e-10			
3.8035868010e+02	2		5		2.245937e-10			
3.8035868010e+02	3		1		3.948894e-11			
3.8035868010e+02	3		2		1.915733e-10			
3.8035868010e+02	3		3		3.179030e-10			
3.8035868010e+02	3		4		4.257210e-10			
3.8035868010e+02	3		5		4.580821e-10			
3.8035868010e+02	4		1		3.800627e-11			
3.8035868010e+02	4		2		2.171861e-10			
3.8035868010e+02	4		3		4.257210e-10			
3.8035868010e+02	4		4		6.816368e-10			
3.8035868010e+02	4		5		7.838051e-10			
3.8035868010e+02	5		1		3.837785e-11			
3.8035868010e+02	5		2		2.245937e-10			
3.8035868010e+02	5		3		4.580821e-10			
3.8035868010e+02	5		4		7.838051e-10			
3.8035868010e+02	5		5		9.753113e-10			
4.1453066685e+02	1		1		2.868804e-11			
4.1453066685e+02	1		2		3.833209e-11			
4.1453066685e+02	1		3		3.506260e-11			
4.1453066685e+02	1		4		3.368855e-11			
4.1453066685e+02	1		5		3.398793e-11			
4.1453066685e+02	2		1		3.833209e-11			
4.1453066685e+02	2		2		1.429108e-10			
4.1453066685e+02	2		3		1.733953e-10			
4.1453066685e+02	2		4		1.969353e-10			
4.1453066685e+02	2		5		2.037589e-10			
4.1453066685e+02	3		1		3.506260e-11			
4.1453066685e+02	3		2		1.733953e-10			
4.1453066685e+02	3		3		2.872094e-10			
4.1453066685e+02	3		4		3.843490e-10			
4.1453066685e+02	3		5		4.135611e-10			
4.1453066685e+02	4		1		3.368855e-11			
4.1453066685e+02	4		2		1.969353e-10			
4.1453066685e+02	4		3		3.843490e-10			
4.1453066685e+02	4		4		6.129121e-10			
4.1453066685e+02	4		5		7.040214e-10			
4.1453066685e+02	5		1		3.398793e-11			
4.1453066685e+02	5		2		2.037589e-10			
4.1453066685e+02	5		3		4.135611e-10			
4.1453066685e+02	5		4		7.040214e-10			
4.1453066685e+02	5		5		8.732373e-10			
4.5177271546e+02	1		1		2.539110e-11			
4.5177271546e+02	1		2		3.396845e-11			
4.5177271546e+02	1		3		3.097037e-11			
4.5177271546e+02	1		4		2.967753e-11			
4.5177271546e+02	1		5		2.990803e-11			
4.5177271546e+02	2		1		3.396845e-11			
4.5177271546e+02	2		2		1.289328e-10			
4.5177271546e+02	2		3		1.567496e-10			
4.5177271546e+02	2		4		1.783552e-10			
4.5177271546e+02	2		5		1.846316e-10			
4.5177271546e+02	3		1		3.097037e-11			
4.5177271546e+02	3		2		1.567496e-10			
4.5177271546e+02	3		3		2.594633e-10			
4.5177271546e+02	3		4		3.472021e-10			
4.5177271546e+02	3		5		3.736462e-10			
4.5177271546e+02	4		1		2.967753e-11			
4.5177271546e+02	4		2		1.783552e-10			
4.5177271546e+02	4		3		3.472021e-10			
4.5177271546e+02	4		4		5.516983e-10			
4.5177271546e+02	4		5		6.330469e-10			
4.5177271546e+02	5		1		2.990803e-11			
4.5177271546e+02	5		2		1.846316e-10			
4.5177271546e+02	5		3		3.736462e-10			
4.5177271546e+02	5		4		6.330469e-10			
4.5177271546e+02	5		5		7.830541e-10			
4.9236064483e+02	1		1		2.240808e-11			
4.9236064483e+02	1		2		2.997767e-11			
4.9236064483e+02	1		3		2.720879e-11			
4.9236064483e+02	1		4		2.597848e-11			
4.9236064483e+02	1		5		2.614676e-11			
4.9236064483e+02	2		1		2.997767e-11			
4.9236064483e+02	2		2		1.161214e-10			
4.9236064483e+02	2		3		1.414832e-10			
4.9236064483e+02	2		4		1.612824e-10			
4.9236064483e+02	2		5		1.670461e-10			
4.9236064483e+02	3		1		2.720879e-11			
4.9236064483e+02	3		2		1.414832e-10			
4.9236064483e+02	3		3		2.343274e-10			
4.9236064483e+02	3		4		3.136880e-10			
4.9236064483e+02	3		5		3.377094e-10			
4.9236064483e+02	4		1		2.597848e-11			
4.9236064483e+02	4		2		1.612824e-10			
4.9236064483e+02	4		3		3.136880e-10			
4.9236064483e+02	4		4		4.971256e-10			
4.9236064483e+02	4		5		5.698965e-10			
4.9236064483e+02	5		1		2.614676e-11			
4.9236064483e+02	5		2		1.670461e-10			
4.9236064483e+02	5		3		3.377094e-10			
4.9236064483e+02	5		4		5.698965e-10			
4.9236064483e+02	5		5		7.030687e-10			
5.3659505385e+02	1		1		1.971720e-11			
5.3659505385e+02	1		2		2.634345e-11			
5.3659505385e+02	1		3		2.376948e-11			
5.3659505385e+02	1		4		2.258534e-11			
5.3659505385e+02	1		5		2.269873e-11			
5.3659505385e+02	2		1		2.634345e-11			
5.3659505385e+02	2		2		1.043755e-10			
5.3659505385e+02	2		3		1.274663e-10			
5.3659505385e+02	2		4		1.455610e-10			
5.3659505385e+02	2		5		1.508345e-10			
5.3659505385e+02	3		1		2.376948e-11			
5.3659505385e+02	3		2		1.274663e-10			
5.3659505385e+02	3		3		2.115039e-10			
5.3659505385e+02	3		4		2.833543e-10			
5.3659505385e+02	3		5		3.051625e-10			
5.3659505385e+02	4		1		2.258534e-11			
5.3659505385e+02	4		2		1.455610e-10			
5.3659505385e+02	4		3		2.833543e-10			
5.3659505385e+02	4		4		4.482102e-10			
5.3659505385e+02	4		5		5.134716e-10			
5.3659505385e+02	5		1		2.269873e-11			
5.3659505385e+02	5		2		1.508345e-10			
5.3659505385e+02	5		3		3.051625e-10			
5.3659505385e+02	5		4		5.134716e-10			
5.3659505385e+02	5		5		6.319042e-10			
5.8480354764e+02	1		1		1.729788e-11			
5.8480354764e+02	1		2		2.304885e-11			
5.8480354764e+02	1		3		2.064457e-11			
5.8480354764e+02	1		4		1.949974e-11			
5.8480354764e+02	1		5		1.956450e-11			
5.8480354764e+02	2		1		2.304885e-11			
5.8480354764e+02	2		2		9.360600e-11			
5.8480354764e+02	2		3		1.145914e-10			
5.8480354764e+02	2		4		1.310860e-10			
5.8480354764e+02	2		5		1.358964e-10			
5.8480354764e+02	3		1		2.064457e-11			
5.8480354764e+02	3		2		1.145914e-10			
5.8480354764e+02	3		3		1.907230e-10			
5.8480354764e+02	3		4		2.558433e-10			
5.8480354764e+02	3		5		2.756697e-10			
5.8480354764e+02	4		1		1.949974e-11			
5.8480354764e+02	4		2		1.310860e-10			
5.8480354764e+02	4		3		2.558433e-10			
5.8480354764e+02	4		4		4.042512e-10			
5.8480354764e+02	4		5		4.628980e-10			
5.8480354764e+02	5		1		1.956450e-11			
5.8480354764e+02	5		2		1.358964e-10			
5.8480354764e+02	5		3		2.756697e-10			
5.8480354764e+02	5		4		4.628980e-10			
5.8480354764e+02	5		5		5.684692e-10			
6.3734316386e+02	1		1		1.513008e-11			
6.3734316386e+02	1		2		2.007657e-11			
6.3734316386e+02	1		3		1.782301e-11			
6.3734316386e+02	1		4		1.671188e-11			
6.3734316386e+02	1		5		1.673437e-11			
6.3734316386e+02	2		1		2.007657e-11			
6.3734316386e+02	2		2		8.373889e-11			
6.3734316386e+02	2		3		1.027685e-10			
6.3734316386e+02	2		4		1.177530e-10			
6.3734316386e+02	2		5		1.221234e-10			
6.3734316386e+02	3		1		1.782301e-11			
6.3734316386e+02	3		2		1.027685e-10			
6.3734316386e+02	3		3		1.717752e-10			
6.3734316386e+02	3		4		2.308112e-10			
6.3734316386e+02	3		5		2.488377e-10			
6.3734316386e+02	4		1		1.671188e-11			
6.3734316386e+02	4		2		1.177530e-10			
6.3734316386e+02	4		3		2.308112e-10			
6.3734316386e+02	4		4		3.646276e-10			
6.3734316386e+02	4		5		4.174226e-10			
6.3734316386e+02	5		1		1.673437e-11			
6.3734316386e+02	5		2		1.221234e-10			
6.3734316386e+02	5		3		2.488377e-10			
6.3734316386e+02	5		4		4.174226e-10			
6.3734316386e+02	5		5		5.117241e-10			
6.9460301696e+02	1		1		1.319478e-11			
6.9460301696e+02	1		2		1.740901e-11			
6.9460301696e+02	1		3		1.529261e-11			
6.9460301696e+02	1		4		1.421382e-11			
6.9460301696e+02	1		5		1.420127e-11			
6.9460301696e+02	2		1		1.740901e-11			
6.9460301696e+02	2		2		7.470956e-11			
6.9460301696e+02	2		3		9.192047e-11			
6.9460301696e+02	2		4		1.054847e-10			
6.9460301696e+02	2		5		1.094390e-10			
6.9460301696e+02	3		1		1.529261e-11			
6.9460301696e+02	3		2		9.192047e-11			
6.9460301696e+02	3		3		1.544753e-10			
6.9460301696e+02	3		4		2.079991e-10			
6.9460301696e+02	3		5		2.243847e-10			
6.9460301696e+02	4		1		1.421382e-11			
6.9460301696e+02	4		2		1.054847e-10			
6.9460301696e+02	4		3		2.079991e-10			
6.9460301696e+02	4		4		3.288011e-10			
6.9460301696e+02	4		5		3.764012e-10			
6.9460301696e+02	5		1		1.420127e-11			
6.9460301696e+02	5		2		1.094390e-10			
6.9460301696e+02	5		3		2.243847e-10			
6.9460301696e+02	5		4		3.764012e-10			
6.9460301696e+02	5		5		4.608056e-10			
7.5700718001e+02	1		1		1.147332e-11			
7.5700718001e+02	1		2		1.502767e-11			
7.5700718001e+02	1		3		1.303894e-11			
7.5700718001e+02	1		4		1.199327e-11			
7.5700718001e+02	1		5		1.195184e-11			
7.5700718001e+02	2		1		1.502767e-11			
7.5700718001e+02	2		2		6.646144e-11			
7.5700718001e+02	2		3		8.198163e-11			
7.5700718001e+02	2		4		9.421108e-11			
7.5700718001e+02	2		5		9.777275e-11			
7.5700718001e+02	3		1		1.303894e-11			
7.5700718001e+02	3		2		8.198163e-11			
7.5700718001e+02	3		3		1.386705e-10			
7.5700718001e+02	3		4		1.871752e-10			
7.5700718001e+02	3		5		2.020596e-10			
7.5700718001e+02	4		1		1.199327e-11			
7.5700718001e+02	4		2		9.421108e-11			
7.5700718001e+02	4		3		1.871752e-10			
7.5700718001e+02	4		4		2.963243e-10			
7.5700718001e+02	4		5		3.392960e-10			
7.5700718001e+02	5		1		1.195184e-11			
7.5700718001e+02	5		2		9.777275e-11			
7.5700718001e+02	5		3		2.020596e-10			
7.5700718001e+02	5		4		3.392960e-10			
7.5700718001e+02	5		5		4.149831e-10			
8.2501782542e+02	1		1		9.947782e-12			
8.2501782542e+02	1		2		1.291359e-11			
8.2501782542e+02	1		3		1.104609e-11			
8.2501782542e+02	1		4		1.003580e-11			
8.2501782542e+02	1		5		9.971777e-12			
8.2501782542e+02	2		1		1.291359e-11			
8.2501782542e+02	2		2		5.894370e-11			
8.2501782542e+02	2		3		7.289354e-11			
8.2501782542e+02	2		4		8.387242e-11			
8.2501782542e+02	2		5		8.706494e-11			
8.2501782542e+02	3		1		1.104609e-11			
8.2501782542e+02	3		2		7.289354e-11			
8.2501782542e+02	3		3		1.242294e-10			
8.2501782542e+02	3		4		1.681500e-10			
8.2501782542e+02	3		5		1.816555e-10			
8.2501782542e+02	4		1		1.003580e-11			
8.2501782542e+02	4		2		8.387242e-11			
8.2501782542e+02	4		3		1.681500e-10			
8.2501782542e+02	4		4		2.668199e-10			
8.2501782542e+02	4		5		3.056453e-10			
8.2501782542e+02	5		1		9.971777e-12			
8.2501782542e+02	5		2		8.706494e-11			
8.2501782542e+02	5		3		1.816555e-10			
8.2501782542e+02	5		4		3.056453e-10			
8.2501782542e+02	5		5		3.736284e-10			
8.9913864787e+02	1		1		8.600767e-12			
8.9913864787e+02	1		2		1.104721e-11			
8.9913864787e+02	1		3		9.296662e-12			
8.9913864787e+02	1		4		8.325059e-12			
8.9913864787e+02	1		5		8.243986e-12			
8.9913864787e+02	2		1		1.104721e-11			
8.9913864787e+02	2		2		5.210949e-11			
8.9913864787e+02	2		3		6.460340e-11			
8.9913864787e+02	2		4		7.441471e-11			
8.9913864787e+02	2		5		7.726175e-11			
8.9913864787e+02	3		1		9.296662e-12			
8.9913864787e+02	3		2		6.460340e-11			
8.9913864787e+02	3		3		1.110399e-10			
8.9913864787e+02	3		4		1.507612e-10			
8.9913864787e+02	3		5		1.629966e-10			
8.9913864787e+02	4		1		8.325059e-12			
8.9913864787e+02	4		2		7.441471e-11			
8.9913864787e+02	4		3		1.507612e-10			
8.9913864787e+02	4		4		2.399675e-10			
8.9913864787e+02	4		5		2.750651e-10			
8.9913864787e+02	5		1		8.243986e-12			
8.9913864787e+02	5		2		7.726175e-11			
8.9913864787e+02	5		3		1.629966e-10			
8.9913864787e+02	5		4		2.750651e-10			
8.9913864787e+02	5		5		3.362129e-10			
9.7991859471e+02	1		1		7.415748e-12			
9.7991859471e+02	1		2		9.409007e-12			
9.7991859471e+02	1		3		7.772571e-12			
9.7991859471e+02	1		4		6.843369e-12			
9.7991859471e+02	1		5		6.750420e-12			
9.7991859471e+02	2		1		9.409007e-12			
9.7991859471e+02	2		2		4.591556e-11			
9.7991859471e+02	2		3		5.706297e-11			
9.7991859471e+02	2		4		6.578877e-11			
9.7991859471e+02	2		5		6.831412e-11			
9.7991859471e+02	3		1		7.772571e-12			
9.7991859471e+02	3		2		5.706297e-11			
9.7991859471e+02	3		3		9.900487e-11			
9.7991859471e+02	3		4		1.348713e-10			
9.7991859471e+02	3		5		1.459350e-10			
9.7991859471e+02	4		1		6.843369e-12			
9.7991859471e+02	4		2		6.578877e-11			
9.7991859471e+02	4		3		1.348713e-10			
9.7991859471e+02	4		4		2.154995e-10			
9.7991859471e+02	4		5		2.472300e-10			
9.7991859471e+02	5		1		6.750420e-12			
9.7991859471e+02	5		2		6.831412e-11			
9.7991859471e+02	5		3		1.459350e-10			
9.7991859471e+02	5		4		2.472300e-10			
9.7991859471e+02	5		5		3.022896e-10			
1.0679559315e+03	1		1		6.376926e-12			
1.0679559315e+03	1		2		7.979331e-12			
1.0679559315e+03	1		3		6.454958e-12			
1.0679559315e+03	1		4		5.571892e-12			
1.0679559315e+03	1		5		5.471585e-12			
1.0679559315e+03	2		1		7.979331e-12			
1.0679559315e+03	2		2		4.032081e-11			
1.0679559315e+03	2		3		5.022697e-11			
1.0679559315e+03	2		4		5.794845e-11			
1.0679559315e+03	2		5		6.017597e-11			
1.0679559315e+03	3		1		6.454958e-12			
1.0679559315e+03	3		2		5.022697e-11			
1.0679559315e+03	3		3		8.803927e-11			
1.0679559315e+03	3		4		1.203625e-10			
1.0679559315e+03	3		5		1.303438e-10			
1.0679559315e+03	4		1		5.571892e-12			
1.0679559315e+03	4		2		5.794845e-11			
1.0679559315e+03	4		3		1.203625e-10			
1.0679559315e+03	4		4		1.931890e-10			
1.0679559315e+03	4		5		2.218669e-10			
1.0679559315e+03	5		1		5.471585e-12			
1.0679559315e+03	5		2		6.017597e-11			
1.0679559315e+03	5		3		1.303438e-10			
1.0679559315e+03	5		4		2.218669e-10			
1.0679559315e+03	5		5		2.714811e-10			
1.1639026730e+03	1		1		5.469413e-12			
1.1639026730e+03	1		2		6.738853e-12			
1.1639026730e+03	1		3		5.324828e-12			
1.1639026730e+03	1		4		4.491338e-12			
1.1639026730e+03	1		5		4.387611e-12			
1.1639026730e+03	2		1		6.738853e-12			
1.1639026730e+03	2		2		3.528567e-11			
1.1639026730e+03	2		3		4.405186e-11			
1.1639026730e+03	2		4		5.084907e-11			
1.1639026730e+03	2		5		5.280252e-11			
1.1639026730e+03	3		1		5.324828e-12			
1.1639026730e+03	3		2		4.405186e-11			
1.1639026730e+03	3		3		7.806688e-11			
1.1639026730e+03	3		4		1.071313e-10			
1.1639026730e+03	3		5		1.161127e-10			
1.1639026730e+03	4		1		4.491338e-12			
1.1639026730e+03	4		2		5.084907e-11			
1.1639026730e+03	4		3		1.071313e-10			
1.1639026730e+03	4		4		1.728427e-10			
1.1639026730e+03	4		5		1.987439e-10			
1.1639026730e+03	5		1		4.387611e-12			
1.1639026730e+03	5		2		5.280252e-11			
1.1639026730e+03	5		3		1.161127e-10			
1.1639026730e+03	5		4		1.987439e-10			
1.1639026730e+03	5		5		2.434684e-10			
1.2684694117e+03	1		1		4.679221e-12			
1.2684694117e+03	1		2		5.668639e-12			
1.2684694117e+03	1		3		4.363183e-12			
1.2684694117e+03	1		4		3.582144e-12			
1.2684694117e+03	1		5		3.478315e-12			
1.2684694117e+03	2		1		5.668639e-12			
1.2684694117e+03	2		2		3.077156e-11			
1.2684694117e+03	2		3		3.849523e-11			
1.2684694117e+03	2		4		4.444669e-11			
1.2684694117e+03	2		5		4.614955e-11			
1.2684694117e+03	3		1		4.363183e-12			
1.2684694117e+03	3		2		3.849523e-11			
1.2684694117e+03	3		3		6.901844e-11			
1.2684694117e+03	3		4		9.508624e-11			
1.2684694117e+03	3		5		1.031445e-10			
1.2684694117e+03	4		1		3.582144e-12			
1.2684694117e+03	4		2		4.444669e-11			
1.2684694117e+03	4		3		9.508624e-11			
1.2684694117e+03	4		4		1.542949e-10			
1.2684694117e+03	4		5		1.776634e-10			
1.2684694117e+03	5		1		3.478315e-12			
1.2684694117e+03	5		2		4.614955e-11			
1.2684694117e+03	5		3		1.031445e-10			
1.2684694117e+03	5		4		1.776634e-10			
1.2684694117e+03	5		5		2.179805e-10			
1.3824305809e+03	1		1		3.993412e-12			
1.3824305809e+03	1		2		4.750590e-12			
1.3824305809e+03	1		3		3.551619e-12			
1.3824305809e+03	1		4		2.825205e-12			
1.3824305809e+03	1		5		2.724002e-12			
1.3824305809e+03	2		1		4.750590e-12			
1.3824305809e+03	2		2		2.674106e-11			
1.3824305809e+03	2		3		3.351578e-11			
1.3824305809e+03	2		4		3.869802e-11			
1.3824305809e+03	2		5		4.017333e-11			
1.3824305809e+03	3		1		3.551619e-12			
1.3824305809e+03	3		2		3.351578e-11			
1.3824305809e+03	3		3		6.083012e-11			
1.3824305809e+03	3		4		8.414449e-11			
1.3824305809e+03	3		5		9.135149e-11			
1.3824305809e+03	4		1		2.825205e-12			
1.3824305809e+03	4		2		3.869802e-11			
1.3824305809e+03	4		3		8.414449e-11			
1.3824305809e+03	4		4		1.374015e-10			
1.3824305809e+03	4		5		1.584549e-10			
1.3824305809e+03	5		1		2.724002e-12			
1.3824305809e+03	5		2		4.017333e-11			
1.3824305809e+03	5		3		9.135149e-11			
1.3824305809e+03	5		4		1.584549e-10			
1.3824305809e+03	5		5		1.947857e-10			
1.5066301903e+03	1		1		3.400043e-12			
1.5066301903e+03	1		2		3.967393e-12			
1.5066301903e+03	1		3		2.872299e-12			
1.5066301903e+03	1		4		2.201847e-12			
1.5066301903e+03	1		5		2.105418e-12			
1.5066301903e+03	2		1		3.967393e-12			
1.5066301903e+03	2		2		2.315758e-11			
1.5066301903e+03	2		3		2.907293e-11			
1.5066301903e+03	2		4		3.356011e-11			
1.5066301903e+03	2		5		3.483024e-11			
1.5066301903e+03	3		1		2.872299e-12			
1.5066301903e+03	3		2		2.907293e-11			
1.5066301903e+03	3		3		5.344263e-11			
1.5066301903e+03	3		4		7.423106e-11			
1.5066301903e+03	3		5		8.065479e-11			
1.5066301903e+03	4		1		2.201847e-12			
1.5066301903e+03	4		2		3.356011e-11			
1.5066301903e+03	4		3		7.423106e-11			
1.5066301903e+03	4		4		1.220370e-10			
1.5066301903e+03	4		5		1.409712e-10			
1.5066301903e+03	5		1		2.105418e-12			
1.5066301903e+03	5		2		3.483024e-11			
1.5066301903e+03	5		3		8.065479e-11			
1.5066301903e+03	5		4		1.409712e-10			
1.5066301903e+03	5		5		1.736861e-10			
1.6419880764e+03	1		1		2.888193e-12			
1.6419880764e+03	1		2		3.302796e-12			
1.6419880764e+03	1		3		2.308360e-12			
1.6419880764e+03	1		4		1.694340e-12			
1.6419880764e+03	1		5		1.604292e-12			
1.6419880764e+03	2		1		3.302796e-12			
1.6419880764e+03	2		2		1.998530e-11			
1.6419880764e+03	2		3		2.512656e-11			
1.6419880764e+03	2		4		2.898987e-11			
1.6419880764e+03	2		5		3.007638e-11			
1.6419880764e+03	3		1		2.308360e-12			
1.6419880764e+03	3		2		2.512656e-11			
1.6419880764e+03	3		3		4.679935e-11			
1.6419880764e+03	3		4		6.527537e-11			
1.6419880764e+03	3		5		7.098026e-11			
1.6419880764e+03	4		1		1.694340e-12			
1.6419880764e+03	4		2		2.898987e-11			
1.6419880764e+03	4		3		6.527537e-11			
1.6419880764e+03	4		4		1.080882e-10			
1.6419880764e+03	4		5		1.250812e-10			
1.6419880764e+03	5		1		1.604292e-12			
1.6419880764e+03	5		2		3.007638e-11			
1.6419880764e+03	5		3		7.098026e-11			
1.6419880764e+03	5		4		1.250812e-10			
1.6419880764e+03	5		5		1.545085e-10			
1.7895067153e+03	1		1		2.447929e-12			
1.7895067153e+03	1		2		2.741652e-12			
1.7895067153e+03	1		3		1.843990e-12			
1.7895067153e+03	1		4		1.285996e-12			
1.7895067153e+03	1		5		1.203443e-12			
1.7895067153e+03	2		1		2.741652e-12			
1.7895067153e+03	2		2		1.718926e-11			
1.7895067153e+03	2		3		2.163718e-11			
1.7895067153e+03	2		4		2.494438e-11			
1.7895067153e+03	2		5		2.586780e-11			
1.7895067153e+03	3		1		1.843990e-12			
1.7895067153e+03	3		2		2.163718e-11			
1.7895067153e+03	3		3		4.084625e-11			
1.7895067153e+03	3		4		5.721099e-11			
1.7895067153e+03	3		5		6.225829e-11			
1.7895067153e+03	4		1		1.285996e-12			
1.7895067153e+03	4		2		2.494438e-11			
1.7895067153e+03	4		3		5.721099e-11			
1.7895067153e+03	4		4		9.545315e-11			
1.7895067153e+03	4		5		1.106679e-10			
1.7895067153e+03	5		1		1.203443e-12			
1.7895067153e+03	5		2		2.586780e-11			
1.7895067153e+03	5		3		6.225829e-11			
1.7895067153e+03	5		4		1.106679e-10			
1.7895067153e+03	5		5		1.371006e-10			
1.9502786470e+03	1		1		2.070309e-12			
1.9502786470e+03	1		2		2.270100e-12			
1.9502786470e+03	1		3		1.464699e-12			
1.9502786470e+03	1		4		9.615143e-13			
1.9502786470e+03	1		5		8.871285e-13			
1.9502786470e+03	2		1		2.270100e-12			
1.9502786470e+03	2		2		1.473567e-11			
1.9502786470e+03	2		3		1.856617e-11			
1.9502786470e+03	2		4		2.138119e-11			
1.9502786470e+03	2		5		2.216090e-11			
1.9502786470e+03	3		1		1.464699e-12			
1.9502786470e+03	3		2		1.856617e-11			
1.9502786470e+03	3		3		3.553124e-11			
1.9502786470e+03	3		4		4.997423e-11			
1.9502786470e+03	3		5		5.442211e-11			
1.9502786470e+03	4		1		9.615143e-13			
1.9502786470e+03	4		2		2.138119e-11			
1.9502786470e+03	4		3		4.997423e-11			
1.9502786470e+03	4		4		8.403734e-11			
1.9502786470e+03	4		5		9.762414e-11			
1.9502786470e+03	5		1		8.871285e-13			
1.9502786470e+03	5		2		2.216090e-11			
1.9502786470e+03	5		3		5.442211e-11			
1.9502786470e+03	5		4		9.762414e-11			
1.9502786470e+03	5		5		1.213259e-10			
2.1254945671e+03	1		1		1.747303e-12			
2.1254945671e+03	1		2		1.875522e-12			
2.1254945671e+03	1		3		1.157272e-12			
2.1254945671e+03	1		4		7.069279e-13			
2.1254945671e+03	1		5		6.409929e-13			
2.1254945671e+03	2		1		1.875522e-12			
2.1254945671e+03	2		2		1.259203e-11			
2.1254945671e+03	2		3		1.587606e-11			
2.1254945671e+03	2		4		1.825867e-11			
2.1254945671e+03	2		5		1.891278e-11			
2.1254945671e+03	3		1		1.157272e-12			
2.1254945671e+03	3		2		1.587606e-11			
2.1254945671e+03	3		3		3.080449e-11			
2.1254945671e+03	3		4		4.350455e-11			
2.1254945671e+03	3		5		4.740832e-11			
2.1254945671e+03	4		1		7.069279e-13			
2.1254945671e+03	4		2		1.825867e-11			
2.1254945671e+03	4		3		4.350455e-11			
2.1254945671e+03	4		4		7.375383e-11			
2.1254945671e+03	4		5		8.585222e-11			
2.1254945671e+03	5		1		6.409929e-13			
2.1254945671e+03	5		2		1.891278e-11			
2.1254945671e+03	5		3		4.740832e-11			
2.1254945671e+03	5		4		8.585222e-11			
2.1254945671e+03	5		5		1.070623e-10			
2.3164521447e+03	1		1		1.471747e-12			
2.3164521447e+03	1		2		1.546627e-12			
2.3164521447e+03	1		3		9.099409e-13			
2.3164521447e+03	1		4		5.098461e-13			
2.3164521447e+03	1		5		4.523243e-13			
2.3164521447e+03	2		1		1.546627e-12			
2.3164521447e+03	2		2		1.072725e-11			
2.3164521447e+03	2		3		1.353053e-11			
2.3164521447e+03	2		4		1.553604e-11			
2.3164521447e+03	2		5		1.608126e-11			
2.3164521447e+03	3		1		9.099409e-13			
2.3164521447e+03	3		2		1.353053e-11			
2.3164521447e+03	3		3		2.661754e-11			
2.3164521447e+03	3		4		3.774294e-11			
2.3164521447e+03	3		5		4.115494e-11			
2.3164521447e+03	4		1		5.098461e-13			
2.3164521447e+03	4		2		1.553604e-11			
2.3164521447e+03	4		3		3.774294e-11			
2.3164521447e+03	4		4		6.451966e-11			
2.3164521447e+03	4		5		7.525971e-11			
2.3164521447e+03	5		1		4.523243e-13			
2.3164521447e+03	5		2		1.608126e-11			
2.3164521447e+03	5		3		4.115494e-11			
2.3164521447e+03	5		4		7.525971e-11			
2.3164521447e+03	5		5		9.419664e-11			
2.5245656337e+03	1		1		1.237272e-12			
2.5245656337e+03	1		2		1.273404e-12			
2.5245656337e+03	1		3		7.123343e-13			
2.5245656337e+03	1		4		3.593950e-13			
2.5245656337e+03	1		5		3.099896e-13			
2.5245656337e+03	2		1		1.273404e-12			
2.5245656337e+03	2		2		9.111837e-12			
2.5245656337e+03	2		3		1.149477e-11			
2.5245656337e+03	2		4		1.317384e-11			
2.5245656337e+03	2		5		1.362545e-11			
2.5245656337e+03	3		1		7.123343e-13			
2.5245656337e+03	3		2		1.149477e-11			
2.5245656337e+03	3		3		2.292382e-11			
2.5245656337e+03	3		4		3.263257e-11			
2.5245656337e+03	3		5		3.560223e-11			
2.5245656337e+03	4		1		3.593950e-13			
2.5245656337e+03	4		2		1.317384e-11			
2.5245656337e+03	4		3		3.263257e-11			
2.5245656337e+03	4		4		5.625635e-11			
2.5245656337e+03	4		5		6.575972e-11			
2.5245656337e+03	5		1		3.099896e-13			
2.5245656337e+03	5		2		1.362545e-11			
2.5245656337e+03	5		3		3.560223e-11			
2.5245656337e+03	5		4		6.575972e-11			
2.5245656337e+03	5		5		8.262448e-11			
2.7513763465e+03	1		1		1.038254e-12			
2.7513763465e+03	1		2		1.047106e-12			
2.7513763465e+03	1		3		5.554944e-13			
2.7513763465e+03	1		4		2.462618e-13			
2.7513763465e+03	1		5		2.044813e-13			
2.7513763465e+03	2		1		1.047106e-12			
2.7513763465e+03	2		2		7.718117e-12			
2.7513763465e+03	2		3		9.735727e-12			
2.7513763465e+03	2		4		1.113432e-11			
2.7513763465e+03	2		5		1.150612e-11			
2.7513763465e+03	3		1		5.554944e-13			
2.7513763465e+03	3		2		9.735727e-12			
2.7513763465e+03	3		3		1.967852e-11			
2.7513763465e+03	3		4		2.811832e-11			
2.7513763465e+03	3		5		3.069201e-11			
2.7513763465e+03	4		1		2.462618e-13			
2.7513763465e+03	4		2		1.113432e-11			
2.7513763465e+03	4		3		2.811832e-11			
2.7513763465e+03	4		4		4.888825e-11			
2.7513763465e+03	4		5		5.726878e-11			
2.7513763465e+03	5		1		2.044813e-13			
2.7513763465e+03	5		2		1.150612e-11			
2.7513763465e+03	5		3		3.069201e-11			
2.7513763465e+03	5		4		5.726878e-11			
2.7513763465e+03	5		5		7.224685e-11			
2.9985640695e+03	1		1		8.697392e-13			
2.9985640695e+03	1		2		8.601395e-13			
2.9985640695e+03	1		3		4.317425e-13			
2.9985640695e+03	1		4		1.625384e-13			
2.9985640695e+03	1		5		1.277526e-13			
2.9985640695e+03	2		1		8.601395e-13			
2.9985640695e+03	2		2		6.520382e-12			
2.9985640695e+03	2		3		8.222371e-12			
2.9985640695e+03	2		4		9.381725e-12			
2.9985640695e+03	2		5		9.686065e-12			
2.9985640695e+03	3		1		4.317425e-13			
2.9985640695e+03	3		2		8.222371e-12			
2.9985640695e+03	3		3		1.683909e-11			
2.9985640695e+03	3		4		2.414758e-11			
2.9985640695e+03	3		5		2.636868e-11			
2.9985640695e+03	4		1		1.625384e-13			
2.9985640695e+03	4		2		9.381725e-12			
2.9985640695e+03	4		3		2.414758e-11			
2.9985640695e+03	4		4		4.234371e-11			
2.9985640695e+03	4		5		4.970816e-11			
2.9985640695e+03	5		1		1.277526e-13			
2.9985640695e+03	5		2		9.686065e-12			
2.9985640695e+03	5		3		2.636868e-11			
2.9985640695e+03	5		4		4.970816e-11			
2.9985640695e+03	5		5		6.297164e-11			
3.2679595033e+03	1		1		7.273825e-13			
3.2679595033e+03	1		2		7.059981e-13			
3.2679595033e+03	1		3		3.346328e-13			
3.2679595033e+03	1		4		1.016868e-13			
3.2679595033e+03	1		5		7.318275e-14			
3.2679595033e+03	2		1		7.059981e-13			
3.2679595033e+03	2		2		5.494884e-12			
3.2679595033e+03	2		3		6.925732e-12			
3.2679595033e+03	2		4		7.882474e-12			
3.2679595033e+03	2		5		8.130249e-12			
3.2679595033e+03	3		1		3.346328e-13			
3.2679595033e+03	3		2		6.925732e-12			
3.2679595033e+03	3		3		1.436492e-11			
3.2679595033e+03	3		4		2.066958e-11			
3.2679595033e+03	3		5		2.257834e-11			
3.2679595033e+03	4		1		1.016868e-13			
3.2679595033e+03	4		2		7.882474e-12			
3.2679595033e+03	4		3		2.066958e-11			
3.2679595033e+03	4		4		3.655325e-11			
3.2679595033e+03	4		5		4.300147e-11			
3.2679595033e+03	5		1		7.318275e-14			
3.2679595033e+03	5		2		8.130249e-12			
3.2679595033e+03	5		3		2.257834e-11			
3.2679595033e+03	5		4		4.300147e-11			
3.2679595033e+03	5		5		5.471025e-11			
3.5615578216e+03	1		1		6.073884e-13			
3.5615578216e+03	1		2		5.791374e-13			
3.5615578216e+03	1		3		2.587948e-13			
3.5615578216e+03	1		4		5.835326e-14			
3.5615578216e+03	1		5		3.537935e-14			
3.5615578216e+03	2		1		5.791374e-13			
3.5615578216e+03	2		2		4.619932e-12			
3.5615578216e+03	2		3		5.819093e-12			
3.5615578216e+03	2		4		6.605407e-12			
3.5615578216e+03	2		5		6.806132e-12			
3.5615578216e+03	3		1		2.587948e-13			
3.5615578216e+03	3		2		5.819093e-12			
3.5615578216e+03	3		3		1.221778e-11			
3.5615578216e+03	3		4		1.763606e-11			
3.5615578216e+03	3		5		1.926966e-11			
3.5615578216e+03	4		1		5.835326e-14			
3.5615578216e+03	4		2		6.605407e-12			
3.5615578216e+03	4		3		1.763606e-11			
3.5615578216e+03	4		4		3.145061e-11			
3.5615578216e+03	4		5		3.707584e-11			
3.5615578216e+03	5		1		3.537935e-14			
3.5615578216e+03	5		2		6.806132e-12			
3.5615578216e+03	5		3		1.926966e-11			
3.5615578216e+03	5		4		3.707584e-11			
3.5615578216e+03	5		5		4.737878e-11			
3.8815334474e+03	1		1		5.064565e-13			
3.8815334474e+03	1		2		4.748801e-13			
3.8815334474e+03	1		3		1.998280e-13			
3.8815334474e+03	1		4		2.825018e-14			
3.8815334474e+03	1		5		1.005468e-14			
3.8815334474e+03	2		1		4.748801e-13			
3.8815334474e+03	2		2		3.875888e-12			
3.8815334474e+03	2		3		4.878058e-12			
3.8815334474e+03	2		4		5.521941e-12			
3.8815334474e+03	2		5		5.683830e-12			
3.8815334474e+03	3		1		1.998280e-13			
3.8815334474e+03	3		2		4.878058e-12			
3.8815334474e+03	3		3		1.036178e-11			
3.8815334474e+03	3		4		1.500119e-11			
3.8815334474e+03	3		5		1.639368e-11			
3.8815334474e+03	4		1		2.825018e-14			
3.8815334474e+03	4		2		5.521941e-12			
3.8815334474e+03	4		3		1.500119e-11			
3.8815334474e+03	4		4		2.697206e-11			
3.8815334474e+03	4		5		3.186108e-11			
3.8815334474e+03	5		1		1.005468e-14			
3.8815334474e+03	5		2		5.683830e-12			
3.8815334474e+03	5		3		1.639368e-11			
3.8815334474e+03	5		4		3.186108e-11			
3.8815334474e+03	5		5		4.089655e-11			
4.2302561569e+03	1		1		4.217278e-13			
4.2302561569e+03	1		2		3.892926e-13			
4.2302561569e+03	1		3		1.541434e-13			
4.2302561569e+03	1		4		7.970443e-15			
4.2302561569e+03	1		5		-6.170325e-15			
4.2302561569e+03	2		1		3.892926e-13			
4.2302561569e+03	2		2		3.245136e-12			
4.2302561569e+03	2		3		4.080582e-12			
4.2302561569e+03	2		4		4.606150e-12			
4.2302561569e+03	2		5		4.736213e-12			
4.2302561569e+03	3		1		1.541434e-13			
4.2302561569e+03	3		2		4.080582e-12			
4.2302561569e+03	3		3		8.763736e-12			
4.2302561569e+03	3		4		1.272215e-11			
4.2302561569e+03	3		5		1.390452e-11			
4.2302561569e+03	4		1		7.970443e-15			
4.2302561569e+03	4		2		4.606150e-12			
4.2302561569e+03	4		3		1.272215e-11			
4.2302561569e+03	4		4		2.305760e-11			
4.2302561569e+03	4		5		2.729090e-11			
4.2302561569e+03	5		1		-6.170325e-15			
4.2302561569e+03	5		2		4.736213e-12			
4.2302561569e+03	5		3		1.390452e-11			
4.2302561569e+03	5		4		2.729090e-11			
4.2302561569e+03	5		5		3.518761e-11			
4.6103086307e+03	1		1		3.507338e-13			
4.6103086307e+03	1		2		3.190917e-13			
4.6103086307e+03	1		3		1.188604e-13			
4.6103086307e+03	1		4		-5.130056e-15			
4.6103086307e+03	1		5		-1.589025e-14			
4.6103086307e+03	2		1		3.190917e-13			
4.6103086307e+03	2		2		2.711967e-12			
4.6103086307e+03	2		3		3.406887e-12			
4.6103086307e+03	2		4		3.834712e-12			
4.6103086307e+03	2		5		3.938869e-12			
4.6103086307e+03	3		1		1.188604e-13			
4.6103086307e+03	3		2		3.406887e-12			
4.6103086307e+03	3		3		7.392911e-12			
4.6103086307e+03	3		4		1.075876e-11			
4.6103086307e+03	3		5		1.175902e-11			
4.6103086307e+03	4		1		-5.130056e-15			
4.6103086307e+03	4		2		3.834712e-12			
4.6103086307e+03	4		3		1.075876e-11			
4.6103086307e+03	4		4		1.965001e-11			
4.6103086307e+03	4		5		2.330189e-11			
4.6103086307e+03	5		1		-1.589025e-14			
4.6103086307e+03	5		2		3.938869e-12			
4.6103086307e+03	5		3		1.175902e-11			
4.6103086307e+03	5		4		2.330189e-11			
4.6103086307e+03	5		5		3.017918e-11			
5.0245055813e+03	1		1		2.913521e-13			
5.0245055813e+03	1		2		2.615454e-13			
5.0245055813e+03	1		3		9.167601e-14			
5.0245055813e+03	1		4		-1.308691e-14			
5.0245055813e+03	1		5		-2.107807e-14			
5.0245055813e+03	2		1		2.615454e-13			
5.0245055813e+03	2		2		2.262495e-12			
5.0245055813e+03	2		3		2.839404e-12			
5.0245055813e+03	2		4		3.186879e-12			
5.0245055813e+03	2		5		3.270075e-12			
5.0245055813e+03	3		1		9.167601e-14			
5.0245055813e+03	3		2		2.839404e-12			
5.0245055813e+03	3		3		6.221232e-12			
5.0245055813e+03	3		4		9.073925e-12			
5.0245055813e+03	3		5		9.917187e-12			
5.0245055813e+03	4		1		-1.308691e-14			
5.0245055813e+03	4		2		3.186879e-12			
5.0245055813e+03	4		3		9.073925e-12			
5.0245055813e+03	4		4		1.669571e-11			
5.0245055813e+03	4		5		1.983444e-11			
5.0245055813e+03	5		1		-2.107807e-14			
5.0245055813e+03	5		2		3.270075e-12			
5.0245055813e+03	5		3		9.917187e-12			
5.0245055813e+03	5		4		1.983444e-11			
5.0245055813e+03	5		5		2.580270e-11			
5.4759145989e+03	1		1		2.417641e-13			
5.4759145989e+03	1		2		2.143931e-13			
5.4759145989e+03	1		3		7.077303e-14			
5.4759145989e+03	1		4		-1.743146e-14			
5.4759145989e+03	1		5		-2.319455e-14			
5.4759145989e+03	2		1		2.143931e-13			
5.4759145989e+03	2		2		1.884520e-12			
5.4759145989e+03	2		3		2.362650e-12			
5.4759145989e+03	2		4		2.644366e-12			
5.4759145989e+03	2		5		2.710694e-12			
5.4759145989e+03	3		1		7.077303e-14			
5.4759145989e+03	3		2		2.362650e-12			
5.4759145989e+03	3		3		5.223164e-12			
5.4759145989e+03	3		4		7.633500e-12			
5.4759145989e+03	3		5		8.342096e-12			
5.4759145989e+03	4		1		-1.743146e-14			
5.4759145989e+03	4		2		2.644366e-12			
5.4759145989e+03	4		3		7.633500e-12			
5.4759145989e+03	4		4		1.414446e-11			
5.4759145989e+03	4		5		1.683236e-11			
5.4759145989e+03	5		1		-2.319455e-14			
5.4759145989e+03	5		2		2.710694e-12			
5.4759145989e+03	5		3		8.342096e-12			
5.4759145989e+03	5		4		1.683236e-11			
5.4759145989e+03	5		5		2.199327e-11			
5.9678788708e+03	1		1		2.004178e-13			
5.9678788708e+03	1		2		1.757656e-13			
5.9678788708e+03	1		3		5.471779e-14			
5.9678788708e+03	1		4		-1.931171e-14			
5.9678788708e+03	1		5		-2.331535e-14			
5.9678788708e+03	2		1		1.757656e-13			
5.9678788708e+03	2		2		1.567406e-12			
5.9678788708e+03	2		3		1.963094e-12			
5.9678788708e+03	2		4		2.191190e-12			
5.9678788708e+03	2		5		2.244007e-12			
5.9678788708e+03	3		1		5.471779e-14			
5.9678788708e+03	3		2		1.963094e-12			
5.9678788708e+03	3		3		4.375771e-12			
5.9678788708e+03	3		4		6.406481e-12			
5.9678788708e+03	3		5		7.000144e-12			
5.9678788708e+03	4		1		-1.931171e-14			
5.9678788708e+03	4		2		2.191190e-12			
5.9678788708e+03	4		3		6.406481e-12			
5.9678788708e+03	4		4		1.194993e-11			
5.9678788708e+03	4		5		1.424365e-11			
5.9678788708e+03	5		1		-2.331535e-14			
5.9678788708e+03	5		2		2.244007e-12			
5.9678788708e+03	5		3		7.000144e-12			
5.9678788708e+03	5		4		1.424365e-11			
5.9678788708e+03	5		5		1.869057e-11			
6.5040419409e+03	1		1		1.659919e-13			
6.5040419409e+03	1		2		1.441248e-13			
6.5040419409e+03	1		3		4.239388e-14			
6.5040419409e+03	1		4		-1.956441e-14			
6.5040419409e+03	1		5		-2.220614e-14			
6.5040419409e+03	2		1		1.441248e-13			
6.5040419409e+03	2		2		1.301915e-12			
6.5040419409e+03	2		3		1.628967e-12			
6.5040419409e+03	2		4		1.813481e-12			
6.5040419409e+03	2		5		1.855515e-12			
6.5040419409e+03	3		1		4.239388e-14			
6.5040419409e+03	3		2		1.628967e-12			
6.5040419409e+03	3		3		3.658490e-12			
6.5040419409e+03	3		4		5.364767e-12			
6.5040419409e+03	3		5		5.860787e-12			
6.5040419409e+03	4		1		-1.956441e-14			
6.5040419409e+03	4		2		1.813481e-12			
6.5040419409e+03	4		3		5.364767e-12			
6.5040419409e+03	4		4		1.006932e-11			
6.5040419409e+03	4		5		1.201998e-11			
6.5040419409e+03	5		1		-2.220614e-14			
6.5040419409e+03	5		2		1.855515e-12			
6.5040419409e+03	5		3		5.860787e-12			
6.5040419409e+03	5		4		1.201998e-11			
6.5040419409e+03	5		5		1.583818e-11			
7.0883746947e+03	1		1		1.373650e-13			
7.0883746947e+03	1		2		1.182060e-13			
7.0883746947e+03	1		3		3.293290e-14			
7.0883746947e+03	1		4		-1.879350e-14			
7.0883746947e+03	1		5		-2.040392e-14			
7.0883746947e+03	2		1		1.182060e-13			
7.0883746947e+03	2		2		1.080077e-12			
7.0883746947e+03	2		3		1.350109e-12			
7.0883746947e+03	2		4		1.499291e-12			
7.0883746947e+03	2		5		1.532744e-12			
7.0883746947e+03	3		1		3.293290e-14			
7.0883746947e+03	3		2		1.350109e-12			
7.0883746947e+03	3		3		3.053087e-12			
7.0883746947e+03	3		4		4.483197e-12			
7.0883746947e+03	3		5		4.896622e-12			
7.0883746947e+03	4		1		-1.879350e-14			
7.0883746947e+03	4		2		1.499291e-12			
7.0883746947e+03	4		3		4.483197e-12			
7.0883746947e+03	4		4		8.463570e-12			
7.0883746947e+03	4		5		1.011707e-11			
7.0883746947e+03	5		1		-2.040392e-14			
7.0883746947e+03	5		2		1.532744e-12			
7.0883746947e+03	5		3		4.896622e-12			
7.0883746947e+03	5		4		1.011707e-11			
7.0883746947e+03	5		5		1.338407e-11			
7.7252047680e+03	1		1		1.135887e-13			
7.7252047680e+03	1		2		9.697236e-14			
7.7252047680e+03	1		3		2.566547e-14			
7.7252047680e+03	1		4		-1.742345e-14			
7.7252047680e+03	1		5		-1.827224e-14			
7.7252047680e+03	2		1		9.697236e-14			
7.7252047680e+03	2		2		8.950420e-13			
7.7252047680e+03	2		3		1.117794e-12			
7.7252047680e+03	2		4		1.238389e-12			
7.7252047680e+03	2		5		1.265031e-12			
7.7252047680e+03	3		1		2.566547e-14			
7.7252047680e+03	3		2		1.117794e-12			
7.7252047680e+03	3		3		2.543463e-12			
7.7252047680e+03	3		4		3.739349e-12			
7.7252047680e+03	3		5		4.083179e-12			
7.7252047680e+03	4		1		-1.742345e-14			
7.7252047680e+03	4		2		1.238389e-12			
7.7252047680e+03	4		3		3.739349e-12			
7.7252047680e+03	4		4		7.097209e-12			
7.7252047680e+03	4		5		8.494442e-12			
7.7252047680e+03	5		1		-1.827224e-14			
7.7252047680e+03	5		2		1.265031e-12			
7.7252047680e+03	5		3		4.083179e-12			
7.7252047680e+03	5		4		8.494442e-12			
7.7252047680e+03	5		5		1.128032e-11			
8.4192485976e+03	1		1		9.386286e-14			
8.4192485976e+03	1		2		7.957338e-14			
8.4192485976e+03	1		3		2.007454e-14			
8.4192485976e+03	1		4		-1.574964e-14			
8.4192485976e+03	1		5		-1.605269e-14			
8.4192485976e+03	2		1		7.957338e-14			
8.4192485976e+03	2		2		7.409585e-13			
8.4192485976e+03	2		3		9.245693e-13			
8.4192485976e+03	2		4		1.022069e-12			
8.4192485976e+03	2		5		1.043308e-12			
8.4192485976e+03	3		1		2.007454e-14			
8.4192485976e+03	3		2		9.245693e-13			
8.4192485976e+03	3		3		2.115542e-12			
8.4192485976e+03	3		4		3.113458e-12			
8.4192485976e+03	3		5		3.398858e-12			
8.4192485976e+03	4		1		-1.574964e-14			
8.4192485976e+03	4		2		1.022069e-12			
8.4192485976e+03	4		3		3.113458e-12			
8.4192485976e+03	4		4		5.938413e-12			
8.4192485976e+03	4		5		7.115624e-12			
8.4192485976e+03	5		1		-1.605269e-14			
8.4192485976e+03	5		2		1.043308e-12			
8.4192485976e+03	5		3		3.398858e-12			
8.4192485976e+03	5		4		7.115624e-12			
8.4192485976e+03	5		5		9.483416e-12			
9.1756463519e+03	1		1		7.751378e-14			
9.1756463519e+03	1		2		6.531328e-14			
9.1756463519e+03	1		3		1.576498e-14			
9.1756463519e+03	1		4		-1.396819e-14			
9.1756463519e+03	1		5		-1.389476e-14			
9.1756463519e+03	2		1		6.531328e-14			
9.1756463519e+03	2		2		6.128388e-13			
9.1756463519e+03	2		3		7.640897e-13			
9.1756463519e+03	2		4		8.429492e-13			
9.1756463519e+03	2		5		8.599061e-13			
9.1756463519e+03	3		1		1.576498e-14			
9.1756463519e+03	3		2		7.640897e-13			
9.1756463519e+03	3		3		1.757045e-12			
9.1756463519e+03	3		4		2.588159e-12			
9.1756463519e+03	3		5		2.824655e-12			
9.1756463519e+03	4		1		-1.396819e-14			
9.1756463519e+03	4		2		8.429492e-13			
9.1756463519e+03	4		3		2.588159e-12			
9.1756463519e+03	4		4		4.958679e-12			
9.1756463519e+03	4		5		5.947777e-12			
9.1756463519e+03	5		1		-1.389476e-14			
9.1756463519e+03	5		2		8.599061e-13			
9.1756463519e+03	5		3		2.824655e-12			
9.1756463519e+03	5		4		5.947777e-12			
9.1756463519e+03	5		5		7.953834e-12			
1.0000000000e+04	1		1		6.397579e-14			
1.0000000000e+04	1		2		5.362251e-14			
1.0000000000e+04	1		3		1.243422e-14			
1.0000000000e+04	1		4		-1.220624e-14			
1.0000000000e+04	1		5		-1.188624e-14			
1.0000000000e+04	2		1		5.362251e-14			
1.0000000000e+04	2		2		5.064517e-13			
1.0000000000e+04	2		3		6.309797e-13			
1.0000000000e+04	2		4		6.948027e-13			
1.0000000000e+04	2		5		7.083656e-13			
1.0000000000e+04	3		1		1.243422e-14			
1.0000000000e+04	3		2		6.309797e-13			
1.0000000000e+04	3		3		1.457348e-12			
1.0000000000e+04	3		4		2.148325e-12			
1.0000000000e+04	3		5		2.344007e-12			
1.0000000000e+04	4		1		-1.220624e-14			
1.0000000000e+04	4		2		6.948027e-13			
1.0000000000e+04	4		3		2.148325e-12			
1.0000000000e+04	4		4		4.132755e-12			
1.0000000000e+04	4		5		4.961661e-12			
1.0000000000e+04	5		1		-1.188624e-14			
1.0000000000e+04	5		2		7.083656e-13			
1.0000000000e+04	5		3		2.344007e-12			
1.0000000000e+04	5		4		4.961661e-12			
1.0000000000e+04	5		5		6.656088e-12			
