#ell sum_m_a_lm
0 0.2651758799985885
1 0.5811941652631077
2 0.48757779592274464
3 0.1949903205135131
4 0.015028962093124806
5 0.017568809658004562
6 0.059950829513988196
7 0.04263620857329051
8 0.005367079943516392
9 0.004798224647765189
10 0.022042495120725623
11 0.018429272534979994
12 0.002813640762794351
13 0.0020919653989617307
14 0.01128833136208554
15 0.01029024287299238
16 0.001769545164524466
17 0.0011210027624596155
18 0.006807544938499454
19 0.006584258493336002
20 0.0012370503061207784
21 0.0006743604371574555
22 0.004527490030082092
23 0.004586631470636436
24 0.0009267738951675606
25 0.0004363138288525691
26 0.003213471795636504
27 0.003385615120964549
28 0.0007286467739583867
29 0.00029677160429457774
30 0.0023896060787639475
31 0.0026070091613852324
32 0.0005938819689544468
33 0.00020903389451338067
34 0.0018396646172704556
35 0.0020724647224522772
36 0.0004973565094875961
37 0.00015116691809791247
38 0.0014553307270915548
39 0.0016897239913998407
40 0.00042576620308426073
41 0.00011135428886840025
42 0.0011761645740901642
43 0.0014055431379048449
44 0.0003707638110274355
45 8.325396789662782e-05
46 0.0009676413593933465
47 0.0011890304629020795
48 0.0003276707550168578
49 6.28166568038996e-05
50 0.0008075924353951217
51 0.0010196947181119942
52 0.0002929470721503392
53 4.7774486203133046e-05
54 0.000682561568126553
55 0.0008850982102568214
56 0.0002647044471600022
57 3.642988661317327e-05
58 0.0005827818370169234
59 0.0007758393586242657
60 0.00024114110674610897
61 2.7860122943197446e-05
62 0.0005022901671345248
63 0.0006862963216889666
64 0.00022145552156025444
65 2.1241455847306668e-05
66 0.0004361551169079017
67 0.0006115379002019722
68 0.00020458485066519722
69 1.616805185941373e-05
70 0.00038150989823889796
71 0.0005488437157779603
72 0.00019020909095769488
73 1.2192311075424828e-05
74 0.00033558105836133356
75 0.0004953229623540574
76 0.00017763213942638382
77 9.132346354080734e-06
78 0.0002968940591415862
79 0.0004496442063649346
80 0.00016670789419410512
81 6.7223842691374605e-06
82 0.00026386529184175785
83 0.0004099467613044158
84 0.00015705947458195265
85 4.875391191561634e-06
86 0.00023551959419787345
87 0.00037556826970826175
88 0.00014848678099036865
89 3.4313729426686374e-06
90 0.0002110740015457132
91 0.00034525886706256143
92 0.00014090171053747188
93 2.3441875834268164e-06
94 0.00018972308062547677
95 0.0003186916547653928
96 0.00013399490943882204
97 1.515835423151761e-06
98 0.00017120176040740344
99 0.0002949879264471563
100 0.00012791379406635624
101 9.184896809462593e-07
102 0.00015474166077035688
103 0.00027399666109277686
104 0.00012222071254137769
105 4.925195910695916e-07
106 0.00014043664780271029
107 0.0002550811016721303
108 0.000117267049162617
109 2.1803435304789001e-07
110 0.00012749448764314513
111 0.00023818136626072042
112 0.00011247924714886644
113 5.987797764743956e-08
114 0.00011627089351659316
115 0.00022282800039786298
116 0.00010839390216723342
117 1.601416226951262e-09
118 0.0001059213476115257
119 0.0002090025552141706
120 0.00010429861927412883
121 2.3923836550069192e-08
122 9.699763334543138e-05
123 0.0001963544757541172
124 0.00010089928818556354
125 1.1228903789585841e-07
126 8.859277006451799e-05
127 0.000184879391138868
128 9.73386181668992e-05
129 2.571933419606228e-07
130 8.141646339311378e-05
131 0.00017432375453025703
132 9.44828000369308e-05
133 4.455658212806457e-07
134 7.45052365070799e-05
135 0.0001646858510750732
136 9.134166422577198e-05
137 6.737953936603562e-07
138 6.86869782633727e-05
139 0.000155779007726699
140 8.893941340624371e-05
141 9.309157563439471e-07
142 6.292911096387376e-05
143 0.0001475871271852282
144 8.612769840514613e-05
145 1.2149332158063873e-06
146 5.8172293662814184e-05
147 0.00013999861646086384
148 8.40867457870688e-05
149 1.519039055241966e-06
150 5.3340842771138745e-05
151 0.0001329700235504839
152 8.15618469589851e-05
153 1.8404048405983237e-06
154 4.940942313520385e-05
155 0.00012644111601049595
156 7.980332511544656e-05
157 2.1757836111802007e-06
158 4.5330925401430826e-05
159 0.00012036124059836173
160 7.752470092250309e-05
161 2.521698289253056e-06
162 4.205589518102337e-05
163 0.00011469656807480253
164 7.599799962015547e-05
165 2.877420633841375e-06
166 3.858975637595776e-05
167 0.00010939656192249736
168 7.392626276853021e-05
169 3.2386245691059747e-06
170 3.5845842292557255e-05
171 0.00010444546340421048
172 7.259459812562042e-05
173 3.606996093654226e-06
174 3.288154676513765e-05
175 9.979184617461159e-05
176 7.069669147233116e-05
177 3.976825821902642e-06
178 3.057169838094984e-05
179 9.543509567984645e-05
180 6.953071659599677e-05
181 4.352474591071616e-06
182 2.8022285452898186e-05
183 9.132161708290215e-05
184 6.777991238042612e-05
185 4.726317815897672e-06
186 2.6069896211249937e-05
187 8.746430335380349e-05
188 6.675627182156663e-05
189 5.105632934605777e-06
190 2.3866476710809003e-05
191 8.380648621790962e-05
192 6.513132886417132e-05
193 5.48030351413366e-06
194 2.2210833070693567e-05
195 8.037287345764605e-05
196 6.423130495622515e-05
197 5.860725163458207e-06
198 2.029870820360341e-05
199 7.710265863627144e-05
200 6.271468834717202e-05
201 6.2338461934272406e-06
202 1.8891333196957675e-05
203 7.403077569845859e-05
204 6.192244128875475e-05
205 6.613551622378382e-06
206 1.722639636318332e-05
207 7.109194650025365e-05
208 6.049924233718487e-05
209 6.983581688820966e-06
210 1.6027812706132024e-05
211 6.833070330968637e-05
212 5.980171168513618e-05
213 7.3615959780720355e-06
214 1.4574044614776657e-05
215 6.567755608808411e-05
216 5.846002729768191e-05
217 7.727645798009792e-06
218 1.3552143656168462e-05
219 6.318568044133411e-05
220 5.784681725331498e-05
221 8.103245176570618e-06
222 1.228043166905495e-05
223 6.078080170468267e-05
224 5.657654867509075e-05
225 8.464428025312487e-06
226 1.140913260031526e-05
227 5.8523398905281686e-05
228 5.603822769503305e-05
229 8.836988882031865e-06
230 1.0295464311469724e-05
231 5.633460388746618e-05
232 5.483017530489576e-05
233 9.192868528346271e-06
234 9.552890347918386e-06
235 5.4282133157090436e-05
236 5.435880988064371e-05
237 9.56229733949299e-06
238 8.577175934343714e-06
239 5.2283106386742285e-05
240 5.3205682618165826e-05
241 9.912590687813689e-06
242 7.945263716660227e-06
243 5.0411368074015435e-05
244 5.279467966480121e-05
245 1.0278466844424288e-05
246 7.091045178178899e-06
247 4.857944574645373e-05
248 5.1689479119487587e-05
249 1.062265493613724e-05
250 6.5546640948924505e-06
251 4.6866641481015674e-05
252 5.133225584875618e-05
253 1.0984882631246624e-05
254 5.807814425681705e-06
255 4.5181990814004485e-05
256 5.026884059802243e-05
257 1.1323022325336919e-05
258 5.353946704752653e-06
259 4.361019813716124e-05
260 4.996034688808193e-05
261 1.1681539975290437e-05
262 4.702674804629304e-06
263 4.2056425465629753e-05
264 4.893346762574903e-05
265 1.2013215505954766e-05
266 4.320480294663965e-06
267 4.060942293982534e-05
268 4.8668454013204563e-05
269 1.2367891328567402e-05
270 3.754683268796192e-06
271 3.9171232802466766e-05
272 4.767287891110931e-05
273 1.2693385376316511e-05
274 3.4345903906076155e-06
275 3.783520542074409e-05
276 4.744733153321188e-05
277 1.3044571329660176e-05
278 2.945639501644447e-06
279 3.6500359996329573e-05
280 4.647916325217235e-05
281 1.3363815001612708e-05
282 2.679660978708359e-06
283 3.526307537193732e-05
284 4.6289165283061086e-05
285 1.3711655111206105e-05
286 2.2602435955641953e-06
287 3.401984672530641e-05
288 4.534435255668137e-05
289 1.4025352576877447e-05
290 2.041286630211483e-06
291 3.287087223582733e-05
292 4.5187153932609795e-05
293 1.4370637153447844e-05
294 1.6851680834851558e-06
295 3.1710229534306275e-05
296 4.4263079311815416e-05
297 1.4679125929372835e-05
298 1.5073440829839766e-06
299 3.064033243135521e-05
300 4.413605207000873e-05
301 1.5022550601695108e-05
302 1.2092945887131309e-06
303 2.955365479302395e-05
304 4.3230117744570825e-05
305 1.5327071501413386e-05
306 1.067403974148362e-06
307 2.855557471053173e-05
308 4.313202883546749e-05
309 1.5669621649652845e-05
310 8.231163011002914e-07
311 2.7536380190999195e-05
312 4.2242648462246946e-05
313 1.597082550190497e-05
314 7.128630052128043e-07
315 2.660330331575817e-05
316 4.217204338143888e-05
317 1.631379784925676e-05
318 5.187223280124917e-07
319 2.5645996385803352e-05
320 4.1298151812751115e-05
321 1.6612935717741727e-05
322 4.363788968220643e-07
323 2.4773197322145285e-05
324 4.125479515821361e-05
325 1.695699687662543e-05
326 2.8952421099468523e-07
327 2.387293142111128e-05
328 4.039518867322208e-05
329 1.7255021951536786e-05
330 2.318894587244425e-07
331 2.3055990487420322e-05
332 4.037872162510902e-05
333 1.7601251695022513e-05
334 1.2990547245432467e-07
335 2.2209466237123934e-05
336 3.953297622859971e-05
337 1.7898410143568895e-05
338 9.42157911386134e-08
339 2.144458455745695e-05
340 3.954277420290006e-05
341 1.8247265220305248e-05
342 3.508190847675097e-08
343 2.0648509450048515e-05
344 3.870991890290725e-05
345 1.8543856756278087e-05
346 1.8798349755756488e-08
347 1.993286352071086e-05
348 3.874559502821478e-05
349 1.8894876138900202e-05
350 7.564944014349433e-10
351 1.9184034202618908e-05
352 3.792392135619666e-05
353 1.919056604053856e-05
354 1.5087554286617125e-09
355 1.8514666390120646e-05
356 3.79843908624498e-05
357 1.9542967997997883e-05
358 2.292174243911135e-08
359 1.7810213910945205e-05
360 3.717180092830468e-05
361 1.9836471117083433e-05
362 3.8430500807818374e-08
363 1.7183750256478476e-05
364 3.7254933895669726e-05
365 2.0189042444558555e-05
366 9.77537737103512e-08
367 1.6520563592071596e-05
368 3.6448572255820564e-05
369 2.0478563627931737e-05
370 1.2579376863372483e-07
371 1.5933343019308068e-05
372 3.6551431886759025e-05
373 2.0829566959377222e-05
374 2.2159848296584342e-07
375 1.530771669171797e-05
376 3.574747826023946e-05
377 2.1113179653887272e-05
378 2.6005690988967595e-07
379 1.4755684309923126e-05
380 3.586646026297426e-05
381 2.1460742562531203e-05
382 3.911298500189486e-07
