#ell sum_m_a_lm
0 0.007508739253156607
1 0.0015731417598022833
2 0.017059970717262687
3 0.012320261309645199
4 0.0038191228144814045
5 0.019262837033539534
6 0.0008859454606258167
7 0.015697840100757688
8 0.008492025813424297
9 0.006339733146232925
10 0.015470612241530029
11 0.0007153087961421615
12 0.015507968002086486
13 0.004457611093660482
14 0.007657264862607532
15 0.010663973748893349
16 0.0015007048741417697
17 0.012206155593573007
18 0.0016401863483072098
19 0.007592642189177996
20 0.005841250608480497
21 0.0020603450668241156
22 0.007948999140412508
23 0.0006202028197596714
24 0.005918509556944266
25 0.0025571448340826145
26 0.0022647534341400733
27 0.004132710480434638
28 0.0004578819433064512
29 0.0035918171499573
30 0.0009531343807237899
31 0.0016578031398156912
32 0.0016177107578182442
33 0.0005356765224652825
34 0.0015711778328228244
35 0.0004015929061036366
36 0.0008552570244531912
37 0.0005501358337682085
38 0.0004154409225752144
39 0.0004669230531596448
40 0.00031704184148447585
41 0.0002972464082328405
42 0.00024202637296919318
43 0.0002303430760029929
44 0.00022684997201871082
45 0.00026311573244723266
46 0.0002146886015464027
47 0.0002309067932267297
48 0.000310584830465312
49 0.0003553366479114793
50 0.0002377616024395392
51 0.0005446746827900355
52 0.00023099965494005026
53 0.0005889724524199959
54 0.00045648060913697485
55 0.0003696634489444148
56 0.0008224435286133259
57 0.00018354558770811467
58 0.0008858967827018194
59 0.00036793098797346696
60 0.0005668057058520037
61 0.0008279058950425228
62 0.0002056742114596153
63 0.0009757952973497444
64 0.00021808221614667204
65 0.0006945145065789713
66 0.0005711001766977409
67 0.0002452206944300098
68 0.0007788131015801955
69 0.00011392211539970518
70 0.0006068819036453794
71 0.0002890972707997953
72 0.00029074451309621277
73 0.00046213421432489193
74 9.638608370732176e-05
75 0.00039612733271650926
76 0.0001373145249632282
77 0.00021546813419969134
78 0.000187777826004877
79 0.00010323903180032846
80 0.0001591172336317236
81 8.296386507856495e-05
82 9.639672077184643e-05
83 6.842871728643758e-05
84 8.507487384161528e-05
85 4.079837380528014e-05
86 7.68134341756987e-05
87 5.055748969597069e-05
88 6.979962765424081e-05
89 6.885532286424316e-05
90 6.319377284821961e-05
91 8.284697202089098e-05
92 0.00010510491946262912
93 7.891987448746369e-05
94 0.00011793299491339262
95 0.0001343566752724545
96 8.204480827656351e-05
97 0.00021145145167550898
98 7.659659681464651e-05
99 0.00022548412771313024
100 0.00015768929969069858
101 0.00013250044826376811
102 0.000299362942238335
103 6.857277130527748e-05
104 0.0003208209286807346
105 0.00013123001586653872
106 0.00019989318909852238
107 0.000273434398842857
108 6.699186410407688e-05
109 0.00032628034427547464
110 7.768007609767601e-05
111 0.00022506165884172565
112 0.00018777965703944727
113 9.608991028919543e-05
114 0.0002510252961313638
115 6.261420229157028e-05
116 0.00019580810271612804
117 0.00010323221316065187
118 0.00010525849236961017
119 0.00013884628847244112
120 6.403923091455557e-05
121 0.00012334591166913476
122 6.6333828835529e-05
123 8.295267914678406e-05
124 7.425214883777291e-05
125 7.576238789280349e-05
126 6.087846711951914e-05
127 6.617999277768187e-05
128 5.950982818585384e-05
129 5.886058992435915e-05
130 6.433584633949363e-05
131 4.323557461389303e-05
132 5.954023348534609e-05
133 5.017829597297796e-05
134 5.682177700058759e-05
135 5.708090207740872e-05
136 6.840090855308164e-05
137 4.974370066151745e-05
138 9.027553311938437e-05
139 5.33735962863263e-05
140 8.239284083350525e-05
141 9.316405449036588e-05
142 4.533526009161979e-05
143 0.00013747668844989465
144 3.3190336244009306e-05
145 0.0001287941254211896
146 8.878452611257901e-05
147 6.595712929930106e-05
148 0.00016119626594472697
149 2.5801139568891745e-05
150 0.00016531935391389847
151 6.523785339914576e-05
152 9.75723455800989e-05
153 0.00013277524866284784
154 3.032893518978474e-05
155 0.0001556598357931201
156 3.676338982598315e-05
157 0.0001029675223121033
158 8.85961987300615e-05
159 4.744473918032216e-05
160 0.00010654125223438343
161 3.615309706698335e-05
162 8.203661862821238e-05
163 5.330269230674946e-05
164 5.2099608532990766e-05
165 5.726043367233824e-05
166 4.975723664078002e-05
167 4.785515575544547e-05
168 4.937162008072362e-05
169 4.450588902990828e-05
170 3.302547191128707e-05
171 5.3425740116878345e-05
172 2.3862670606404547e-05
173 5.467618323412109e-05
174 3.4345782120505036e-05
175 3.668404865785109e-05
176 5.1628156123451076e-05
177 3.269193157060643e-05
178 5.551214331411929e-05
179 4.130034502109033e-05
180 4.42832731939986e-05
181 4.94070239279191e-05
182 5.056929223488501e-05
183 4.425791902815734e-05
184 6.731686022346954e-05
185 4.233989791575572e-05
186 6.22694092267831e-05
187 6.303608645151023e-05
188 4.2191572939052914e-05
189 8.996750332415898e-05
190 2.803105451011241e-05
191 8.300631361357886e-05
192 5.447143962893169e-05
193 4.839029793557145e-05
194 9.170778758091514e-05
195 2.2219132486426833e-05
196 9.293897739371144e-05
197 3.921476455275723e-05
198 6.019050220268862e-05
199 7.326685983716123e-05
200 3.111420405023411e-05
201 7.931240005197205e-05
202 3.0137319336473026e-05
203 5.848040141307466e-05
204 4.84387613378012e-05
205 4.0367431639610964e-05
206 5.193316404030991e-05
207 3.770139719165836e-05
208 4.288088660699442e-05
209 3.862456873285168e-05
210 4.1793724920120884e-05
211 3.2340496577091626e-05
212 4.884918933174324e-05
213 2.4542013502370242e-05
214 4.817611427756212e-05
215 3.707318118711004e-05
216 3.0495476856401237e-05
217 5.15593310250737e-05
218 1.787343438065622e-05
219 5.211215454709309e-05
220 2.655715541080493e-05
221 3.676240571669125e-05
222 4.273972490041211e-05
223 2.5415284774679576e-05
224 4.738342132420138e-05
225 2.9584550536344425e-05
226 3.987065343405777e-05
227 3.650161802685384e-05
228 3.7791017357574536e-05
229 3.4669633575947006e-05
230 4.312485545411038e-05
231 3.367971750457459e-05
232 3.944625866648061e-05
233 4.333509094207999e-05
234 2.8070467863348555e-05
235 5.370039553801708e-05
236 2.6345121050513776e-05
237 4.935791310685145e-05
238 3.647045620235422e-05
239 3.128077837628311e-05
240 5.1694921097636264e-05
241 2.2778923024437042e-05
242 5.170183462516596e-05
243 2.6946793902879258e-05
244 3.5962241745380006e-05
245 4.028434150823116e-05
246 2.5946547787344868e-05
247 4.0834063529894896e-05
248 2.7427080912785332e-05
249 3.472287692128127e-05
250 3.0039681784129683e-05
251 3.313588607908369e-05
252 2.8464308170605764e-05
253 3.561786734933472e-05
254 2.769333432742271e-05
255 3.229326608793036e-05
256 3.436591935612529e-05
257 2.1792674315426722e-05
258 4.208455478377359e-05
259 1.9849191202827486e-05
260 3.871622872333224e-05
261 3.03862180650632e-05
262 2.7143016593313503e-05
263 4.25600037854277e-05
264 1.9305136022481597e-05
265 3.943358884137558e-05
266 2.5495292175312128e-05
267 2.9824368493016497e-05
268 3.368460474323184e-05
269 2.4831525182414863e-05
270 3.180733877755592e-05
271 2.7151403923773936e-05
272 2.74914197234012e-05
273 2.7420373113584057e-05
274 2.8943027126256882e-05
275 2.2397426702114725e-05
276 3.261589505561121e-05
277 2.0472575160599825e-05
278 2.9759560368706143e-05
279 2.7246747332325628e-05
280 1.8810288835023994e-05
281 3.393565240788336e-05
282 1.430193059007951e-05
283 3.275751836243283e-05
284 2.035395563564884e-05
285 2.297574277436771e-05
286 2.9860856647567093e-05
287 1.6517336696156115e-05
288 3.246351492719822e-05
289 1.887751834264858e-05
290 2.7941606588135514e-05
291 2.410810511598452e-05
292 2.4847826843417452e-05
293 2.5502459462999898e-05
294 2.460708196062205e-05
295 2.7486083147921624e-05
296 2.372253381102453e-05
297 3.333453899814196e-05
298 2.1485597252426557e-05
299 3.6372750043530414e-05
300 2.4105277675628314e-05
301 2.9105949088803343e-05
302 3.30245840000096e-05
303 2.0390487678392365e-05
304 4.049495877479358e-05
305 2.059914939506103e-05
306 3.473168591097532e-05
307 2.9422832207498606e-05
308 2.5095016880247084e-05
309 3.597978445951744e-05
310 2.305600590036569e-05
311 3.5410180764328034e-05
312 2.6154806326113437e-05
313 2.857886806615465e-05
314 2.816766337541473e-05
315 2.404453433729872e-05
316 2.5522930034919395e-05
317 2.4997743751951307e-05
318 2.2709194253530717e-05
319 2.103585770516737e-05
320 2.464405479013569e-05
321 1.7109521447925995e-05
322 2.563494886573712e-05
323 1.7119612404427184e-05
324 2.2071289759282763e-05
325 2.1801253166293217e-05
326 1.5810718678609648e-05
327 2.5852546772579266e-05
328 1.4703625988798774e-05
329 2.4140827625375502e-05
330 1.98524883147511e-05
331 1.881018525098614e-05
332 2.294766627976271e-05
333 1.818943872096058e-05
334 2.1337492809629844e-05
335 2.141442951708947e-05
336 2.1569584246414885e-05
337 2.1677157399605532e-05
338 2.548309476022676e-05
339 1.9220459090444773e-05
340 2.9145048184840686e-05
341 1.9797008726518674e-05
342 2.3902020348766725e-05
343 2.7285308813640848e-05
344 1.602181875866279e-05
345 3.3703630551997605e-05
346 1.4466062104763862e-05
347 2.7279105071144697e-05
348 2.39985187936068e-05
349 1.7565667860443634e-05
350 3.314745679071437e-05
351 1.5105370214117578e-05
352 3.054644061699463e-05
353 1.9500120864621235e-05
354 2.010889806599115e-05
355 2.4240737328216164e-05
356 1.5506598138843512e-05
357 2.5839728069622448e-05
358 1.6071769151613052e-05
359 1.91336824520832e-05
360 1.8118199275025163e-05
361 1.6988844206630404e-05
362 1.754882348540053e-05
363 1.882856278870859e-05
364 1.6524848297284972e-05
365 1.6335110020521463e-05
366 1.694641243500359e-05
367 1.4203956361469494e-05
368 1.9809473789265426e-05
369 1.3425326235903781e-05
370 2.008908254126987e-05
371 1.5970264528864475e-05
372 1.7564630914023817e-05
373 1.885743136216202e-05
374 1.5774511286890845e-05
375 2.1243114422764263e-05
376 1.5368649240917784e-05
377 2.2350815241759365e-05
378 1.6281245577604597e-05
379 2.4103159594741603e-05
380 1.845908885602092e-05
381 2.0978816826454353e-05
382 2.525973257251286e-05
383 1.533581963344178e-05
384 3.216835879495098e-05
385 1.5231742057159128e-05
386 2.9625806607775027e-05
387 2.357859374943017e-05
388 2.050726278548287e-05
389 3.368053250389444e-05
390 1.4252511618786063e-05
391 3.6160120727491466e-05
392 1.8702133718431142e-05
393 2.7314747616625962e-05
394 2.9958377321300293e-05
395 1.6833865802624103e-05
396 3.465327548665019e-05
397 1.4669221127900443e-05
398 2.7569935968398275e-05
399 2.146282797001746e-05
400 1.979125534920034e-05
401 2.7278050450068502e-05
402 1.4289896682601512e-05
403 2.3991866124865477e-05
404 1.6286332008071222e-05
405 1.8440095390052515e-05
406 1.8422499751796638e-05
407 1.4301174803930468e-05
408 1.7138865020824546e-05
409 1.4439045192972647e-05
410 1.4805976691713164e-05
411 1.5536164456501167e-05
412 1.4899113767183848e-05
413 1.3717824290690013e-05
414 1.5644263878633006e-05
415 1.299525847107636e-05
416 1.5518073731678098e-05
417 1.4770198544505141e-05
418 1.4393279334775635e-05
419 1.5117740425862933e-05
420 1.6003391915254477e-05
421 1.631681480324661e-05
422 1.652480051431803e-05
423 1.8383605718192787e-05
424 1.44377332216327e-05
425 2.115502416972204e-05
426 1.551806517649248e-05
427 2.0720999135528098e-05
428 1.995425035656201e-05
429 1.588399411153016e-05
430 2.556035244807719e-05
431 1.3538089279676259e-05
432 2.43300590227217e-05
433 1.824919316382948e-05
434 1.8785897840859e-05
435 2.468089883142293e-05
436 1.4026396759036904e-05
437 2.6213156477892734e-05
438 1.5587921790439357e-05
439 2.1195777760873334e-05
440 1.9891780292596263e-05
441 1.5027223844617159e-05
442 2.236433107165455e-05
443 1.3074122794950083e-05
444 2.0155093102278283e-05
445 1.5247648700917733e-05
446 1.565183819140372e-05
447 1.689610401051105e-05
448 1.2989767120090258e-05
449 1.625943028189327e-05
450 1.2566640214377653e-05
451 1.412321113230118e-05
452 1.2731460109126853e-05
453 1.3484552531680623e-05
454 1.3106642078548712e-05
455 1.240682268274282e-05
456 1.253609330658765e-05
457 1.0944541828789945e-05
458 1.2277429811566354e-05
459 1.2434629873116379e-05
460 1.2315862917361205e-05
461 1.3850551901504718e-05
462 1.3085537194531475e-05
463 1.401102317950633e-05
464 1.631257923572254e-05
465 1.3455072434449796e-05
466 1.8862880543216033e-05
467 1.5441684246099356e-05
468 1.8195898542328854e-05
469 1.9964438621665468e-05
470 1.6059719091466592e-05
471 2.4777074776617197e-05
472 1.6448433820950618e-05
473 2.3705736886580174e-05
474 1.9727149364053863e-05
475 1.780175042651396e-05
476 2.608123408516902e-05
477 1.4935767142198024e-05
478 2.555154165995866e-05
479 1.763762475858371e-05
480 2.0475482058617433e-05
481 2.3628843661775767e-05
482 1.5465298950092087e-05
483 2.553531943479886e-05
484 1.568228699266236e-05
485 1.9337611992927043e-05
486 1.7851796952199114e-05
487 1.3507588516354107e-05
488 1.8249157024382972e-05
489 1.3412975469647098e-05
490 1.6459804479960505e-05
491 1.445130353127797e-05
492 1.3837055769877653e-05
493 1.5097110877378496e-05
494 1.3213995284106831e-05
495 1.3306627950490328e-05
496 1.3459400860387308e-05
497 1.2212685560171828e-05
498 1.2697460998656116e-05
499 1.2054697496287876e-05
500 1.2166115446907593e-05
501 1.2429160243298713e-05
502 1.1783496488831576e-05
503 1.3109503966859551e-05
504 1.1494170472113546e-05
505 1.4612280530963473e-05
506 1.2098834404359067e-05
507 1.5730609197295125e-05
508 1.4264586599300017e-05
509 1.4481879845612468e-05
510 1.969610647085909e-05
511 1.2419627773339937e-05
512 2.3088869916486573e-05
513 1.5110720852260691e-05
514 1.8846240589449722e-05
515 2.149246426639998e-05
516 1.3655254925233384e-05
517 2.6380061450792254e-05
518 1.3466919132057344e-05
519 2.4185658173714175e-05
520 2.0253953938351875e-05
521 1.7786561852837495e-05
522 2.691714896382233e-05
523 1.2213064625449499e-05
524 2.5395122803140144e-05
525 1.6079182928680687e-05
526 1.9213607878792693e-05
527 2.2477998024331965e-05
528 1.3608095379121363e-05
529 2.356598918506496e-05
530 1.4025254228339913e-05
531 1.9380574873672517e-05
532 1.7441903651349483e-05
533 1.3907949688063173e-05
534 1.8626139660048098e-05
535 1.3478429720891417e-05
536 1.6243498331072527e-05
537 1.4854583376386676e-05
538 1.4617251590517085e-05
539 1.650287358077606e-05
540 1.5134245226005319e-05
541 1.3959884673349546e-05
542 1.4337900723204307e-05
543 1.3008776941659053e-05
544 1.3481308398809848e-05
545 1.3238439385633435e-05
546 1.337403601361661e-05
547 1.3295710869526666e-05
548 1.370083303330521e-05
549 1.4592775932812792e-05
550 1.3501663024642667e-05
551 1.7826989870893944e-05
552 1.2927152416707324e-05
553 1.8118752400460486e-05
554 1.6384107212430344e-05
555 1.5054172820621819e-05
556 2.0441782589486734e-05
557 1.2121489493153995e-05
558 2.3106034038973506e-05
559 1.4546986854126882e-05
560 1.898945297162881e-05
561 2.1978731216095854e-05
562 1.3020344246773622e-05
563 2.5790825953234896e-05
564 1.285292809902489e-05
565 2.303897348997223e-05
566 1.9659010267166704e-05
567 1.608551820895761e-05
568 2.51922183099783e-05
569 1.178858935744448e-05
570 2.362649683155664e-05
571 1.567604151712984e-05
572 1.7402619784558935e-05
573 2.1219938890327167e-05
574 1.3157723182333262e-05
575 2.0800225453726544e-05
576 1.3840086185185168e-05
577 1.7819799054306127e-05
578 1.680385512762664e-05
579 1.4794793800863094e-05
580 1.8009043036135134e-05
581 1.3718188058718869e-05
582 1.5424278894319938e-05
583 1.3968441097183989e-05
584 1.2923364474761922e-05
585 1.416066878659805e-05
586 1.3833268475250886e-05
587 1.3289055042969358e-05
588 1.3388854088758044e-05
589 1.215711432071204e-05
590 1.3750321668522853e-05
591 1.2879639440149615e-05
592 1.3013256579034778e-05
593 1.3859911227301474e-05
594 1.3690023990443154e-05
595 1.5308549397929724e-05
596 1.3354705874851381e-05
597 1.6385359977126822e-05
598 1.451220608158189e-05
599 1.7747607818562332e-05
600 1.6916254700330063e-05
601 1.5391579448893336e-05
602 1.8782916785594076e-05
603 1.3445458035816689e-05
604 1.9960442606593207e-05
605 1.4674711069050597e-05
606 1.6735430684189363e-05
607 1.8449866572327245e-05
608 1.3115734163366892e-05
609 2.0142728151562054e-05
610 1.3620599664870631e-05
611 1.8829708300796266e-05
612 1.647493013825432e-05
613 1.5381026109629064e-05
614 1.898201931844065e-05
615 1.3021877211898804e-05
616 1.8067643029026522e-05
617 1.404300057898565e-05
618 1.6221454016443706e-05
619 1.5267520309002736e-05
620 1.3832555457031567e-05
621 1.6652183603242272e-05
622 1.294146883680767e-05
623 1.6068930663489093e-05
624 1.4428242003871903e-05
625 1.4423542403306218e-05
626 1.4044262819581322e-05
627 1.3740416044097344e-05
628 1.3710550149046401e-05
629 1.2668273155890954e-05
630 1.3512373919672359e-05
631 1.1666986612987785e-05
632 1.3408824214344264e-05
633 1.2921375920174677e-05
634 1.2646703210599554e-05
635 1.4452356379887941e-05
636 1.359186482316895e-05
637 1.3434704616502986e-05
638 1.4584014410191473e-05
639 1.3424574157969318e-05
640 1.584021356924401e-05
641 1.55188331991756e-05
642 1.5719850569878412e-05
643 1.8758201654761786e-05
644 1.4099921393321686e-05
645 1.9691190082856158e-05
646 1.7064523315089204e-05
647 1.6802676216778396e-05
648 2.037953063989764e-05
649 1.377940882440169e-05
650 2.0002543866141128e-05
651 1.4723166155181127e-05
652 1.6356421912181855e-05
653 1.8392842477949697e-05
654 1.3426399088847788e-05
655 1.9089257461378727e-05
656 1.3697071871491243e-05
657 1.6316789081160213e-05
658 1.678363221504212e-05
659 1.4186389173942963e-05
660 1.7342664117850287e-05
661 1.5261859676119478e-05
662 1.6218117520394223e-05
663 1.632285797033559e-05
664 1.4903618948961824e-05
665 1.5226432318284134e-05
666 1.625899674767603e-05
667 1.4400598109730013e-05
668 1.5804462556668274e-05
669 1.577311758864424e-05
670 1.5549743169685147e-05
671 1.670621327965663e-05
672 1.514060032631304e-05
673 1.6609826804224996e-05
674 1.5037107660755984e-05
675 1.6044939211483926e-05
676 1.603818124974924e-05
677 1.5131696973995636e-05
678 1.5912680745442587e-05
679 1.5723511058047184e-05
680 1.6490627390367492e-05
681 1.671391266933823e-05
682 1.623247131036213e-05
683 1.53771553593856e-05
684 1.7250579927791843e-05
685 1.400362074509336e-05
686 1.6897767988877748e-05
687 1.5550574404904763e-05
688 1.4820032770480542e-05
689 1.924894007882067e-05
690 1.299126778555655e-05
691 1.897523541948283e-05
692 1.4988255652907182e-05
693 1.542592452234908e-05
694 1.8801775335026987e-05
695 1.2548388130202185e-05
696 1.9048951966271885e-05
697 1.404938174450406e-05
698 1.7047673458514444e-05
699 1.743680699731973e-05
700 1.4629582449924512e-05
701 1.905161865843298e-05
702 1.5296757871048145e-05
703 1.8299034762886528e-05
704 1.6542654426971898e-05
705 1.6200805779804233e-05
706 1.614456875402128e-05
707 1.468288152171046e-05
708 1.5250373994409702e-05
709 1.5017821461502453e-05
710 1.5375742783134548e-05
711 1.4072828417260155e-05
712 1.5445569071274724e-05
713 1.325588083266836e-05
714 1.5563092564542728e-05
715 1.4405540214300278e-05
716 1.3953288640762764e-05
717 1.5433855568690743e-05
718 1.3051202801897247e-05
719 1.5902725648020433e-05
720 1.3845850096853334e-05
721 1.556787883289105e-05
722 1.5359133239780296e-05
723 1.4532110571409944e-05
724 1.575817257971816e-05
725 1.5093217330551678e-05
726 1.6014287553007843e-05
727 1.5475658266831042e-05
728 1.6612481143556762e-05
729 1.5469045487839858e-05
730 1.7409534518257203e-05
731 1.5021552261496888e-05
732 1.65954396630596e-05
733 1.708086095972856e-05
734 1.4568257521830417e-05
735 1.811799441058814e-05
736 1.3657666323725674e-05
737 1.7169559875644646e-05
738 1.4790063247517433e-05
739 1.5138976749283107e-05
740 1.7806028802075645e-05
741 1.3392290129358357e-05
742 1.865049943617265e-05
743 1.4785892679694421e-05
744 1.6365871880415792e-05
745 1.6363005552170942e-05
746 1.4055482863365887e-05
747 1.695544373002001e-05
748 1.4667338701807673e-05
749 1.660940351246281e-05
750 1.6058738588840052e-05
751 1.6440946479863273e-05
752 1.6398246925529043e-05
753 1.659804936489702e-05
754 1.53468849428569e-05
755 1.5377762013049383e-05
756 1.5682374252046752e-05
757 1.4415632427001493e-05
758 1.6229682105997915e-05
759 1.3611326169294668e-05
760 1.6378272442005006e-05
761 1.4208910147634495e-05
762 1.5504957576841537e-05
763 1.746856351457807e-05
764 1.3416739963727694e-05
765 1.7698454367338712e-05
766 1.4216794589008158e-05
767 1.5465652621057515e-05
768 1.5570664399053604e-05
769 1.3694694785471797e-05
770 1.6797442387883808e-05
771 1.4378071947090211e-05
772 1.575391328220568e-05
773 1.4783257420744052e-05
774 1.4124925127958954e-05
775 1.4905565933370083e-05
776 1.4004493656593974e-05
777 1.3859173368486753e-05
778 1.459700179261639e-05
779 1.4355418006834191e-05
780 1.4474314810725144e-05
781 1.5528350724754433e-05
782 1.369470250909259e-05
783 1.482764543174262e-05
784 1.3527836867335452e-05
785 1.3309757471918984e-05
786 1.4074234956425366e-05
787 1.3427175721355603e-05
788 1.5092297957641513e-05
789 1.4956171702608832e-05
790 1.563725457902289e-05
791 1.530667028713053e-05
792 1.5658414291816603e-05
793 1.5495614456671647e-05
794 1.6120692970118647e-05
795 1.569330240188871e-05
796 1.5481955992041202e-05
797 1.535936718473247e-05
798 1.4086987719863436e-05
799 1.624555226801521e-05
800 1.3650651543650657e-05
801 1.5442565947050267e-05
802 1.4524588153164125e-05
803 1.3469504210257824e-05
804 1.5864628309913645e-05
805 1.2955757343750845e-05
806 1.582112313320837e-05
807 1.37634706580428e-05
808 1.4894269068281394e-05
809 1.5674995874704e-05
810 1.3560916906239545e-05
811 1.60899834549182e-05
812 1.3935552811744777e-05
813 1.5293720027689633e-05
814 1.4661561960430986e-05
815 1.4662757327499152e-05
816 1.5569172773032978e-05
817 1.4900089421013674e-05
818 1.5311095856004804e-05
819 1.5526659362584457e-05
820 1.6066540366030735e-05
821 1.5221033950253323e-05
822 1.623072717987812e-05
823 1.4172018819347182e-05
824 1.5374031470205692e-05
825 1.483321355147486e-05
826 1.4160097799073263e-05
827 1.6179942481889206e-05
828 1.3509581753206413e-05
829 1.531434880861304e-05
830 1.3813385471394597e-05
831 1.3922759117301232e-05
832 1.4682127982052528e-05
833 1.3458312311721854e-05
834 1.5131001887085133e-05
835 1.4264216501410786e-05
836 1.5126198612765336e-05
837 1.5306554902146258e-05
838 1.497004333737693e-05
839 1.495227580844215e-05
840 1.553404165780805e-05
841 1.4532419265438608e-05
842 1.563541452706626e-05
843 1.580351257736877e-05
844 1.5074275925864646e-05
845 1.7418270094365796e-05
846 1.4710617843582844e-05
847 1.727117650751579e-05
848 1.5823317825990116e-05
849 1.4990037115978204e-05
850 1.7140213510293177e-05
851 1.4125683033641876e-05
852 1.7374610425697006e-05
853 1.4986828663399527e-05
854 1.5580302675126112e-05
855 1.623841390763449e-05
856 1.4274594905707466e-05
857 1.6801674607500925e-05
858 1.4791872697990043e-05
859 1.619239352610219e-05
860 1.605800526956401e-05
861 1.5210101908104214e-05
862 1.629889930000596e-05
863 1.5018596604204491e-05
864 1.4590165598278248e-05
865 1.5687288230108506e-05
866 1.4754708594514285e-05
867 1.3979760177619624e-05
868 1.5768641574027102e-05
869 1.4407761889329508e-05
870 1.4656382191273987e-05
871 1.3811910252848765e-05
872 1.3428247097437378e-05
873 1.4154876512877938e-05
874 1.3331048854204677e-05
875 1.4625890704996684e-05
876 1.4223094046011892e-05
877 1.4636685712385514e-05
878 1.4701742319714585e-05
879 1.4672665767229893e-05
880 1.4478544649234231e-05
881 1.4980478517927284e-05
882 1.484138114564019e-05
883 1.5425135238081705e-05
884 1.6397334952894945e-05
885 1.4558557248680173e-05
886 1.650532521479063e-05
887 1.4561728323762665e-05
888 1.5755994897794564e-05
889 1.5563063363071104e-05
890 1.3770897570592783e-05
891 1.7131830485604998e-05
892 1.3476239639935675e-05
893 1.586520039569846e-05
894 1.4983086295101919e-05
895 1.3585147451764584e-05
896 1.6111809201025928e-05
897 1.2976605825224555e-05
898 1.482614750242295e-05
899 1.3817681128208065e-05
900 1.3958514180964944e-05
901 1.512812824542967e-05
902 1.4042858128050117e-05
903 1.4838178080693647e-05
904 1.4328818345170813e-05
905 1.3478625088385803e-05
906 1.3001845368964404e-05
907 1.3536654698268611e-05
908 1.2675573597522939e-05
909 1.3620936971650205e-05
910 1.3835424631030373e-05
911 1.3562678828966285e-05
912 1.4290016472677432e-05
913 1.3453250236238345e-05
914 1.3429999253836288e-05
915 1.3207869413175361e-05
916 1.2855824096302044e-05
917 1.2643212215659192e-05
918 1.2739661758811875e-05
919 1.2639539663010042e-05
920 1.3994846158740318e-05
921 1.3341338224831971e-05
922 1.4471388673954679e-05
923 1.4298867513257008e-05
924 1.3078908886684704e-05
925 1.6065344115141634e-05
926 1.4657931692302354e-05
927 1.829018194494127e-05
928 1.6627405604293857e-05
929 1.635045905235239e-05
930 1.7817593313694005e-05
931 1.3484148503027319e-05
932 1.846123139877688e-05
933 1.3923690600543632e-05
934 1.643533068743416e-05
935 1.716813293856608e-05
936 1.3506256166149483e-05
937 1.9256677719366527e-05
938 1.3549637714230837e-05
939 1.740773327024164e-05
940 1.566056923645155e-05
941 1.3464977895032859e-05
942 1.7423125441780646e-05
943 1.2657613922941453e-05
944 1.6606033891952894e-05
945 1.4227323259391775e-05
946 1.4012324422774678e-05
947 1.577568782119013e-05
948 1.3599831319750031e-05
949 1.580881731329806e-05
950 1.3893811972374036e-05
951 1.4149696944403191e-05
952 1.3797937808210564e-05
953 1.3853610264240288e-05
954 1.4424921265342023e-05
955 1.353983730918153e-05
956 1.46320618374101e-05
957 1.363746255684351e-05
958 1.3540677132188302e-05
959 1.3658816602682905e-05
960 1.3091610589462897e-05
961 1.3989245957511529e-05
962 1.3428388758730688e-05
963 1.393974201854777e-05
964 1.4290013965470821e-05
965 1.3771208034270988e-05
966 1.5095435637296236e-05
967 1.4174377950115246e-05
968 1.6166148794591934e-05
969 1.5068399450434229e-05
970 1.3898699495632732e-05
971 1.6279687372958866e-05
972 1.314885924369226e-05
973 1.5768801426957504e-05
974 1.4243240018854464e-05
975 1.4372162403795057e-05
976 1.6888481600335598e-05
977 1.3601761500755496e-05
978 1.6809917929653977e-05
979 1.4643990259009626e-05
980 1.5977502369695983e-05
981 1.606591955841182e-05
982 1.4381538556267992e-05
983 1.7621738397241493e-05
984 1.401820098681459e-05
985 1.604282688652739e-05
986 1.4964346948785397e-05
987 1.3756418018268255e-05
988 1.5808582710987534e-05
989 1.3389300877881449e-05
990 1.5033053241203106e-05
991 1.4429649451325804e-05
992 1.3699938649745943e-05
993 1.4482807060291675e-05
994 1.3058969148674806e-05
995 1.2687695848774068e-05
996 1.259867102717245e-05
997 1.2146050180277946e-05
998 1.3252298831451273e-05
999 1.2711314176546296e-05
1000 1.2281157235042889e-05
1001 1.2878137096838733e-05
1002 1.1787298778175361e-05
1003 1.278938453639381e-05
1004 1.2485391515571438e-05
1005 1.2953238502042735e-05
1006 1.3288574281560183e-05
1007 1.3446019798439946e-05
1008 1.3958950798680422e-05
1009 1.3107314836265528e-05
1010 1.3592652110644155e-05
1011 1.255147821034618e-05
1012 1.4050954648988767e-05
1013 1.3470893014372473e-05
1014 1.432073026795759e-05
1015 1.4709765921174802e-05
1016 1.3584551027101403e-05
1017 1.5956865826253962e-05
1018 1.3104780410244957e-05
1019 1.508777011999833e-05
1020 1.4122660769696662e-05
1021 1.3958162704884107e-05
1022 1.6061891912981274e-05
1023 1.3217586615970688e-05
1024 1.665500500188406e-05
1025 1.466306387806709e-05
1026 1.5307735429354362e-05
1027 1.5579516212816438e-05
1028 1.3592965453365806e-05
1029 1.59526537766952e-05
1030 1.342957683679398e-05
1031 1.4701759627017625e-05
1032 1.4267301518416348e-05
1033 1.392385250353781e-05
1034 1.477863366533598e-05
1035 1.3661408812561659e-05
1036 1.4813691476466682e-05
1037 1.3573781309492888e-05
1038 1.3524762063622461e-05
1039 1.3606647130112953e-05
1040 1.2867366415440823e-05
1041 1.3127725131040877e-05
1042 1.2943164864015897e-05
1043 1.2885569910307888e-05
1044 1.345349409662734e-05
1045 1.3118629823574791e-05
1046 1.3219414316057162e-05
1047 1.3131441363023969e-05
1048 1.2650642883211681e-05
1049 1.3682752977090336e-05
1050 1.2952943419482571e-05
1051 1.325646279497854e-05
1052 1.3084524777861093e-05
1053 1.3564652747559113e-05
1054 1.3604005085421934e-05
1055 1.3510580446417535e-05
1056 1.4976036226102903e-05
1057 1.3478880053246962e-05
1058 1.5008549297040768e-05
1059 1.405923921137665e-05
1060 1.4193592882828648e-05
1061 1.4762106947027374e-05
1062 1.3569216419953422e-05
1063 1.5112249179269568e-05
1064 1.2962558333145468e-05
1065 1.5065510023646062e-05
1066 1.3848557571076454e-05
1067 1.3478748656107137e-05
1068 1.5404932984473262e-05
1069 1.2963887881784074e-05
1070 1.5174982665274297e-05
1071 1.3198266299444425e-05
1072 1.3505690218027237e-05
1073 1.3955532423157443e-05
1074 1.2871460824453432e-05
1075 1.4706969803915762e-05
1076 1.2675181279833534e-05
1077 1.3776176304530477e-05
1078 1.3535997786909867e-05
1079 1.280712096274311e-05
1080 1.3927544795768964e-05
1081 1.2681009642984822e-05
1082 1.2922433186702181e-05
1083 1.3281140128845888e-05
1084 1.2503092540061951e-05
1085 1.2816617299225617e-05
1086 1.3064372476502677e-05
1087 1.2323704394512073e-05
1088 1.2939265681157919e-05
1089 1.2678048919588984e-05
1090 1.2468225959701987e-05
1091 1.3069977026232664e-05
1092 1.2886130170913963e-05
1093 1.2965760387223093e-05
1094 1.283150525937556e-05
1095 1.2465115719443605e-05
1096 1.3001230007306619e-05
1097 1.3508780295058442e-05
1098 1.3377754585307483e-05
1099 1.482920825573332e-05
1100 1.4100114693002429e-05
1101 1.3948267866704958e-05
1102 1.3661985901234433e-05
1103 1.3137221576807656e-05
1104 1.451442146298319e-05
1105 1.3052193584306086e-05
1106 1.4823498581623929e-05
1107 1.3523818568165893e-05
1108 1.3567223329071796e-05
1109 1.5434993621800366e-05
1110 1.332002582959989e-05
1111 1.586647893228066e-05
1112 1.4286764075938272e-05
1113 1.4563022557022645e-05
1114 1.454035015794664e-05
1115 1.2830581941004099e-05
1116 1.4929327833247322e-05
1117 1.3420417376674973e-05
1118 1.4244606230739754e-05
1119 1.3506867148402973e-05
1120 1.3348349508756324e-05
1121 1.4005360428477222e-05
1122 1.307248238423378e-05
1123 1.3973249000733374e-05
1124 1.342570726071516e-05
1125 1.3868568832809589e-05
1126 1.3963491284419928e-05
1127 1.3857496029155162e-05
1128 1.3363178310774775e-05
1129 1.4011515417298033e-05
1130 1.3492142093379037e-05
1131 1.2724670396386967e-05
1132 1.4233363647269045e-05
1133 1.2803172182093605e-05
1134 1.355383777580101e-05
1135 1.3970033160757064e-05
1136 1.3494208719515028e-05
1137 1.3952226924953676e-05
1138 1.3327080407506299e-05
1139 1.3847083616475527e-05
1140 1.3722872275663905e-05
1141 1.382244820312366e-05
1142 1.4031203844367814e-05
1143 1.3701395240428444e-05
1144 1.3833730086761009e-05
1145 1.375973716620577e-05
1146 1.3322066240710366e-05
1147 1.4404637614176006e-05
1148 1.3698689975771154e-05
1149 1.371675631965619e-05
1150 1.4511969794381204e-05
1151 1.2700566839753934e-05
1152 1.4327771270567337e-05
1153 1.3021187957965999e-05
1154 1.3295042950560086e-05
1155 1.451733387536067e-05
1156 1.2728419095606395e-05
1157 1.4709030926340235e-05
1158 1.3376995321219592e-05
1159 1.3688903092708663e-05
1160 1.3308070504503388e-05
1161 1.2368223954858208e-05
1162 1.3668358565054232e-05
1163 1.1975993074072898e-05
1164 1.2971204130793266e-05
1165 1.2462715184381467e-05
1166 1.22431223574772e-05
1167 1.2985419098692291e-05
1168 1.208396123007105e-05
1169 1.2373568825022422e-05
1170 1.2327377942936813e-05
1171 1.2366792235999976e-05
1172 1.2361659333645631e-05
1173 1.2668773598511798e-05
1174 1.2767906272360708e-05
1175 1.3134504644246604e-05
1176 1.2605327669479287e-05
1177 1.2524573195922466e-05
1178 1.3058677712773297e-05
1179 1.2498367935897839e-05
1180 1.278196663391109e-05
1181 1.2667259720824702e-05
1182 1.2329837718523676e-05
1183 1.2267582566106207e-05
1184 1.2640468648371911e-05
1185 1.2099400780364193e-05
1186 1.2488241172989548e-05
1187 1.2978095036576285e-05
1188 1.288097901141704e-05
1189 1.3128327261658676e-05
1190 1.211167871291728e-05
1191 1.3018919740254856e-05
1192 1.2248865787556066e-05
1193 1.2523360036889837e-05
1194 1.2951087630723102e-05
1195 1.2016575048080064e-05
1196 1.344127537639154e-05
1197 1.2563124016437568e-05
1198 1.3201705244575105e-05
1199 1.2960279655785603e-05
1200 1.2729512474073292e-05
1201 1.3464265406355547e-05
1202 1.2381280946787702e-05
1203 1.3125636572975153e-05
1204 1.26561084529151e-05
1205 1.2680827551584897e-05
1206 1.2895217141455544e-05
1207 1.2475583348926872e-05
1208 1.2705088881462121e-05
1209 1.272683236375709e-05
1210 1.2513305519806603e-05
1211 1.2976540225515393e-05
1212 1.2979158705493726e-05
1213 1.2659878946680492e-05
1214 1.3651033993667026e-05
1215 1.2383979404972071e-05
1216 1.323406036778572e-05
1217 1.3069302796248327e-05
1218 1.258095644112842e-05
1219 1.4058626047258278e-05
1220 1.2510388505741953e-05
1221 1.3621852924175542e-05
1222 1.2831120224393857e-05
1223 1.2664569038042466e-05
1224 1.3579969832331922e-05
1225 1.2766584637000884e-05
1226 1.4125901634658591e-05
1227 1.3494051405958642e-05
1228 1.3539721075433193e-05
1229 1.3355790796961095e-05
1230 1.318126934349346e-05
1231 1.3538775183620112e-05
1232 1.3377779307384533e-05
1233 1.3183793817840943e-05
1234 1.270163732629912e-05
1235 1.2855893250631817e-05
1236 1.215043939935844e-05
1237 1.2762055406381845e-05
1238 1.2559624324599998e-05
1239 1.304840511340801e-05
1240 1.331259368108997e-05
1241 1.2809174933012588e-05
1242 1.3705134871462523e-05
1243 1.267700308108719e-05
1244 1.2867336018971324e-05
1245 1.2366817391329049e-05
1246 1.2005281185646366e-05
1247 1.2074172172048523e-05
1248 1.1657635493348864e-05
1249 1.200153733569357e-05
1250 1.1852717010153078e-05
1251 1.219037430497698e-05
1252 1.1474539902610575e-05
1253 1.1987576267761614e-05
1254 1.1709721127864848e-05
1255 1.1616323122605638e-05
1256 1.208647567243906e-05
1257 1.1516746169127645e-05
1258 1.2221252017021654e-05
1259 1.168803329977895e-05
1260 1.2081579391840237e-05
1261 1.175884035537997e-05
1262 1.1591786201523729e-05
1263 1.1753592947106677e-05
1264 1.111788001000763e-05
1265 1.179780260093633e-05
1266 1.1651013768059496e-05
1267 1.1894420998048346e-05
1268 1.160641116025418e-05
1269 1.1803193866239543e-05
1270 1.1737782132333095e-05
1271 1.1771354674367937e-05
1272 1.245090051587452e-05
1273 1.2008640260367387e-05
1274 1.25186186222456e-05
1275 1.2383972126767983e-05
1276 1.2103274610268797e-05
1277 1.2174989832737412e-05
1278 1.249675803777e-05
1279 1.1763076035672942e-05
1280 1.216259195084383e-05
1281 1.2650973414318669e-05
1282 1.1452583421103386e-05
1283 1.2712331628005116e-05
1284 1.188567338469737e-05
1285 1.1797037897258291e-05
1286 1.2191848950282618e-05
1287 1.1213834125009797e-05
1288 1.2147497787124531e-05
1289 1.1727493378694507e-05
1290 1.1879779606471797e-05
1291 1.2331520184574622e-05
1292 1.2229357870843573e-05
1293 1.2190451526572076e-05
1294 1.2336336360033727e-05
1295 1.2439641066060954e-05
1296 1.2358695822663618e-05
1297 1.2511174645562998e-05
1298 1.2548411696308208e-05
1299 1.2589658930702483e-05
1300 1.2219227778263442e-05
1301 1.2787410379119914e-05
1302 1.2214897086547469e-05
1303 1.2484149302939779e-05
1304 1.2458577840335188e-05
1305 1.1664168567411805e-05
1306 1.2129031443710373e-05
1307 1.113077752030957e-05
1308 1.2297200453926749e-05
1309 1.1698307415677685e-05
1310 1.1558943289545453e-05
1311 1.2545744729625629e-05
1312 1.1491725991412356e-05
1313 1.291726430481488e-05
1314 1.221244784020342e-05
1315 1.1950827451221097e-05
1316 1.2602407941660757e-05
1317 1.1876870479811152e-05
1318 1.2012289007433266e-05
1319 1.1865684038544324e-05
1320 1.1575765811366817e-05
1321 1.2111519066916375e-05
1322 1.2541899983289428e-05
1323 1.1926317884718982e-05
1324 1.2707486391370535e-05
1325 1.1853074282852406e-05
1326 1.165524771047988e-05
1327 1.2168048472962099e-05
1328 1.1331859727441992e-05
1329 1.2127740044236852e-05
1330 1.153299695744223e-05
1331 1.2108443466981824e-05
1332 1.2414028547094395e-05
1333 1.1923115431470842e-05
1334 1.216967445595125e-05
1335 1.200282053041883e-05
1336 1.2168179366816516e-05
1337 1.1787130233000427e-05
1338 1.1953738048491116e-05
1339 1.1714441811549109e-05
1340 1.2067277067538591e-05
1341 1.136806986795042e-05
1342 1.143001055407597e-05
1343 1.186641434123987e-05
1344 1.1187170458550556e-05
1345 1.2122583593924112e-05
1346 1.1286287560721686e-05
1347 1.2177392510161584e-05
1348 1.1857566762856863e-05
1349 1.1418788545167019e-05
1350 1.269065308097152e-05
1351 1.1489589442165795e-05
1352 1.2398976844697725e-05
1353 1.1767638874649538e-05
1354 1.1568092559455734e-05
1355 1.2441598886051194e-05
1356 1.1483635063452484e-05
1357 1.235663329219833e-05
1358 1.247442330950096e-05
1359 1.1758363412532931e-05
1360 1.2364082576524363e-05
1361 1.2246767784118348e-05
1362 1.1655609439260465e-05
1363 1.2074671316929672e-05
1364 1.1552725013358894e-05
1365 1.1800298602435002e-05
1366 1.183712633924987e-05
1367 1.159587949419968e-05
1368 1.1961230551457257e-05
1369 1.1232567013311514e-05
1370 1.156204861973661e-05
1371 1.1023363700020581e-05
1372 1.09638995539336e-05
1373 1.0865356178950188e-05
1374 1.12542889021072e-05
1375 1.1737982998420336e-05
1376 1.082994553180373e-05
1377 1.216715350987044e-05
1378 1.185336437791904e-05
1379 1.1696377374577601e-05
1380 1.1698547604382176e-05
1381 1.1558637718512576e-05
1382 1.1725359262186237e-05
1383 1.109898820838263e-05
1384 1.1655125326937358e-05
1385 1.1335253536885751e-05
1386 1.2267496440466795e-05
1387 1.1761537415094586e-05
1388 1.1968786473976249e-05
1389 1.1864245416891723e-05
1390 1.1124275769467712e-05
1391 1.2686987231216232e-05
1392 1.0700027170502103e-05
1393 1.2109550077013257e-05
1394 1.2200803161191429e-05
1395 1.085101890905535e-05
1396 1.2414469814790052e-05
1397 1.1052613288745799e-05
1398 1.2175735973096803e-05
1399 1.2151830465976038e-05
1400 1.1795582666725855e-05
1401 1.2383495949500541e-05
1402 1.1584572673834812e-05
1403 1.2101762922924181e-05
1404 1.143538647515677e-05
1405 1.162578495547132e-05
1406 1.1737976023211823e-05
1407 1.1217987537442437e-05
1408 1.1779280446592539e-05
1409 1.131734688254924e-05
1410 1.1187404907781068e-05
1411 1.1447871983024371e-05
1412 1.114445292879893e-05
1413 1.1396400319394948e-05
1414 1.1047908156926142e-05
1415 1.0910785956965216e-05
1416 1.1332390515804641e-05
1417 1.089738621897234e-05
1418 1.1034637335922752e-05
1419 1.130674905410832e-05
1420 1.1205319315231791e-05
1421 1.1240338729971068e-05
1422 1.1564866429261888e-05
1423 1.0808469304729332e-05
1424 1.1421568794444382e-05
1425 1.1679552455964687e-05
1426 1.0767175273213217e-05
1427 1.2547550806389772e-05
1428 1.1058505280947669e-05
1429 1.159455131656098e-05
1430 1.1851744297816036e-05
1431 1.089077375439158e-05
1432 1.2832292457613191e-05
1433 1.0724841965179852e-05
1434 1.2546861976586445e-05
1435 1.1422431621284519e-05
1436 1.0813615502933683e-05
1437 1.2733557724274002e-05
1438 9.943195675908781e-06
1439 1.2843954335508633e-05
1440 1.1280141267950053e-05
1441 1.137253448736202e-05
1442 1.2677625997707302e-05
1443 1.0586608121535824e-05
1444 1.2942565448567283e-05
1445 1.0933372545571498e-05
1446 1.1911681664124567e-05
1447 1.2053249608564903e-05
1448 1.0984366229880715e-05
1449 1.2809527245163014e-05
1450 1.0846524526539867e-05
1451 1.1634796037576709e-05
1452 1.1570636357556584e-05
1453 1.0676573282776821e-05
1454 1.10745253927805e-05
1455 1.0727661855864976e-05
1456 1.0927874112697e-05
1457 1.0586134244655426e-05
1458 1.081282671815856e-05
1459 1.0493268715397342e-05
1460 1.0611567687888582e-05
1461 1.0923019739004585e-05
1462 1.0412853554380206e-05
1463 1.0658470772708723e-05
1464 1.0402473701985492e-05
1465 1.0210876576578805e-05
1466 1.0541693223082529e-05
1467 1.0107668563264842e-05
1468 1.04399482077807e-05
1469 1.0623825478763893e-05
1470 1.0211791188772578e-05
1471 1.0643757007941614e-05
1472 1.0567814344515819e-05
1473 1.08967236637599e-05
1474 1.0864119674014598e-05
1475 1.0863853715994232e-05
1476 1.0947096720383874e-05
1477 1.0699631157356504e-05
1478 1.1100314339360046e-05
1479 1.0518938767060334e-05
1480 1.0960742628873384e-05
1481 1.1021532780854148e-05
1482 1.1018874531377889e-05
1483 1.1185335690500286e-05
1484 1.0603719500803758e-05
1485 1.1259545958677945e-05
1486 1.0551202903026496e-05
1487 1.0769071945594259e-05
1488 1.0988414042056271e-05
1489 1.0430550406561154e-05
1490 1.0860349994107895e-05
1491 1.0527176853699934e-05
1492 1.0886515536017778e-05
1493 1.0684377781869023e-05
1494 1.058526467408104e-05
1495 1.0987863423560884e-05
1496 1.084279162099794e-05
1497 1.071169708472064e-05
1498 1.0672102673115661e-05
1499 1.0893667831483172e-05
1500 1.038877613632273e-05
1501 1.0494766168192893e-05
1502 1.0419697197484957e-05
1503 9.895573485528872e-06
1504 1.0306306708876046e-05
1505 9.879533570642039e-06
1506 9.881868904552861e-06
1507 1.0157701647549314e-05
1508 9.650693476112061e-06
1509 1.0160710538266897e-05
1510 9.780923734258133e-06
1511 9.907978388255941e-06
1512 1.0362706433862413e-05
1513 9.75656440762287e-06
1514 1.074894252184739e-05
1515 1.0110727939251667e-05
1516 1.0243776952226034e-05
1517 1.0605257578370721e-05
1518 9.901603917307668e-06
1519 1.050910484399148e-05
1520 9.513468529560113e-06
1521 1.0303453806282726e-05
1522 9.862897497281614e-06
1523 9.918227783843383e-06
1524 1.0805338399679835e-05
1525 9.335469186099282e-06
1526 1.0678682609019836e-05
1527 9.740838146595905e-06
1528 9.664525294616786e-06
1529 1.0264372316780356e-05
1530 9.412734086744861e-06
1531 1.0575244599500345e-05
1532 1.0227223341489534e-05
1533 1.0683881973201951e-05
1534 1.0222895060035062e-05
1535 9.646562605334086e-06
1536 9.848534095211804e-06
1537 9.693705840147703e-06
1538 9.969718654090153e-06
1539 9.586638638008304e-06
1540 1.0274522273218525e-05
1541 9.828016945289076e-06
1542 9.793842451095117e-06
1543 9.88944687167176e-06
1544 9.468462992038115e-06
1545 1.00343158856613e-05
1546 9.495965826667701e-06
1547 9.88684153013219e-06
1548 1.0295996250473789e-05
1549 1.017458809491034e-05
1550 1.0602225657415003e-05
1551 1.0477592674560045e-05
1552 1.0348833310598076e-05
1553 1.0498852293440166e-05
1554 1.0038254982117093e-05
1555 1.0202169017849334e-05
1556 1.0581174249599051e-05
1557 1.0306025887460789e-05
1558 1.0796834257321929e-05
1559 1.0500222732195112e-05
1560 1.0663259830727646e-05
1561 1.0528742436416116e-05
1562 1.0271605244581687e-05
1563 1.0815726025997718e-05
1564 1.012051250235952e-05
1565 1.03890429897947e-05
1566 1.0408824344745935e-05
1567 1.0490370476869129e-05
1568 1.0330852011775889e-05
1569 1.0370362776679027e-05
1570 1.1142717348549361e-05
1571 1.0170211541825035e-05
1572 1.040221634978529e-05
1573 1.0337404323741818e-05
1574 1.0016292247036235e-05
1575 1.041789521673379e-05
1576 9.99887203454162e-06
1577 1.009943164412344e-05
1578 9.860427880292706e-06
1579 9.60387532795479e-06
1580 9.766333550747707e-06
1581 9.534849730054637e-06
1582 9.485347723998372e-06
1583 9.920742570409449e-06
1584 9.786945278140549e-06
1585 9.791495275864529e-06
1586 9.724970063145499e-06
1587 9.54046739702937e-06
1588 9.651868962587503e-06
1589 9.369515080690546e-06
1590 9.54005548365607e-06
1591 9.208790018973284e-06
1592 9.388937453780395e-06
1593 9.451518014250325e-06
1594 9.376782887552761e-06
1595 9.596380674651372e-06
1596 9.268606039320963e-06
1597 9.808931799789971e-06
1598 9.515887058624193e-06
1599 9.81788954775194e-06
1600 9.925978674289664e-06
1601 1.0036444037518667e-05
1602 1.041187256319686e-05
1603 9.87500755993664e-06
1604 1.061983036769121e-05
1605 1.0300386817799422e-05
1606 1.0417507794508006e-05
1607 1.0268335475773557e-05
1608 1.0267453018892248e-05
1609 1.0542762300546393e-05
1610 9.967657513454547e-06
1611 1.0733948831327498e-05
1612 9.718659092944966e-06
1613 1.0205405685373454e-05
1614 1.033395918126781e-05
1615 9.599564049558602e-06
1616 1.0589039556837648e-05
1617 9.739210369906482e-06
1618 1.0284521846620747e-05
1619 1.0371895421330869e-05
1620 9.922887019800739e-06
1621 1.0172211168779921e-05
1622 9.580242377372653e-06
1623 9.739504211325816e-06
1624 9.618905356378945e-06
1625 9.554538342609901e-06
1626 9.67595611534703e-06
1627 9.58084797662109e-06
1628 9.363224601498661e-06
1629 9.304639061649115e-06
1630 9.270997504651573e-06
1631 9.121376378473154e-06
1632 8.965503536184125e-06
1633 8.946916072947426e-06
1634 9.203545125992386e-06
1635 9.109193498014422e-06
1636 9.201125981440151e-06
1637 9.070129420065257e-06
1638 9.120245936646342e-06
1639 9.26829477424014e-06
1640 9.252194230598966e-06
1641 9.362437205162093e-06
1642 9.379021142922795e-06
1643 9.405196758790812e-06
1644 9.412597975372239e-06
1645 9.521040856945422e-06
1646 9.334606349607841e-06
1647 9.91322688920127e-06
1648 9.528629064204448e-06
1649 9.77611204414267e-06
1650 1.020444386071539e-05
1651 9.091699581947612e-06
1652 9.958182585144683e-06
1653 9.345131149580278e-06
1654 9.454369834077552e-06
1655 9.694793941989777e-06
1656 9.063516245718464e-06
1657 9.967689637964371e-06
1658 9.120784706538307e-06
1659 9.829009686338381e-06
1660 9.575654319710819e-06
1661 9.374096247601732e-06
1662 1.006259433689419e-05
1663 9.05843569060668e-06
1664 9.775238963667278e-06
1665 9.015462796827676e-06
1666 8.973141771455637e-06
1667 9.501850250136638e-06
1668 8.699330895675126e-06
1669 9.156490108014384e-06
1670 9.114157275756484e-06
1671 9.052031558492531e-06
1672 9.125569436434514e-06
1673 9.33732742402686e-06
1674 9.50547986411239e-06
1675 9.210884826754455e-06
1676 9.134822116321403e-06
1677 8.987552459017378e-06
1678 8.837421236500803e-06
1679 9.183210064415693e-06
1680 9.096396703166682e-06
1681 8.84098728142166e-06
1682 9.270539368840092e-06
1683 8.851772769783123e-06
1684 8.81857471380368e-06
1685 9.118437544674979e-06
1686 8.76979143295659e-06
1687 8.786510758150521e-06
1688 8.78807461632976e-06
1689 8.49877550320501e-06
1690 8.560284818388763e-06
1691 8.655550665573081e-06
1692 8.33621752128549e-06
1693 8.859073528009008e-06
1694 8.524287067819762e-06
1695 8.50740252907834e-06
1696 8.977038573745906e-06
1697 8.38291229239999e-06
1698 8.802603360250544e-06
1699 8.342137018367807e-06
1700 8.469191341015763e-06
1701 8.670905499976726e-06
1702 8.168453937187161e-06
1703 8.699408377019573e-06
1704 8.302002102106879e-06
1705 8.640576169426592e-06
1706 8.901657085634647e-06
1707 8.442339093614055e-06
1708 8.695091841287507e-06
1709 8.65366373904013e-06
1710 8.408034482221215e-06
1711 8.772143898415128e-06
1712 8.780940632867367e-06
1713 8.577566252641332e-06
1714 8.96823192809898e-06
1715 8.499405911425041e-06
1716 8.731157772390653e-06
1717 8.589169334478997e-06
1718 8.185050718953917e-06
1719 8.726115295150596e-06
1720 8.347019753305608e-06
1721 8.807336213350535e-06
1722 8.840185237578923e-06
1723 8.716240674274968e-06
1724 9.163146006094888e-06
1725 8.663463101069386e-06
1726 8.563130661860211e-06
1727 8.65941874683661e-06
1728 8.46554004031176e-06
1729 8.380197273505395e-06
1730 8.499671691617656e-06
1731 8.52276270962414e-06
1732 8.575873291819713e-06
1733 8.547122936152785e-06
1734 8.66193501755805e-06
1735 8.680828877831822e-06
1736 8.687153013108189e-06
1737 8.793930464941805e-06
1738 8.601445110799435e-06
1739 8.79664363011079e-06
1740 8.488768978236843e-06
1741 8.539186267338966e-06
1742 8.61286509776578e-06
1743 8.476254400110593e-06
1744 8.605348280916437e-06
1745 8.469779200745498e-06
1746 8.631812884105125e-06
1747 8.430049208984337e-06
1748 8.885792783765416e-06
1749 8.559159050175542e-06
1750 8.6222969633887e-06
1751 8.922190657795561e-06
1752 8.125463342879219e-06
1753 8.685877878130149e-06
1754 8.157751947293489e-06
1755 8.267372671896014e-06
1756 8.482316929141918e-06
1757 8.219661642581537e-06
1758 8.760050011299063e-06
1759 8.479672858637014e-06
1760 8.871330210164895e-06
1761 8.538808748254236e-06
1762 8.506701799201741e-06
1763 8.680151309155474e-06
1764 8.473068582049836e-06
1765 8.787842292938615e-06
1766 8.591302575160427e-06
1767 8.499112824005117e-06
1768 8.48460181771845e-06
1769 8.609361724362091e-06
1770 8.391426682672487e-06
1771 8.733581426133421e-06
1772 8.410218280418538e-06
1773 8.162014609925072e-06
1774 8.397400567702368e-06
1775 7.884696326072011e-06
1776 8.669141847623162e-06
1777 8.426884957294279e-06
1778 8.492118390880486e-06
1779 8.576335870774937e-06
1780 8.178196766149737e-06
1781 8.736045893572814e-06
1782 8.276571729303794e-06
1783 8.614144195660682e-06
1784 8.611175705857156e-06
1785 8.490142868297164e-06
1786 8.597021106729973e-06
1787 8.133708649523207e-06
1788 8.54312351391009e-06
1789 8.497034470234543e-06
1790 8.239660385400071e-06
1791 8.363228540269982e-06
1792 8.230432018580023e-06
1793 8.235734110717995e-06
1794 8.26779698897787e-06
1795 8.177700519014391e-06
1796 8.721102672836641e-06
1797 8.294925660043418e-06
1798 8.47327388553613e-06
1799 8.70516223725609e-06
1800 7.890417995919699e-06
1801 8.815718189027574e-06
1802 8.046484721950353e-06
1803 8.264972194301897e-06
1804 8.466736232298591e-06
1805 7.652225736290807e-06
1806 8.830732266141353e-06
1807 7.78684220184959e-06
1808 8.25200861612478e-06
1809 8.322396091942862e-06
1810 7.762217911492485e-06
1811 8.630940464378676e-06
1812 7.794526075206745e-06
1813 8.472846399578857e-06
1814 8.36302612718286e-06
1815 8.058589515347111e-06
1816 8.351121136029112e-06
1817 7.837177999127668e-06
1818 8.107598826491276e-06
1819 7.829898396466692e-06
1820 7.869797555160509e-06
1821 8.082356367839958e-06
1822 7.858828098513616e-06
1823 7.940842107367594e-06
1824 8.113184505195454e-06
1825 7.80629680598567e-06
1826 7.810743560663026e-06
1827 7.950661702509751e-06
1828 7.855858702315214e-06
1829 8.070806743884457e-06
1830 7.717087432912546e-06
1831 7.878890165131844e-06
1832 7.854070661938865e-06
1833 7.45404289509525e-06
1834 7.832952913162734e-06
1835 7.801808086055883e-06
1836 7.592343012564394e-06
1837 7.857924117577103e-06
1838 7.711293583181865e-06
1839 7.572805293941178e-06
1840 8.075168719678741e-06
1841 7.82411418402584e-06
1842 8.162229757253834e-06
1843 8.33191765985721e-06
1844 7.945147960068574e-06
1845 8.199290469716462e-06
1846 7.883270793086072e-06
1847 7.929488383922525e-06
1848 7.625635307754039e-06
1849 7.775342573096312e-06
1850 7.73846118808823e-06
1851 7.3896917067469636e-06
1852 7.940172341626149e-06
1853 7.582877945749944e-06
1854 7.895440064407338e-06
1855 7.825578463348076e-06
1856 7.705652777733641e-06
1857 7.857010612923288e-06
1858 7.282062754813268e-06
1859 7.501159652924249e-06
1860 7.236364356924238e-06
1861 7.420856563426903e-06
1862 7.55886108003352e-06
1863 7.142871342930495e-06
1864 7.4433500253713046e-06
1865 7.303462091085898e-06
1866 7.286173742830964e-06
1867 7.596291110800182e-06
1868 7.512177701041625e-06
1869 7.429201569327956e-06
1870 7.391807559974475e-06
1871 7.315191540242753e-06
1872 7.323734744964877e-06
1873 7.325967588352649e-06
1874 7.429147013050194e-06
1875 7.4466294952278704e-06
1876 7.499412558724925e-06
1877 7.353345329243228e-06
1878 7.464487282941897e-06
1879 7.500731837717332e-06
1880 7.200188500782698e-06
1881 7.631188342451922e-06
1882 7.252711509748e-06
1883 7.560147245826059e-06
1884 7.638027035897366e-06
1885 7.286055729943938e-06
1886 7.984426311201964e-06
1887 7.337252876033725e-06
1888 7.89155304869719e-06
1889 7.699642958110017e-06
1890 7.283690210137419e-06
1891 7.898836467956736e-06
1892 7.2113839440951975e-06
1893 7.810646862384093e-06
1894 7.487843392506125e-06
1895 7.4137235856570665e-06
1896 7.709965996150623e-06
1897 7.516212815529106e-06
1898 8.202209385787833e-06
1899 7.675861854114944e-06
1900 7.871234188125714e-06
1901 7.815027695521743e-06
1902 7.488522110331055e-06
1903 7.866047902850993e-06
1904 7.540543409099911e-06
1905 7.73871784855833e-06
1906 7.818186910815659e-06
1907 7.553008056902024e-06
1908 7.659569437692504e-06
1909 7.72761036574872e-06
1910 7.620296045079544e-06
1911 7.62988836345167e-06
1912 7.6287366427146096e-06
1913 7.699925067600484e-06
1914 7.660542272995187e-06
1915 7.591437057550734e-06
1916 7.681212590782761e-06
1917 7.650345603056718e-06
1918 7.675654283776059e-06
1919 7.486608049581803e-06
1920 7.621821238966876e-06
1921 7.506933281421762e-06
1922 7.33956787611452e-06
1923 7.492680252401865e-06
1924 7.399837170438109e-06
1925 7.4259575613436025e-06
1926 7.29716350684158e-06
1927 7.4045579829290965e-06
1928 7.290215560329789e-06
1929 7.358965669549905e-06
1930 7.30209480773202e-06
1931 7.121921473520168e-06
1932 7.271319975293392e-06
1933 7.087130766331045e-06
1934 7.44313343331387e-06
1935 7.446082178939809e-06
1936 7.474467972679553e-06
1937 7.510079359471594e-06
1938 7.545675388326059e-06
1939 7.524765369461776e-06
1940 7.3688591552325114e-06
1941 7.5560373335399055e-06
1942 7.022686538064451e-06
1943 7.481543035951583e-06
1944 7.311230596285864e-06
1945 7.0373150508702464e-06
1946 7.336725963001504e-06
1947 6.832562156735608e-06
1948 7.149652306538573e-06
1949 6.997362546056317e-06
1950 7.185699643952986e-06
1951 7.054627235201346e-06
1952 7.040825936666931e-06
1953 7.253772812198778e-06
1954 6.866133459288505e-06
1955 7.098624530447939e-06
1956 6.710124849266098e-06
1957 7.055825872108716e-06
1958 6.918890894920059e-06
1959 6.84344295029179e-06
1960 7.083263041401915e-06
1961 6.772251807236707e-06
1962 7.138956170804916e-06
1963 6.6332271501062365e-06
1964 6.781830302790355e-06
1965 6.922254454954939e-06
1966 6.759511309365118e-06
1967 6.940431227203577e-06
1968 7.123022808563845e-06
1969 7.181362200656144e-06
1970 6.928927483738187e-06
1971 7.259319194594824e-06
1972 6.93161888059423e-06
1973 7.050280080641785e-06
1974 6.8372864034120905e-06
1975 6.931260321980054e-06
1976 7.282896371772613e-06
1977 6.804336993770362e-06
1978 7.46090278599162e-06
1979 7.082567497213355e-06
1980 7.11617489897809e-06
1981 7.1095173205616e-06
1982 6.8794681333365985e-06
1983 7.297838492100552e-06
1984 6.781896880523786e-06
1985 7.1504583345636626e-06
1986 6.896069820488123e-06
1987 6.806953607759349e-06
1988 6.9891416524101e-06
1989 6.754507098641881e-06
1990 6.994465924443634e-06
1991 6.856336619524141e-06
1992 7.29439404273446e-06
1993 6.883459771899273e-06
1994 6.7456357106159696e-06
1995 7.097823340543135e-06
1996 6.475118154653431e-06
1997 6.7801580808492355e-06
1998 6.696444696121847e-06
1999 6.620812995255895e-06
2000 6.939111441912659e-06
2001 6.497154540805347e-06
2002 6.817554727413566e-06
2003 6.573518352664988e-06
2004 6.280582377729168e-06
2005 6.576919521493189e-06
2006 6.165802547318486e-06
2007 6.46202623829546e-06
2008 6.266428674821475e-06
2009 6.362796898505766e-06
2010 6.409019540991628e-06
2011 6.060054346642357e-06
2012 6.5285050990192745e-06
2013 6.022803801157122e-06
2014 6.4346465791722305e-06
2015 6.373976939387627e-06
2016 6.4640058283836846e-06
2017 6.676882642726008e-06
2018 6.092096326027438e-06
2019 6.79327902357987e-06
2020 5.936674802229335e-06
2021 6.536634868609571e-06
2022 6.6254455262235425e-06
2023 6.087400082386655e-06
2024 7.209009652524004e-06
2025 6.3442482299159676e-06
2026 6.796588592031956e-06
2027 6.5685137971218184e-06
2028 6.421120689535803e-06
2029 6.817647002607273e-06
2030 6.24306865434479e-06
2031 6.8755219203771935e-06
2032 6.287646274919636e-06
2033 6.473337377162194e-06
2034 6.383496467952732e-06
2035 5.958287076364264e-06
2036 6.4202444791133195e-06
2037 6.117641245232079e-06
2038 6.391464404530096e-06
2039 6.274973036090756e-06
2040 6.307937353276106e-06
2041 6.161405799112654e-06
2042 5.90505448821436e-06
2043 5.984030988378288e-06
2044 5.792759529253987e-06
2045 6.077686030181106e-06
2046 5.867809459417613e-06
2047 5.905213564567944e-06
2048 6.091324054698248e-06
2049 5.9926360374882325e-06
2050 6.1595933225203006e-06
2051 5.8504109716786335e-06
2052 6.013248690409933e-06
2053 6.207747406515936e-06
2054 5.7546266139565795e-06
2055 6.111138846022623e-06
2056 6.0192092205484884e-06
2057 5.903061261501896e-06
2058 6.322444567697225e-06
2059 5.9238324210588626e-06
2060 6.300661335810222e-06
2061 6.3000757701355744e-06
2062 6.2649960506351375e-06
2063 6.543722457902511e-06
2064 6.107274586257959e-06
2065 6.528281891084469e-06
2066 6.344811969034602e-06
2067 6.408189149401041e-06
2068 6.586062919115425e-06
2069 6.347991433518759e-06
2070 6.67640549855815e-06
2071 6.332006081018127e-06
2072 6.437006931806501e-06
2073 6.438737628434999e-06
2074 6.263903155197575e-06
2075 6.461189359721172e-06
2076 6.280903507077526e-06
2077 6.265154223711876e-06
2078 6.342755352464943e-06
2079 6.276160812862245e-06
2080 6.197793600091175e-06
2081 6.3091162878550185e-06
2082 6.254855566559261e-06
2083 6.2899704428873255e-06
2084 6.161012613788993e-06
2085 6.043192789451628e-06
2086 6.231649263768015e-06
2087 6.0771090248136306e-06
2088 6.098828353620205e-06
2089 6.059808134861596e-06
2090 6.11384800287605e-06
2091 6.114460963386862e-06
2092 5.8947524940421066e-06
2093 6.146960677872792e-06
2094 6.06500729859601e-06
2095 5.85040827773213e-06
2096 6.144627345265787e-06
2097 5.942618229729501e-06
2098 6.025298695319216e-06
2099 6.216794411014788e-06
2100 5.7599299461106925e-06
2101 6.241277707867879e-06
2102 5.982688123243112e-06
2103 5.996966065106233e-06
2104 6.519050228493672e-06
2105 5.946915920679009e-06
2106 6.435688522437611e-06
2107 6.174319746155185e-06
2108 6.174059000569117e-06
2109 6.379392226699062e-06
2110 6.0046064341704284e-06
2111 6.389899365241766e-06
2112 5.841904861158693e-06
2113 6.107596641835286e-06
2114 6.071349452612492e-06
2115 5.920193185293349e-06
2116 6.355598542121e-06
2117 6.022808786956049e-06
2118 6.420018092571919e-06
2119 6.1365010794777145e-06
2120 5.917047711769914e-06
2121 5.9773269126222115e-06
2122 5.696011502713184e-06
2123 5.729269688953313e-06
2124 5.628910933243356e-06
2125 6.009566509572237e-06
2126 5.996221971355446e-06
2127 5.88964079563879e-06
2128 5.957151228354168e-06
2129 5.783325344931121e-06
2130 5.8576051717502246e-06
2131 5.718239630327673e-06
2132 5.820559834564089e-06
2133 5.781848036266366e-06
2134 5.6301814831205275e-06
2135 5.9318690853193995e-06
2136 5.52229923470201e-06
2137 5.7747745225124785e-06
2138 6.0349823249367215e-06
2139 5.612274541360603e-06
2140 6.221683688115529e-06
2141 5.849501944540019e-06
2142 5.989313317641553e-06
2143 6.182785741070303e-06
2144 5.7871533345472245e-06
2145 6.362441287756888e-06
2146 5.761688719652868e-06
2147 6.168844548233001e-06
2148 6.1124998907342596e-06
2149 5.865551509524756e-06
2150 6.37903993493984e-06
2151 5.779618993424188e-06
2152 6.5125844720743235e-06
2153 6.061887699190722e-06
2154 5.975607745330632e-06
2155 6.350652897397039e-06
2156 5.8049413291893e-06
2157 6.431864796857197e-06
2158 6.012697793059295e-06
2159 6.3454524158319375e-06
2160 6.3708774854316554e-06
2161 5.849690613159446e-06
2162 6.380329832812535e-06
2163 5.851567550407805e-06
2164 5.945341000789625e-06
2165 6.170825976354478e-06
2166 5.710674243363537e-06
2167 5.955220215145284e-06
2168 5.935102468006697e-06
2169 5.759803071078306e-06
2170 6.036432987809944e-06
2171 5.931545432174112e-06
2172 6.106205331352288e-06
2173 6.002180210752555e-06
2174 5.716569277907766e-06
2175 5.934595274521446e-06
2176 5.590791650887551e-06
2177 5.882346365782005e-06
2178 5.970785580507202e-06
2179 5.835427962325336e-06
2180 5.9474592187606384e-06
2181 5.730401879689801e-06
2182 5.847228838938033e-06
2183 5.715794128977246e-06
2184 5.861261829715362e-06
2185 5.792603132607943e-06
2186 5.827212135210343e-06
2187 5.8328819313173895e-06
2188 5.720568558126866e-06
2189 5.919728045002379e-06
2190 5.721780733970664e-06
2191 5.9207260599304645e-06
2192 5.6613652709667155e-06
2193 5.811214019753448e-06
2194 5.750983923868995e-06
2195 5.6054531659201634e-06
2196 6.007177382031471e-06
2197 5.397389495202344e-06
2198 5.817834548429001e-06
2199 5.73027990876453e-06
2200 5.543405608734874e-06
2201 5.912658544758008e-06
2202 5.414663365825728e-06
2203 5.7745725322606384e-06
2204 5.6860482199864274e-06
2205 5.567706976331349e-06
2206 5.792005036939558e-06
2207 5.493801687545891e-06
2208 5.607856338515233e-06
2209 5.535532287170228e-06
2210 5.45224100968454e-06
2211 5.737040226720013e-06
2212 5.642043939522644e-06
2213 5.6016915287718485e-06
2214 5.620252851278355e-06
2215 5.4464771419286855e-06
2216 5.511449768938373e-06
2217 5.361186641588078e-06
2218 5.541405366482745e-06
2219 5.645351189647231e-06
2220 5.604640970238904e-06
2221 5.8319037588413725e-06
2222 5.542983991427344e-06
2223 5.541630863752775e-06
2224 5.483925849560043e-06
2225 5.375762564379758e-06
2226 5.437861215881567e-06
2227 5.353369909464896e-06
2228 5.341593691661428e-06
2229 5.406248929542847e-06
2230 5.351114621738349e-06
2231 5.248504224563296e-06
2232 5.400819687289409e-06
2233 5.138658986262162e-06
2234 5.319988270072143e-06
2235 5.143575802779374e-06
2236 5.105833946192992e-06
2237 5.4423005858823105e-06
2238 4.996542551842022e-06
2239 5.458269172445603e-06
2240 5.090790178721146e-06
2241 5.130160368504353e-06
2242 5.358582420081413e-06
2243 4.990743256514582e-06
2244 5.514988878280622e-06
2245 4.978415816736438e-06
2246 5.20708431024041e-06
2247 5.244260459519591e-06
2248 5.081139841005062e-06
2249 5.306228107081036e-06
2250 4.930022893631872e-06
2251 5.3561356806913315e-06
2252 5.0080935622265e-06
2253 5.067656675279693e-06
2254 5.23756620397938e-06
2255 4.868634175701117e-06
2256 5.116649752844324e-06
2257 4.992640254499286e-06
2258 4.978299135151352e-06
2259 5.038428401301679e-06
2260 4.979131105129654e-06
2261 4.855718154447458e-06
2262 4.9012830487473095e-06
2263 4.921471509911392e-06
2264 4.897223030618531e-06
2265 4.978381467566401e-06
2266 5.066173347515497e-06
2267 5.0906036430395105e-06
2268 4.96651864153082e-06
2269 5.162838503816986e-06
2270 5.040357306562719e-06
2271 5.091860679934768e-06
2272 5.146080740762205e-06
2273 5.055095709756377e-06
2274 5.135530978688398e-06
2275 5.081342510119848e-06
2276 5.1784595887034854e-06
2277 5.001715807996359e-06
2278 5.156469282687021e-06
2279 4.9293878021587714e-06
2280 4.953941906426692e-06
2281 5.159509208720553e-06
2282 4.679219563171767e-06
2283 5.070882465975603e-06
2284 4.991963886422335e-06
2285 4.8766771875943645e-06
2286 5.1259636416785135e-06
2287 4.995563132702005e-06
2288 5.071563056782852e-06
2289 5.017204482777708e-06
2290 4.980348204715395e-06
2291 5.039226065802748e-06
2292 5.019649659382528e-06
2293 4.930187673624731e-06
2294 5.009409763551833e-06
2295 4.8409889724187495e-06
2296 4.851321912343122e-06
2297 4.84567052865819e-06
2298 4.7750215250100366e-06
2299 4.877233762818215e-06
2300 4.726504179540268e-06
2301 5.134273762595409e-06
2302 4.837026000542929e-06
2303 4.840889858259867e-06
2304 5.1489126376262715e-06
2305 4.735785414312656e-06
2306 4.969350628843969e-06
2307 4.754857721873432e-06
2308 4.794645139884547e-06
2309 4.819601548852309e-06
2310 4.654507881011491e-06
2311 4.785074609790156e-06
2312 4.605082473277545e-06
2313 4.849464017884008e-06
2314 4.789170850437694e-06
2315 4.714917887803872e-06
2316 4.8136797905714355e-06
2317 4.673222037178938e-06
2318 4.6976739538458e-06
2319 4.723710196560816e-06
2320 4.663268072817796e-06
2321 4.7337283019013804e-06
2322 4.790591658902845e-06
2323 4.8370128991393495e-06
2324 5.01276209964251e-06
2325 4.91089952685834e-06
2326 4.969563165766086e-06
2327 4.912166785702489e-06
2328 4.9334965576123425e-06
2329 4.8875907518925606e-06
2330 4.740025250540768e-06
2331 4.879772464670375e-06
2332 4.643046833777523e-06
2333 4.916861783667851e-06
2334 4.7708165219948e-06
2335 4.7325334723881066e-06
2336 4.940476656068346e-06
2337 4.699506519765101e-06
2338 4.970460370007134e-06
2339 4.735329669856753e-06
2340 4.950837516562415e-06
2341 4.865517756197278e-06
2342 4.761881356948603e-06
2343 5.073518725529387e-06
2344 4.719865376640231e-06
2345 4.9911872996067555e-06
2346 4.753455238924404e-06
2347 4.6625495096764165e-06
2348 4.7921413760513e-06
2349 4.677380016615282e-06
2350 4.886650485970258e-06
2351 4.696486521007038e-06
2352 4.831934900321425e-06
2353 4.7879171580464455e-06
2354 4.658525849418115e-06
2355 4.740010522081099e-06
2356 4.6710221222238795e-06
2357 4.6989353592731004e-06
2358 4.698918825344184e-06
2359 4.69537812877454e-06
2360 4.668186724501184e-06
2361 4.609446497309769e-06
2362 4.552615225895843e-06
2363 4.604536270437131e-06
2364 4.504647446283537e-06
2365 4.5163395716118635e-06
2366 4.500224048124155e-06
2367 4.4874964635450295e-06
2368 4.5641567490934065e-06
2369 4.393989112806846e-06
2370 4.502309702411888e-06
2371 4.491260665929862e-06
2372 4.367369933577512e-06
2373 4.346148646909229e-06
2374 4.4394717070105705e-06
2375 4.420936028435439e-06
2376 4.372255593253446e-06
2377 4.472121852379047e-06
2378 4.270855797235061e-06
2379 4.375020414460286e-06
2380 4.367095460988495e-06
2381 4.265240733394623e-06
2382 4.323960814502064e-06
2383 4.334007864212713e-06
2384 4.2850737630478045e-06
2385 4.311423222897679e-06
2386 4.4866825209106255e-06
2387 4.271312896417444e-06
2388 4.5470430531542295e-06
2389 4.477212283228747e-06
2390 4.346428580698913e-06
2391 4.563880499753684e-06
2392 4.278848298545364e-06
2393 4.533341655374222e-06
2394 4.348732723559475e-06
2395 4.332545215194741e-06
2396 4.504922255981813e-06
2397 4.265943614920297e-06
2398 4.47568784247804e-06
2399 4.422153518315381e-06
2400 4.478607548512526e-06
2401 4.534063912844725e-06
2402 4.462835857708855e-06
2403 4.415311598912823e-06
2404 4.42440675353723e-06
2405 4.460411161278091e-06
2406 4.406354144399996e-06
2407 4.493826438121778e-06
2408 4.327247025199653e-06
2409 4.314047281101761e-06
2410 4.291540866041418e-06
2411 4.254196556866186e-06
2412 4.37063467627908e-06
2413 4.278740791360643e-06
2414 4.353432177914837e-06
2415 4.30721805583251e-06
2416 4.22564216626204e-06
2417 4.4280547654858125e-06
2418 4.345886030970654e-06
2419 4.370172036875086e-06
2420 4.54064432691085e-06
2421 4.3315382561055325e-06
2422 4.439321827805891e-06
2423 4.320148524551971e-06
2424 4.3244912353899625e-06
2425 4.538618359408026e-06
2426 4.347153861480726e-06
2427 4.579967288393042e-06
2428 4.3998351581036544e-06
2429 4.459991740014884e-06
2430 4.490390751735883e-06
2431 4.3245405774898e-06
2432 4.484556570446088e-06
2433 4.27696702858724e-06
2434 4.5539675897657915e-06
2435 4.249008817757523e-06
2436 4.274651608678974e-06
2437 4.375664587440144e-06
2438 4.016095862568658e-06
2439 4.354794702600717e-06
2440 4.076078360394427e-06
2441 4.254187446484625e-06
2442 4.262457201555788e-06
2443 4.180238965958327e-06
2444 4.3671840275976555e-06
2445 4.186747618269374e-06
2446 4.4269805184692715e-06
2447 4.054806630227063e-06
2448 4.164304410065404e-06
2449 4.31884425426167e-06
2450 4.040986090462771e-06
2451 4.263621883586067e-06
2452 4.111043365071672e-06
2453 4.068432599882639e-06
2454 4.050318674078086e-06
2455 3.944827526469161e-06
2456 3.98242342934818e-06
2457 3.991207433321295e-06
2458 4.034317734142371e-06
2459 4.077025148462759e-06
2460 4.03676602242341e-06
2461 3.9453520030534995e-06
2462 3.995290105488117e-06
2463 4.0324769463329e-06
2464 3.902300707901239e-06
2465 4.005284070036571e-06
2466 4.151802526731625e-06
2467 3.935824832345645e-06
2468 4.1111653840719626e-06
2469 4.0552325830139835e-06
2470 4.0769203843969155e-06
2471 4.265193844039078e-06
2472 3.9248191617578205e-06
2473 4.153981509601314e-06
2474 3.9914000570023684e-06
2475 3.982540152120558e-06
2476 4.117987550009762e-06
2477 3.9218763402275535e-06
2478 4.2240863674577986e-06
2479 3.935166524947567e-06
2480 3.975396808976339e-06
2481 3.980398643484034e-06
2482 3.742295895166226e-06
2483 3.920856995018516e-06
2484 3.7501564728496378e-06
2485 3.869364436716578e-06
2486 3.92719752062217e-06
2487 3.86876718477745e-06
2488 3.986628952326148e-06
2489 3.8229249135627665e-06
2490 3.820529979512005e-06
2491 3.890123533649267e-06
2492 3.7147771040575084e-06
2493 3.854123499449862e-06
2494 3.7906925873566935e-06
2495 3.7480771631125398e-06
2496 3.866389749595935e-06
2497 3.5703255913896586e-06
2498 3.8124806122001686e-06
2499 3.682750023127443e-06
2500 3.635631177952775e-06
2501 3.843017745501823e-06
2502 3.6155127843971163e-06
2503 3.86008983748067e-06
2504 3.756796290245344e-06
2505 3.8037930880740593e-06
2506 3.7403116999736663e-06
2507 3.639261759821167e-06
2508 3.737447348666811e-06
2509 3.6129732133178454e-06
2510 3.8047706479841357e-06
2511 3.682263197141415e-06
2512 3.7862888158109767e-06
2513 3.769325208679796e-06
2514 3.771528640658713e-06
2515 3.820230405451905e-06
2516 3.763079703722157e-06
2517 3.8835851258496e-06
2518 3.72872274255821e-06
2519 3.981433443940944e-06
2520 3.7852274764662056e-06
2521 3.927116619813498e-06
2522 3.997302397123452e-06
2523 3.8369541158002525e-06
2524 4.144368462547988e-06
2525 3.7056122266292077e-06
2526 3.9804018902536295e-06
2527 3.881422831514651e-06
2528 3.822808234843761e-06
2529 4.122531790923869e-06
2530 3.801130471463814e-06
2531 4.092991393747712e-06
2532 3.853396538848619e-06
2533 3.8960675316272075e-06
2534 3.9179949609533025e-06
2535 3.7403974916363446e-06
2536 4.011774493728557e-06
2537 3.7106939171170686e-06
2538 3.767406095810781e-06
2539 3.7529819194225823e-06
2540 3.6155755544267706e-06
2541 3.6701837814107843e-06
2542 3.5766953466735926e-06
2543 3.615179734840595e-06
2544 3.592491157697387e-06
2545 3.601711076933693e-06
2546 3.578017906695059e-06
2547 3.579297570433162e-06
2548 3.5980567615474794e-06
2549 3.5247528972907104e-06
2550 3.4929191066977715e-06
2551 3.4493434737148753e-06
2552 3.439848026445359e-06
2553 3.5088970128943327e-06
2554 3.4941710633776925e-06
2555 3.489362426053787e-06
2556 3.5257837139062074e-06
2557 3.551845788680386e-06
2558 3.573596196307799e-06
2559 3.5101214014634406e-06
2560 3.560286282207014e-06
2561 3.5443187080764928e-06
2562 3.55936448825999e-06
2563 3.566279600238678e-06
2564 3.519759175370368e-06
2565 3.5995329356384843e-06
2566 3.5916140742269198e-06
2567 3.669748740199407e-06
2568 3.5890224891684584e-06
2569 3.5569974003067537e-06
2570 3.4953526123445155e-06
2571 3.4093187567299298e-06
2572 3.5151458792846616e-06
2573 3.3781922697074444e-06
2574 3.44937869929618e-06
2575 3.4690520578931242e-06
2576 3.4548405515960984e-06
2577 3.490369042117611e-06
2578 3.3942480708999227e-06
2579 3.439506648304527e-06
2580 3.4208072833093684e-06
2581 3.403270578241948e-06
2582 3.387843632725673e-06
2583 3.4629258044310508e-06
2584 3.385236433521625e-06
2585 3.3625749331773105e-06
2586 3.4142227742129226e-06
2587 3.346494601600205e-06
2588 3.449213484869593e-06
2589 3.362096482180158e-06
2590 3.3858533694724794e-06
2591 3.411839466313503e-06
2592 3.34390244073167e-06
2593 3.3670933322622476e-06
2594 3.2923672890903893e-06
2595 3.249930882076634e-06
2596 3.2725491228771646e-06
2597 3.3266656190487452e-06
2598 3.3429305895257585e-06
2599 3.3648938287639536e-06
2600 3.260714360943624e-06
2601 3.3590663608353504e-06
2602 3.316111867629313e-06
2603 3.2701513674552975e-06
2604 3.4448880945832513e-06
2605 3.28173488967314e-06
2606 3.4368693967686155e-06
2607 3.3625774240180054e-06
2608 3.354697313486387e-06
2609 3.4755868172305473e-06
2610 3.3036892501434086e-06
2611 3.4798180281954028e-06
2612 3.3275264055945327e-06
2613 3.3766001973497668e-06
2614 3.4456527315816622e-06
2615 3.3076734352408517e-06
2616 3.442917072696505e-06
2617 3.3215819564954917e-06
2618 3.307287011718165e-06
2619 3.334144827257384e-06
2620 3.2793289491498863e-06
2621 3.3532996960907205e-06
2622 3.4102095010684674e-06
2623 3.4341121114300796e-06
2624 3.4714292682539737e-06
2625 3.4277925741173437e-06
2626 3.4360504425981366e-06
2627 3.3553183938958386e-06
2628 3.2648520154392852e-06
2629 3.3529954195915457e-06
2630 3.223818561366696e-06
2631 3.3387912597232453e-06
2632 3.342980420901812e-06
2633 3.2375663884942837e-06
2634 3.3144821423403412e-06
2635 3.2967118268819583e-06
2636 3.3675986109496705e-06
2637 3.3201174785078008e-06
2638 3.508380572773709e-06
2639 3.382009481000559e-06
2640 3.31445399823011e-06
2641 3.349619080906098e-06
2642 3.0995599943905435e-06
2643 3.353460482335187e-06
2644 3.1872716902248004e-06
2645 3.2770369573437004e-06
2646 3.378407957257802e-06
2647 3.107259580723391e-06
2648 3.2948004215120775e-06
2649 3.1212178057844846e-06
2650 3.149133982494279e-06
2651 3.1842853835547445e-06
2652 3.132617611671959e-06
2653 3.2653684616522945e-06
2654 3.1551927356276094e-06
2655 3.260779048743345e-06
2656 3.2831107515769896e-06
2657 3.2549934407515915e-06
2658 3.271011447847832e-06
2659 3.1990096812103937e-06
2660 3.2635864765150825e-06
2661 3.182051488411421e-06
2662 3.1832439516270417e-06
2663 3.2199952914974227e-06
2664 3.103511449953831e-06
2665 3.239592813398019e-06
2666 3.161385450010882e-06
2667 3.1607870096416826e-06
2668 3.2823578676084787e-06
2669 3.1410350856016045e-06
2670 3.3155471523870943e-06
2671 3.2084107025049995e-06
2672 3.1866023461050528e-06
2673 3.2960612469151364e-06
2674 3.1400073242334875e-06
2675 3.2809027281259834e-06
2676 3.218880038760003e-06
2677 3.238118706089565e-06
2678 3.252382883435248e-06
2679 3.137005262716861e-06
2680 3.1693443345659302e-06
2681 3.154966376519846e-06
2682 3.1611558935044834e-06
2683 3.1188848724539708e-06
2684 3.1557296845209717e-06
2685 3.11447492859461e-06
2686 3.067554361747171e-06
2687 3.0396883162022984e-06
2688 3.0612107745934706e-06
2689 3.0200828975476227e-06
2690 3.06701415591632e-06
2691 3.1648248235105115e-06
2692 3.0090711533092576e-06
2693 3.2137629000027365e-06
2694 3.115060173239443e-06
2695 3.1265077320694484e-06
2696 3.276573334327442e-06
2697 3.1160691044995583e-06
2698 3.2989582053083628e-06
2699 3.1528702307394434e-06
2700 3.213629391829821e-06
2701 3.194725760197025e-06
2702 3.081467063453974e-06
2703 3.1864697981960024e-06
2704 3.009005616402651e-06
2705 3.1865022995308566e-06
2706 3.1097670249700853e-06
2707 3.0444753922946e-06
2708 3.143931691583927e-06
2709 3.0309876490315234e-06
2710 3.0879115934176255e-06
2711 3.041786787733866e-06
2712 3.0461484726152987e-06
2713 3.069816426002107e-06
2714 3.0395153010950504e-06
2715 3.0407626231380865e-06
2716 3.0612753419790083e-06
2717 3.098213529660279e-06
2718 3.0892699985980616e-06
2719 3.1019637067942716e-06
2720 3.111186603128084e-06
2721 3.074271752662632e-06
2722 3.1542501074794083e-06
2723 3.1681960125299516e-06
2724 3.1458025339551895e-06
2725 3.237633828810157e-06
2726 3.0636742967669082e-06
2727 3.111135242575823e-06
2728 3.0477710486246045e-06
2729 3.007131521067045e-06
2730 3.152381655235389e-06
2731 2.9472469213804836e-06
2732 3.134026407942623e-06
2733 3.0073177026148807e-06
2734 3.0520833031949396e-06
2735 3.1581395051109697e-06
2736 2.8944407030143573e-06
2737 3.152863100239615e-06
2738 3.0066903093710134e-06
2739 3.042460930967195e-06
2740 3.1015658637870444e-06
2741 3.022081347408614e-06
2742 3.070115164218543e-06
2743 2.964402866146147e-06
2744 3.121020294525704e-06
2745 2.9699381932451962e-06
2746 3.053560439517985e-06
2747 3.037591143140693e-06
2748 2.922988556691951e-06
2749 3.0526399487538257e-06
2750 2.864464460418601e-06
2751 2.9367669048096896e-06
2752 2.9251689577911414e-06
2753 2.8949580356587364e-06
2754 2.9441372930186995e-06
2755 2.954200405426801e-06
2756 2.9496634950071144e-06
2757 2.890464185022478e-06
2758 2.919930445962619e-06
2759 2.8488899472894278e-06
2760 2.928513920990479e-06
2761 2.902768930650337e-06
2762 2.954581732565225e-06
2763 3.0194482162828567e-06
2764 2.8945655329348886e-06
2765 2.964276347917629e-06
2766 2.943028847834868e-06
2767 2.9750825351722763e-06
2768 2.9083498898875455e-06
2769 2.849920196306419e-06
2770 2.917314456628413e-06
2771 2.805040818726196e-06
2772 2.897745007075308e-06
2773 2.9421249718183857e-06
2774 2.882485646749742e-06
2775 2.97204365193553e-06
2776 2.8978175432461705e-06
2777 2.9107396710053947e-06
2778 2.9368882422064356e-06
2779 2.84655226322686e-06
2780 2.9142343918551165e-06
2781 2.8609363157395446e-06
2782 2.861784178678362e-06
2783 2.8660083812892113e-06
2784 2.8259566642060078e-06
2785 2.865923168675276e-06
2786 2.801161288860877e-06
2787 2.8339557337025246e-06
2788 2.7948577259018436e-06
2789 2.7993261076785327e-06
2790 2.8105832673071064e-06
2791 2.7947316804055224e-06
2792 2.7983770722893088e-06
2793 2.8101782335655316e-06
2794 2.8718556148182073e-06
2795 2.75438367510727e-06
2796 2.870094722870336e-06
2797 2.7696226079448395e-06
2798 2.7407225709181534e-06
2799 2.8295335129705716e-06
2800 2.6526775884347202e-06
2801 2.8345962081490144e-06
2802 2.725933308467828e-06
2803 2.7984033924203323e-06
2804 2.8533581058904002e-06
2805 2.670107474547473e-06
2806 2.817158676464679e-06
2807 2.7141356556073136e-06
2808 2.768790873982699e-06
2809 2.7774397022012573e-06
2810 2.7550758835539553e-06
2811 2.8109326012362375e-06
2812 2.734889014442729e-06
2813 2.7770175463926313e-06
2814 2.7753541349927794e-06
2815 2.792177362572859e-06
2816 2.7873695312205008e-06
2817 2.7796544856808034e-06
2818 2.754327223841194e-06
2819 2.8156392342495634e-06
2820 2.8094671192512895e-06
2821 2.7624204662491437e-06
2822 2.795557306622403e-06
2823 2.7699327753416566e-06
2824 2.769657237951636e-06
2825 2.6769013267803394e-06
2826 2.7459745341006608e-06
2827 2.6317689388264044e-06
2828 2.5902130048270416e-06
2829 2.719103544410448e-06
2830 2.6064169257769097e-06
2831 2.7595579244038014e-06
2832 2.7261533637486117e-06
2833 2.653969703294177e-06
2834 2.6984452661766796e-06
2835 2.608552600440661e-06
2836 2.681748935324075e-06
2837 2.6729663656416193e-06
2838 2.625353191203724e-06
2839 2.7461887796408072e-06
2840 2.7338990864369606e-06
2841 2.7149116833937926e-06
2842 2.8137309741662105e-06
2843 2.7052476081002907e-06
2844 2.7947767404685263e-06
2845 2.7805993400491354e-06
2846 2.7841796132102463e-06
2847 2.873378657130043e-06
2848 2.647187152915825e-06
2849 2.803817428834363e-06
2850 2.704776972921738e-06
2851 2.7067567161569414e-06
2852 2.7886580554511167e-06
2853 2.617845626212057e-06
2854 2.7972930475468603e-06
2855 2.601685783827922e-06
2856 2.6209021321072563e-06
2857 2.669307708693123e-06
2858 2.5648402521441327e-06
2859 2.6547440217802652e-06
2860 2.5547758071716407e-06
2861 2.6052291210046694e-06
2862 2.5618111082992057e-06
2863 2.5566278654688365e-06
2864 2.564264949616581e-06
2865 2.514376379310346e-06
2866 2.5616636733772746e-06
2867 2.529897177063977e-06
2868 2.514295198398119e-06
2869 2.5282207731882955e-06
2870 2.5577328225239504e-06
2871 2.5780258821687732e-06
2872 2.6578402777742835e-06
2873 2.7461575772133187e-06
2874 2.8413328467371865e-06
2875 2.8708636322863527e-06
2876 2.9257860073951876e-06
2877 2.7777158154833665e-06
2878 2.726163041492789e-06
2879 3.0105335656237287e-06
2880 3.0223909799660462e-06
2881 3.024189840884332e-06
2882 2.7652963799817825e-06
2883 2.7315553543925865e-06
2884 2.726734111415178e-06
2885 2.648878942131326e-06
2886 2.8631650470582656e-06
2887 2.6215205669775926e-06
2888 2.8234037712490893e-06
2889 2.6768358052358704e-06
2890 2.6682650248069498e-06
2891 3.0036243842530865e-06
2892 2.6083454109097674e-06
2893 2.872543194216769e-06
2894 2.758694265721853e-06
2895 2.671653140400237e-06
2896 2.833526460669387e-06
2897 2.6090808575592235e-06
2898 2.812407100537061e-06
2899 2.6508409828115646e-06
2900 2.6288733993972272e-06
2901 2.6658626095762534e-06
2902 2.5314947179962764e-06
2903 2.6154632930197307e-06
2904 2.58780889377866e-06
2905 2.6249047310675153e-06
2906 2.63575385338741e-06
2907 2.610678440261475e-06
2908 2.509671850303333e-06
2909 2.5075865853245304e-06
2910 2.513772494927608e-06
2911 2.4636973084922246e-06
2912 2.5267592663290837e-06
2913 2.518181305618621e-06
2914 2.482256145942623e-06
2915 2.441939845797526e-06
2916 2.4759856584382057e-06
2917 2.4572011659404093e-06
2918 2.4859595069132348e-06
2919 2.5200002919746765e-06
2920 2.463981653730125e-06
2921 2.5388671066067833e-06
2922 2.454613871465048e-06
2923 2.4289191531008864e-06
2924 2.51501123424542e-06
2925 2.388082216686613e-06
2926 2.4243145758579498e-06
2927 2.4772595838387977e-06
2928 2.407399477584547e-06
2929 2.4770778216068257e-06
2930 2.4321128328243574e-06
2931 2.4053067865652945e-06
2932 2.4509144635040123e-06
2933 2.4401602429520095e-06
2934 2.409431132399764e-06
2935 2.407911551465567e-06
2936 2.4974167361950185e-06
2937 2.4130441266433916e-06
2938 2.442328448447659e-06
2939 2.491888077685556e-06
2940 2.496355724425043e-06
2941 2.5025304143179463e-06
2942 2.410829637495057e-06
2943 2.522868592741077e-06
2944 2.407719713924096e-06
2945 2.4500855433459742e-06
2946 2.4830727733621174e-06
2947 2.3749252683072367e-06
2948 2.557123529162949e-06
2949 2.4486006284547037e-06
2950 2.4634357229016325e-06
2951 2.455951081282711e-06
2952 2.430119036679304e-06
2953 2.47763796565072e-06
2954 2.3814885424309968e-06
2955 2.4805071875102536e-06
2956 2.4278800862568895e-06
2957 2.4700960581226328e-06
2958 2.4874313332639932e-06
2959 2.4008631510562883e-06
2960 2.4379884422660916e-06
2961 2.392996221127156e-06
2962 2.422951014153613e-06
2963 2.440837861459379e-06
2964 2.485075818863344e-06
2965 2.510129598138611e-06
2966 2.4999514912985957e-06
2967 2.5432782228452206e-06
2968 2.5126924848438184e-06
2969 2.4715069011149817e-06
2970 2.4966709241451062e-06
2971 2.4344110686876678e-06
2972 2.4220451257355053e-06
2973 2.4830929469403133e-06
2974 2.447107567041973e-06
2975 2.500395877934519e-06
2976 2.453182958095855e-06
2977 2.5262959850753855e-06
2978 2.559973759462958e-06
2979 2.4633351270106458e-06
2980 2.543966275126761e-06
2981 2.4702241157609075e-06
2982 2.5314055494643677e-06
2983 2.518792055076592e-06
2984 2.5004846311148575e-06
2985 2.5369475347594807e-06
2986 2.4686607868779755e-06
2987 2.5067778765786854e-06
2988 2.432296856823372e-06
2989 2.480866962368623e-06
2990 2.434344469021491e-06
2991 2.484757950434468e-06
2992 2.515024714379672e-06
2993 2.4459754022096863e-06
2994 2.5364592485758526e-06
2995 2.3694265292159203e-06
2996 2.461380464059211e-06
2997 2.4878090427805346e-06
2998 2.4991767439337024e-06
2999 2.5539423157291104e-06
3000 2.384799824202861e-06
3001 2.521983881389762e-06
3002 2.376268863567494e-06
3003 2.3403180306225364e-06
3004 2.458698308190842e-06
3005 2.2527320150784126e-06
3006 2.360658391953851e-06
3007 2.3825534952659982e-06
3008 2.3230576554394615e-06
3009 2.4758861887049467e-06
3010 2.359490671718365e-06
3011 2.3551430230619948e-06
3012 2.406384660268145e-06
3013 2.3178547706041563e-06
3014 2.454361446111775e-06
3015 2.3761677937004994e-06
3016 2.424219370252732e-06
3017 2.4609269562255017e-06
3018 2.3427573210488237e-06
3019 2.50804801348298e-06
3020 2.364304976716976e-06
3021 2.4046260960820957e-06
3022 2.447271354570663e-06
3023 2.3430192999581083e-06
3024 2.4544377289440066e-06
3025 2.3734145123317325e-06
3026 2.4423226179107685e-06
3027 2.4200992270394147e-06
3028 2.425205533614723e-06
3029 2.470374210615955e-06
3030 2.3943847959732395e-06
3031 2.464472856996484e-06
3032 2.3678881180060416e-06
3033 2.3898834766145232e-06
3034 2.3663852080234777e-06
3035 2.2895722747968887e-06
3036 2.400779447354617e-06
3037 2.3334175388985536e-06
3038 2.340848126732792e-06
3039 2.372461437619061e-06
3040 2.3081537367818483e-06
3041 2.3702876869817358e-06
3042 2.3954759704903428e-06
3043 2.3988475525006608e-06
3044 2.4009571969435148e-06
3045 2.397784820403403e-06
3046 2.4048644529630166e-06
3047 2.35673429235201e-06
3048 2.3859811924639696e-06
3049 2.3721607689522932e-06
3050 2.3937721049195723e-06
3051 2.352303117011045e-06
3052 2.3334374426002245e-06
3053 2.416465171193703e-06
3054 2.2685905942997312e-06
3055 2.396423111786603e-06
3056 2.340610094178615e-06
3057 2.2348206289892418e-06
3058 2.3783947886814957e-06
3059 2.2203863350356796e-06
3060 2.309101221011059e-06
3061 2.2540728989414258e-06
3062 2.2986664213038813e-06
3063 2.3829312968967806e-06
3064 2.2345835438530484e-06
3065 2.434715770115808e-06
3066 2.2961795713975823e-06
3067 2.300414912044559e-06
3068 2.400010139805971e-06
3069 2.2768439185841514e-06
3070 2.53195766082049e-06
