5.000000000000000000e-01 2.085644904431114606e-05
7.997997997997998709e-01 7.970573464629000587e-06
1.099599599599599742e+00 4.020172240563014493e-06
1.399399399399399391e+00 2.276304487897386084e-06
1.699199199199199262e+00 1.332301094593756421e-06
1.998998998998999133e+00 7.472572873349830956e-07
2.298798798798798781e+00 3.471531997048364366e-07
2.598598598598598652e+00 5.208086446211823792e-08
2.898398398398398523e+00 -1.788304216807646272e-07
3.198198198198198394e+00 -3.682494366294669207e-07
3.497997997997998265e+00 -5.295705879776785763e-07
3.797797797797798136e+00 -6.711210494684844308e-07
4.097597597597597563e+00 -7.982987461817554287e-07
4.397397397397397434e+00 -9.147273601371863475e-07
4.697197197197197305e+00 -1.022912940590741017e-06
4.996996996996997176e+00 -1.124633566877104521e-06
5.296796796796797047e+00 -1.221179251095267135e-06
5.596596596596596918e+00 -1.313504418707306327e-06
5.896396396396396788e+00 -1.402327575833775905e-06
6.196196196196196659e+00 -1.488198113367911126e-06
6.495995995995996530e+00 -1.571541944970751228e-06
6.795795795795796401e+00 -1.652693512399468830e-06
7.095595595595596272e+00 -1.731918440647849198e-06
7.395395395395396143e+00 -1.809429924602936381e-06
7.695195195195195126e+00 -1.885400745596220811e-06
7.994994994994994997e+00 -1.959972189346234557e-06
8.294794794794794868e+00 -2.033260741562475059e-06
8.594594594594594739e+00 -2.105363120980422256e-06
8.894394394394394610e+00 -2.176360554949328149e-06
9.194194194194194480e+00 -2.246321084183336710e-06
9.493993993993994351e+00 -2.315302671199705528e-06
9.793793793793794222e+00 -2.383354712525706721e-06
1.009359359359359409e+01 -2.450519595082678584e-06
1.039339339339339396e+01 -2.516833897912083192e-06
1.069319319319319384e+01 -2.582329355576731716e-06
1.099299299299299371e+01 -2.647033632982065510e-06
1.129279279279279358e+01 -2.710970964115792036e-06
1.159259259259259345e+01 -2.774162576540501287e-06
1.189239239239239332e+01 -2.836627725937234084e-06
1.219219219219219319e+01 -2.898382773974005877e-06
1.249199199199199306e+01 -2.959442813929377437e-06
1.279179179179179293e+01 -3.019821237533181974e-06
1.309159159159159280e+01 -3.079530097811954907e-06
1.339139139139139267e+01 -3.138580279769757328e-06
1.369119119119119254e+01 -3.196981648868850372e-06
1.399099099099099242e+01 -3.254743179486888492e-06
1.429079079079079229e+01 -3.311873100701245704e-06
1.459059059059059216e+01 -3.368378912964314361e-06
1.489039039039039025e+01 -3.424267547391193371e-06
1.519019019019019012e+01 -3.479545401156896911e-06
1.548998998998998999e+01 -3.534218399403678447e-06
1.578978978978978986e+01 -3.588292047469915740e-06
1.608958958958958974e+01 -3.641771492968511810e-06
1.638938938938938961e+01 -3.694661542800048036e-06
1.668918918918918948e+01 -3.746966643478883728e-06
1.698898898898898935e+01 -3.798691260499319783e-06
1.728878878878878922e+01 -3.849839198144206583e-06
1.758858858858858909e+01 -3.900414331016803822e-06
1.788838838838838896e+01 -3.950420274626499417e-06
1.818818818818818883e+01 -3.999860467700186529e-06
1.848798798798798870e+01 -4.048738194918354117e-06
1.878778778778778857e+01 -4.097056603125969404e-06
1.908758758758758844e+01 -4.144818706173071269e-06
1.938738738738738832e+01 -4.192027397287283947e-06
1.968718718718718819e+01 -4.238685494417084813e-06
1.998698698698698806e+01 -4.284795673115903661e-06
2.028678678678678793e+01 -4.330360551331124468e-06
2.058658658658658780e+01 -4.375382662380217489e-06
2.088638638638638767e+01 -4.419864461509159514e-06
2.118618618618618754e+01 -4.463808339813544027e-06
2.148598598598598741e+01 -4.507216628597677869e-06
2.178578578578578728e+01 -4.550091598817741782e-06
2.208558558558558715e+01 -4.592435464173968885e-06
2.238538538538538702e+01 -4.634250421207294665e-06
2.268518518518518690e+01 -4.675538447151304418e-06
2.298498498498498677e+01 -4.716302025410509535e-06
2.328478478478478664e+01 -4.756542822003285450e-06
2.358458458458458651e+01 -4.796262981923406099e-06
2.388438438438438638e+01 -4.835464485898034005e-06
2.418418418418418625e+01 -4.874149295671310288e-06
2.448398398398398612e+01 -4.912319335613000186e-06
2.478378378378378599e+01 -4.949976439462452690e-06
2.508358358358358586e+01 -4.987122691229435298e-06
2.538338338338338573e+01 -5.023759743480441589e-06
2.568318318318318561e+01 -5.059889497393690699e-06
2.598298298298298548e+01 -5.095513774911880893e-06
2.628278278278278535e+01 -5.130634370972987178e-06
2.658258258258258522e+01 -5.165253069755122489e-06
2.688238238238238509e+01 -5.199371639718968203e-06
2.718218218218218496e+01 -5.232991831864332147e-06
2.748198198198198483e+01 -5.266115378703991904e-06
2.778178178178178470e+01 -5.298744031276057286e-06
2.808158158158158457e+01 -5.330879475150916968e-06
2.838138138138138444e+01 -5.362523427400532521e-06
2.868118118118118431e+01 -5.393677581584486205e-06
2.898098098098098419e+01 -5.424343619130043100e-06
2.928078078078078050e+01 -5.454523213578553431e-06
2.958058058058058037e+01 -5.484218033767324210e-06
2.988038038038038025e+01 -5.513429734675288639e-06
3.018018018018018012e+01 -5.542159960031775255e-06
3.047997997997997999e+01 -5.570410387755594626e-06
3.077977977977977986e+01 -5.598182592187636000e-06
3.107957957957957973e+01 -5.625478249598399925e-06
3.137937937937937960e+01 -5.652298972844605509e-06
3.167917917917917947e+01 -5.678646377560446262e-06
3.197897897897897934e+01 -5.704522077116166877e-06
3.227877877877877921e+01 -5.729927680318921046e-06
3.257857857857857908e+01 -5.754864790805973152e-06
3.287837837837837895e+01 -5.779334936724719247e-06
3.317817817817817883e+01 -5.803339914172332807e-06
3.347797797797797870e+01 -5.826881114246936316e-06
3.377777777777777857e+01 -5.849959089433529288e-06
3.407757757757757844e+01 -5.872578722933394736e-06
3.437737737737737831e+01 -5.894738293122817624e-06
3.467717717717717818e+01 -5.916440475888069345e-06
3.497697697697697805e+01 -5.937686846296343642e-06
3.527677677677677792e+01 -5.958478971976345075e-06
3.557657657657657779e+01 -5.978818414024024742e-06
3.587637637637637766e+01 -5.998706758319467798e-06
3.617617617617617753e+01 -6.018145545405946859e-06
3.647597597597597741e+01 -6.037136341736356004e-06
3.677577577577577728e+01 -6.055680706379657524e-06
3.707557557557557715e+01 -6.073780192704292984e-06
3.737537537537537702e+01 -6.091436354077151340e-06
3.767517517517517689e+01 -6.108650744034109701e-06
3.797497497497497676e+01 -6.125424935040762794e-06
3.827477477477477663e+01 -6.141760390630821751e-06
3.857457457457457650e+01 -6.157658755931052607e-06
3.887437437437437637e+01 -6.173121528199225096e-06
3.917417417417417624e+01 -6.188150256440038985e-06
3.947397397397397611e+01 -6.202746483807958556e-06
3.977377377377377599e+01 -6.216911748519888053e-06
4.007357357357357586e+01 -6.230647587918834281e-06
4.037337337337337573e+01 -6.243955543224069061e-06
4.067317317317317560e+01 -6.256837145706797671e-06
4.097297297297297547e+01 -6.269293869920775580e-06
4.127277277277277534e+01 -6.281327437461881777e-06
4.157257257257257521e+01 -6.292939192446149407e-06
4.187237237237237508e+01 -6.304130728612221860e-06
4.217217217217217495e+01 -6.314903578647208077e-06
4.247197197197197482e+01 -6.325259269799072013e-06
4.277177177177177470e+01 -6.335199331147031512e-06
4.307157157157157457e+01 -6.344725293538810107e-06
4.337137137137137444e+01 -6.353838687841652057e-06
4.367117117117117431e+01 -6.362541009250210637e-06
4.397097097097097418e+01 -6.370833831036615182e-06
4.427077077077077405e+01 -6.378718647284133815e-06
4.457057057057057392e+01 -6.386196989196736882e-06
4.487037037037037379e+01 -6.393270266336360786e-06
4.517017017017017366e+01 -6.399940345131781856e-06
4.546996996996997353e+01 -6.406208402484913183e-06
4.576976976976977340e+01 -6.412076075805449258e-06
4.606956956956957328e+01 -6.417544885638828064e-06
4.636936936936937315e+01 -6.422616343793033562e-06
4.666916916916917302e+01 -6.427291993162712839e-06
4.696896896896897289e+01 -6.431573330654354123e-06
4.726876876876877276e+01 -6.435461881575080046e-06
4.756856856856857263e+01 -6.438959167172404554e-06
4.786836836836837250e+01 -6.442066702233412880e-06
4.816816816816817237e+01 -6.444786004583637204e-06
4.846796796796797224e+01 -6.447118593463560453e-06
4.876776776776777211e+01 -6.449065982989948012e-06
4.906756756756757198e+01 -6.450629630255395502e-06
4.936736736736737186e+01 -6.451811230983389239e-06
4.966716716716717173e+01 -6.452612121159270237e-06
4.996696696696697160e+01 -6.453033874168122214e-06
5.026676676676677147e+01 -6.453078013432262793e-06
5.056656656656657134e+01 -6.452746039074189815e-06
5.086636636636637121e+01 -6.452039464971941744e-06
5.116616616616617108e+01 -6.450959819059513998e-06
5.146596596596597095e+01 -6.449508607570410862e-06
5.176576576576577082e+01 -6.447687337011934087e-06
5.206556556556557069e+01 -6.445497540505833176e-06
5.236536536536537056e+01 -6.442940710842888675e-06
5.266516516516517044e+01 -6.440018366433100745e-06
5.296496496496497031e+01 -6.436732021321296259e-06
5.326476476476477018e+01 -6.433083185657398963e-06
5.356456456456457005e+01 -6.429073370555314541e-06
5.386436436436436992e+01 -6.424704090138473679e-06
5.416416416416416979e+01 -6.419976853481301212e-06
5.446396396396396966e+01 -6.414893165879977305e-06
5.476376376376376953e+01 -6.409454557780236363e-06
5.506356356356356940e+01 -6.403662520759169987e-06
5.536336336336336927e+01 -6.397518568491623602e-06
5.566316316316316914e+01 -6.391024218092044382e-06
5.596296296296296902e+01 -6.384180863482060363e-06
5.626276276276276889e+01 -6.376990343928330650e-06
5.656256256256256876e+01 -6.369453845502293007e-06
5.686236236236236863e+01 -6.361572982942464588e-06
5.716216216216216850e+01 -6.353349210120342428e-06
5.746196196196196837e+01 -6.344784207831663324e-06
5.776176176176176824e+01 -6.335879313657101482e-06
5.806156156156156101e+01 -6.326636092510476023e-06
5.836136136136136088e+01 -6.317056055761795583e-06
5.866116116116116075e+01 -6.307140709980602744e-06
5.896096096096096062e+01 -6.296891564320833325e-06
5.926076076076076049e+01 -6.286310128765704822e-06
5.956056056056056036e+01 -6.275397910426094339e-06
5.986036036036036023e+01 -6.264156411042336032e-06
6.016016016016016010e+01 -6.252587162964847484e-06
6.045995995995995997e+01 -6.240691747891015183e-06
6.075975975975975985e+01 -6.228471372111242188e-06
6.105955955955955972e+01 -6.215927859662397140e-06
6.135935935935935959e+01 -6.203062613427658215e-06
6.165915915915915946e+01 -6.189877139571478725e-06
6.195895895895895933e+01 -6.176372947606438400e-06
6.225875875875875920e+01 -6.162551542526468099e-06
6.255855855855855907e+01 -6.148414426514967972e-06
6.285835835835835894e+01 -6.133963125645471309e-06
6.315815815815815881e+01 -6.119199127284070827e-06
6.345795795795795868e+01 -6.104123945405199034e-06
6.375775775775775855e+01 -6.088739088213531242e-06
6.405755755755755843e+01 -6.073046061249987620e-06
6.435735735735735830e+01 -6.057046370652814280e-06
6.465715715715715817e+01 -6.040741540551691988e-06
6.495695695695695804e+01 -6.024133031133102461e-06
6.525675675675675791e+01 -6.007222339433498428e-06
6.555655655655655778e+01 -5.990011121131703708e-06
6.585635635635635765e+01 -5.972500718581904278e-06
6.615615615615615752e+01 -5.954692692411366730e-06
6.645595595595595739e+01 -5.936588551109951356e-06
6.675575575575575726e+01 -5.918189799220368634e-06
6.705555555555555713e+01 -5.899497033341854607e-06
6.735535535535535701e+01 -5.880514489135296789e-06
6.765515515515515688e+01 -5.861240942947814161e-06
6.795495495495495675e+01 -5.841678805692696340e-06
6.825475475475475662e+01 -5.821829600863634487e-06
6.855455455455455649e+01 -5.801694822838016210e-06
6.885435435435435636e+01 -5.781275963961081034e-06
6.915415415415415623e+01 -5.760574551024025313e-06
6.945395395395395610e+01 -5.739592081679210770e-06
6.975375375375375597e+01 -5.718330061536160469e-06
7.005355355355355584e+01 -5.696789997765107347e-06
7.035335335335335571e+01 -5.674973395382203322e-06
7.065315315315315559e+01 -5.652881753567573801e-06
7.095295295295295546e+01 -5.630516607435744582e-06
7.125275275275275533e+01 -5.607879411595155082e-06
7.155255255255255520e+01 -5.584971709923294362e-06
7.185235235235235507e+01 -5.561794999366957560e-06
7.215215215215215494e+01 -5.538350781515031038e-06
7.245195195195195481e+01 -5.514640563888913192e-06
7.275175175175175468e+01 -5.490665853054896539e-06
7.305155155155155455e+01 -5.466428152280088736e-06
7.335135135135135442e+01 -5.441928915942720890e-06
7.365115115115115429e+01 -5.417169804642608889e-06
7.395095095095095417e+01 -5.392152168572059731e-06
7.425075075075075404e+01 -5.366877563537846704e-06
7.455055055055055391e+01 -5.341347497542172059e-06
7.485035035035035378e+01 -5.315563474862486047e-06
7.515015015015015365e+01 -5.289527015789049501e-06
7.544994994994995352e+01 -5.263239782509018053e-06
7.574974974974975339e+01 -5.236702708225532115e-06
7.604954954954955326e+01 -5.209917891333213948e-06
7.634934934934935313e+01 -5.182886658047596109e-06
7.664914914914915300e+01 -5.155610493277004419e-06
7.694894894894895288e+01 -5.128090904110542154e-06
7.724874874874875275e+01 -5.100329399514257977e-06
7.754854854854855262e+01 -5.072327481814192388e-06
7.784834834834835249e+01 -5.044086655707150638e-06
7.814814814814815236e+01 -5.015608333970998276e-06
7.844794794794795223e+01 -4.986894302313823521e-06
7.874774774774775210e+01 -4.957945776757175066e-06
7.904754754754755197e+01 -4.928764374614909367e-06
7.934734734734735184e+01 -4.899351585373920233e-06
7.964714714714715171e+01 -4.869708912081059649e-06
7.994694694694695158e+01 -4.839837868527481676e-06
8.024674674674675146e+01 -4.809739954806896046e-06
8.054654654654655133e+01 -4.779416675343659862e-06
8.084634634634635120e+01 -4.748869539257417662e-06
8.114614614614615107e+01 -4.718100048523261324e-06
8.144594594594595094e+01 -4.687109649464690048e-06
8.174574574574575081e+01 -4.655900007691582384e-06
8.204554554554555068e+01 -4.624472476353744721e-06
8.234534534534535055e+01 -4.592828606048472412e-06
8.264514514514515042e+01 -4.560969904245576160e-06
8.294494494494495029e+01 -4.528897874764513806e-06
8.324474474474475016e+01 -4.496614021390359584e-06
8.354454454454455004e+01 -4.464119850548976419e-06
8.384434434434434991e+01 -4.431416864801992624e-06
8.414414414414414978e+01 -4.398506563838704592e-06
8.444394394394394965e+01 -4.365390468523268473e-06
8.474374374374374952e+01 -4.332070070541300271e-06
8.504354354354354939e+01 -4.298546868433977948e-06
8.534334334334334926e+01 -4.264822379333196705e-06
8.564314314314314913e+01 -4.230898102422492951e-06
8.594294294294294900e+01 -4.196775549432444542e-06
8.624274274274274887e+01 -4.162456207026877649e-06
8.654254254254254874e+01 -4.127941589279726587e-06
8.684234234234234862e+01 -4.093233200144241439e-06
8.714214214214214849e+01 -4.058332556331944276e-06
8.744194194194194836e+01 -4.023241150051625237e-06
8.774174174174174823e+01 -3.987960478348276837e-06
8.804154154154154810e+01 -3.952492059987149934e-06
8.834134134134134797e+01 -3.916837391197425730e-06
8.864114114114114784e+01 -3.880997980061334147e-06
8.894094094094094771e+01 -3.844975327666379877e-06
8.924074074074074758e+01 -3.808770853540424705e-06
8.954054054054054745e+01 -3.772386276116004825e-06
8.984034034034034732e+01 -3.735822977475948346e-06
9.014014014014014720e+01 -3.699082410416831916e-06
9.043993993993994707e+01 -3.662166127550954178e-06
9.073973973973974694e+01 -3.625075623650025376e-06
9.103953953953954681e+01 -3.587812415536943095e-06
9.133933933933934668e+01 -3.550377997036810827e-06
9.163913913913914655e+01 -3.512773888023661651e-06
9.193893893893894642e+01 -3.475001565660685104e-06
9.223873873873874629e+01 -3.437062552818310259e-06
9.253853853853854616e+01 -3.398958362038775823e-06
9.283833833833834603e+01 -3.360690479960197128e-06
9.313813813813814591e+01 -3.322260417014197360e-06
9.343793793793794578e+01 -3.283669683883195996e-06
9.373773773773774565e+01 -3.244919768342671177e-06
9.403753753753754552e+01 -3.206012190145579397e-06
9.433733733733734539e+01 -3.166948445844399935e-06
9.463713713713714526e+01 -3.127730046115709436e-06
9.493693693693694513e+01 -3.088358478938948184e-06
9.523673673673674500e+01 -3.048835273649099858e-06
9.553653653653654487e+01 -3.009161915336740429e-06
9.583633633633634474e+01 -2.969339913667599116e-06
9.613613613613614461e+01 -2.929370772405413394e-06
9.643593593593594449e+01 -2.889255995949982340e-06
9.673573573573574436e+01 -2.848997087975224054e-06
9.703553553553554423e+01 -2.808595553315801787e-06
9.733533533533534410e+01 -2.768052895090592431e-06
9.763513513513514397e+01 -2.727370574460898275e-06
9.793493493493494384e+01 -2.686550226006476736e-06
9.823473473473474371e+01 -2.645593223354309018e-06
9.853453453453454358e+01 -2.604501112754852912e-06
9.883433433433434345e+01 -2.563275400946157193e-06
9.913413413413414332e+01 -2.521917590054516747e-06
9.943393393393394319e+01 -2.480429185402318090e-06
9.973373373373374307e+01 -2.438811696133153073e-06
1.000335335335335429e+02 -2.397066653875523263e-06
1.003333333333333428e+02 -2.355188967359759688e-06
1.006331331331331427e+02 -2.313199740996162042e-06
1.009329329329329425e+02 -2.271080877342700355e-06
1.012327327327327424e+02 -2.228840476931042123e-06
1.015325325325325423e+02 -2.186480016500696931e-06
1.018323323323323422e+02 -2.144000993210131758e-06
1.021321321321321420e+02 -2.101404911391327141e-06
1.024319319319319419e+02 -2.058693276042298330e-06
1.027317317317317418e+02 -2.015867589362409505e-06
1.030315315315315416e+02 -1.972929350994666710e-06
1.033313313313313415e+02 -1.929880079139266817e-06
1.036311311311311414e+02 -1.886721263514151353e-06
1.039309309309309413e+02 -1.843454412212581153e-06
1.042307307307307411e+02 -1.800081031056188186e-06
1.045305305305305410e+02 -1.756602621752399381e-06
1.048303303303303409e+02 -1.713020688746370735e-06
1.051301301301301407e+02 -1.669336737474746734e-06
1.054299299299299406e+02 -1.625552270349446854e-06
1.057297297297297405e+02 -1.581668750636613836e-06
1.060295295295295404e+02 -1.537687805184287508e-06
1.063293293293293402e+02 -1.493610815323352641e-06
1.066291291291291401e+02 -1.449439324788433485e-06
1.069289289289289400e+02 -1.405174839712756632e-06
1.072287287287287398e+02 -1.360818862288997246e-06
1.075285285285285397e+02 -1.316372898713392700e-06
1.078283283283283396e+02 -1.271838446917186929e-06
1.081281281281281395e+02 -1.227217018026411741e-06
1.084279279279279393e+02 -1.182510106242332877e-06
1.087277277277277392e+02 -1.137719232042622294e-06
1.090275275275275391e+02 -1.092845884925767141e-06
1.093273273273273389e+02 -1.047891576769838277e-06
1.096271271271271388e+02 -1.002857800675369420e-06
1.099269269269269387e+02 -9.577460723138396848e-07
1.102267267267267385e+02 -9.125578874632446201e-07
1.105265265265265384e+02 -8.672947581185981458e-07
1.108263263263263383e+02 -8.219581929895994869e-07
1.111261261261261382e+02 -7.765496562693393495e-07
1.114259259259259380e+02 -7.310706317950551480e-07
1.117257257257257379e+02 -6.855228159179760933e-07
1.120255255255255378e+02 -6.399074950961858681e-07
1.123253253253253376e+02 -5.942262504206961686e-07
1.126251251251251375e+02 -5.484805854980935984e-07
1.129249249249249374e+02 -5.026720049432583824e-07
1.132247247247247373e+02 -4.568019969584309636e-07
1.135245245245245371e+02 -4.108720874523924879e-07
1.138243243243243370e+02 -3.648837301122002607e-07
1.141241241241241369e+02 -3.188385491814058623e-07
1.144239239239239367e+02 -2.727379284018217301e-07
1.147237237237237366e+02 -2.265834133922443885e-07
1.150235235235235365e+02 -1.803765122639942601e-07
1.153233233233233364e+02 -1.341187145756241419e-07
1.156231231231231220e+02 -8.781154014526548014e-08
1.159229229229229219e+02 -4.145648056064268205e-08
1.162227227227227218e+02 4.944950087652186547e-09
1.165225225225225216e+02 5.139126208464136624e-08
1.168223223223223215e+02 9.788093133936535435e-08
1.171221221221221214e+02 1.444124692140071791e-07
1.174219219219219212e+02 1.909843689784725517e-07
1.177217217217217211e+02 2.375951219458906323e-07
1.180215215215215210e+02 2.842432324987074634e-07
1.183213213213213209e+02 3.309271918037145580e-07
1.186211211211211207e+02 3.776454948830492743e-07
1.189209209209209206e+02 4.243966396984971429e-07
1.192207207207207205e+02 4.711791274022991693e-07
1.195205205205205203e+02 5.179914399607876989e-07
1.198203203203203202e+02 5.648320854541954799e-07
1.201201201201201201e+02 6.116995389253557775e-07
1.204199199199199199e+02 6.585923042630375748e-07
1.207197197197197198e+02 7.055089703499173491e-07
1.210195195195195197e+02 7.524479044819506411e-07
1.213193193193193196e+02 7.994076465331016989e-07
1.216191191191191194e+02 8.463866960127843506e-07
1.219189189189189193e+02 8.933835846434133745e-07
1.222187187187187192e+02 9.403967021233953670e-07
1.225185185185185190e+02 9.874247170547308702e-07
1.228183183183183189e+02 1.034465892909241957e-06
1.231181181181181188e+02 1.081518922139266159e-06
1.234179179179179187e+02 1.128582236663003204e-06
1.237177177177177185e+02 1.175654332284050342e-06
1.240175175175175184e+02 1.222733704779297874e-06
1.243173173173173183e+02 1.269818850785319485e-06
1.246171171171171181e+02 1.316908270389380810e-06
1.249169169169169180e+02 1.364000447613896888e-06
1.252167167167167179e+02 1.411093887180911292e-06
1.255165165165165178e+02 1.458187093274077362e-06
1.258163163163163176e+02 1.505278549459437256e-06
1.261161161161161175e+02 1.552366755151471889e-06
1.264159159159159174e+02 1.599450210855983663e-06
1.267157157157157172e+02 1.646527407220300807e-06
1.270155155155155171e+02 1.693596843904776726e-06
1.273153153153153170e+02 1.740657020217106046e-06
1.276151151151151169e+02 1.787706420373201706e-06
1.279149149149149167e+02 1.834743552686471920e-06
1.282147147147147166e+02 1.881766909460095226e-06
1.285145145145145307e+02 1.928774984729232640e-06
1.288143143143143163e+02 1.975766160248183045e-06
1.291141141141141304e+02 2.022739285155360473e-06
1.294139139139139161e+02 2.069692503720411977e-06
1.297137137137137302e+02 2.116624426007319713e-06
1.300135135135135158e+02 2.163533582678619684e-06
1.303133133133133299e+02 2.210418371389621481e-06
1.306131131131131156e+02 2.257277387792308476e-06
1.309129129129129296e+02 2.304109095205452238e-06
1.312127127127127153e+02 2.350911988237813484e-06
1.315125125125125294e+02 2.397684541483541115e-06
1.318123123123123150e+02 2.444425321027986497e-06
1.321121121121121291e+02 2.491132751876663080e-06
1.324119119119119148e+02 2.537805354997405244e-06
1.327117117117117289e+02 2.584441629753877435e-06
1.330115115115115145e+02 2.631040061458977339e-06
1.333113113113113286e+02 2.677599156743542360e-06
1.336111111111111143e+02 2.724117937606395597e-06
1.339109109109109284e+02 2.770593314975390507e-06
1.342107107107107140e+02 2.817025369344301426e-06
1.345105105105105281e+02 2.863412071998316669e-06
1.348103103103103138e+02 2.909751914211414686e-06
1.351101101101101278e+02 2.956043394391904167e-06
1.354099099099099135e+02 3.002285013443870875e-06
1.357097097097097276e+02 3.048475255360625797e-06
1.360095095095095132e+02 3.094612627691824901e-06
1.363093093093093273e+02 3.140695623688072561e-06
1.366091091091091130e+02 3.186722686847442322e-06
1.369089089089089271e+02 3.232692468209963563e-06
1.372087087087087127e+02 3.278603311753885670e-06
1.375085085085085268e+02 3.324453761738319635e-06
1.378083083083083125e+02 3.370242316412870241e-06
1.381081081081081265e+02 3.415967503215553742e-06
1.384079079079079122e+02 3.461627726088579335e-06
1.387077077077077263e+02 3.507221534899481268e-06
1.390075075075075119e+02 3.552747508245428067e-06
1.393073073073073260e+02 3.598204028692301541e-06
1.396071071071071117e+02 3.643589632816284188e-06
1.399069069069069258e+02 3.688902815160123213e-06
1.402067067067067114e+02 3.734142068383249046e-06
1.405065065065065255e+02 3.779305898634789758e-06
1.408063063063063112e+02 3.824392796570701882e-06
1.411061061061061253e+02 3.869401251116355379e-06
1.414059059059059109e+02 3.914329763485557845e-06
1.417057057057057250e+02 3.959176842842774693e-06
1.420055055055055107e+02 4.003940968387391646e-06
1.423053053053053247e+02 4.048620641878791066e-06
1.426051051051051104e+02 4.093214362509708267e-06
1.429049049049049245e+02 4.137720622410909926e-06
1.432047047047047101e+02 4.182137919767431505e-06
1.435045045045045242e+02 4.226464754757175399e-06
1.438043043043043099e+02 4.270699612442889290e-06
1.441041041041041240e+02 4.314841000084660345e-06
1.444039039039039096e+02 4.358887410570558600e-06
1.447037037037037237e+02 4.402837390669260120e-06
1.450035035035035094e+02 4.446689282657915059e-06
1.453033033033033234e+02 4.490441738132720559e-06
1.456031031031031091e+02 4.534093200421479603e-06
1.459029029029029232e+02 4.577642166927434879e-06
1.462027027027027088e+02 4.621087160716070335e-06
1.465025025025025229e+02 4.664426595761092761e-06
1.468023023023023086e+02 4.707659052304559119e-06
1.471021021021021227e+02 4.750782997335420336e-06
1.474019019019019083e+02 4.793796926621838040e-06
1.477017017017017224e+02 4.836699337394410121e-06
1.480015015015015081e+02 4.879488726490924637e-06
1.483013013013013222e+02 4.922163587015125692e-06
1.486011011011011078e+02 4.964722418123733606e-06
1.489009009009009219e+02 5.007163716415912008e-06
1.492007007007007076e+02 5.049485963992087029e-06
1.495005005005005216e+02 5.091687654530753592e-06
1.498003003003003073e+02 5.133767212017162525e-06
1.501001001001001214e+02 5.175721807890453832e-06
1.503998998998999070e+02 5.217552880736771270e-06
1.506996996996997211e+02 5.259258945377173849e-06
1.509994994994995068e+02 5.300835533578422038e-06
1.512992992992993209e+02 5.342282469650290394e-06
1.515990990990991065e+02 5.383598322458590474e-06
1.518988988988989206e+02 5.424781591272371023e-06
1.521986986986987063e+02 5.465830786341373668e-06
1.524984984984985203e+02 5.506744403781202783e-06
1.527982982982983060e+02 5.547520937000963783e-06
1.530980980980981201e+02 5.588158885495671780e-06
1.533978978978979058e+02 5.628656744983075543e-06
1.536976976976977198e+02 5.669013010878322164e-06
1.539974974974975055e+02 5.709226179901431627e-06
1.542972972972972912e+02 5.749294775065287133e-06
1.545970970970971052e+02 5.789217216771831000e-06
1.548968968968968909e+02 5.828992075481907281e-06
1.551966966966967050e+02 5.868617823410142652e-06
1.554964964964964906e+02 5.908092955829962042e-06
1.557962962962963047e+02 5.947416014857637669e-06
1.560960960960960904e+02 5.986585362613652968e-06
1.563958958958959045e+02 6.025599628358220700e-06
1.566956956956956901e+02 6.064457264850884516e-06
1.569954954954955042e+02 6.103156771385341822e-06
1.572952952952952899e+02 6.141696634621470049e-06
1.575950950950951039e+02 6.180075360764742748e-06
1.578948948948948896e+02 6.218291442552844337e-06
1.581946946946947037e+02 6.256343374435932846e-06
1.584944944944944893e+02 6.294229657057366287e-06
1.587942942942943034e+02 6.331948783465839246e-06
1.590940940940940891e+02 6.369499244082403571e-06
1.593938938938939032e+02 6.406879554144696697e-06
1.596936936936936888e+02 6.444088194431583623e-06
1.599934934934935029e+02 6.481123658987854435e-06
1.602932932932932886e+02 6.517984449035824327e-06
1.605930930930931027e+02 6.554669068360848030e-06
1.608928928928928883e+02 6.591176002320968391e-06
1.611926926926927024e+02 6.627503750982143932e-06
1.614924924924924881e+02 6.663650812647860049e-06
1.617922922922923021e+02 6.699615636954023114e-06
1.620920920920920878e+02 6.735396852661010049e-06
1.623918918918919019e+02 6.770992846777118574e-06
1.626916916916916875e+02 6.806402092645302025e-06
1.629914914914915016e+02 6.841623154805756808e-06
1.632912912912912873e+02 6.876654506202060224e-06
1.635910910910911014e+02 6.911494641252206771e-06
1.638908908908908870e+02 6.946141998045081173e-06
1.641906906906907011e+02 6.980595255998242694e-06
1.644904904904904868e+02 7.014852725835098984e-06
1.647902902902903008e+02 7.048912966791400875e-06
1.650900900900900865e+02 7.082774477186791763e-06
1.653898898898899006e+02 7.116435745085524626e-06
1.656896896896896862e+02 7.149895276240881932e-06
1.659894894894895003e+02 7.183151562937959762e-06
1.662892892892892860e+02 7.216203099408962710e-06
1.665890890890891001e+02 7.249048387551477578e-06
1.668888888888888857e+02 7.281686257292269253e-06
1.671886886886886998e+02 7.314114193114747675e-06
1.674884884884884855e+02 7.346331704534139076e-06
1.677882882882882996e+02 7.378336951314811696e-06
1.680880880880880852e+02 7.410128423305685593e-06
1.683878878878878993e+02 7.441704623986688120e-06
1.686876876876876850e+02 7.473064047729045697e-06
1.689874874874874990e+02 7.504205159710805329e-06
1.692872872872872847e+02 7.535126547329809983e-06
1.695870870870870988e+02 7.565826616904643509e-06
1.698868868868868844e+02 7.596303893378721190e-06
1.701866866866866985e+02 7.626556874443874074e-06
1.704864864864864842e+02 7.656584076041068323e-06
1.707862862862862983e+02 7.686383935546577302e-06
1.710860860860860839e+02 7.715955007134909751e-06
1.713858858858858980e+02 7.745295765481534817e-06
1.716856856856856837e+02 7.774404555427137705e-06
1.719854854854854977e+02 7.803280343277021124e-06
1.722852852852852834e+02 7.831921153355294219e-06
1.725850850850850975e+02 7.860325635917522047e-06
1.728848848848848831e+02 7.888492289366721462e-06
1.731846846846846972e+02 7.916419612632628281e-06
1.734844844844844829e+02 7.944106094678094100e-06
1.737842842842842970e+02 7.971550239086914536e-06
1.740840840840840826e+02 7.998750540715533750e-06
1.743838838838838967e+02 8.025705492096015523e-06
1.746836836836836824e+02 8.052413596318213292e-06
1.749834834834834965e+02 8.078873343755557865e-06
1.752832832832832821e+02 8.105083227213113437e-06
1.755830830830830962e+02 8.131041759810935074e-06
1.758828828828828819e+02 8.156747423575702832e-06
1.761826826826826959e+02 8.182198713173669788e-06
1.764824824824824816e+02 8.207394131771998075e-06
1.767822822822822957e+02 8.232332173323740724e-06
1.770820820820820813e+02 8.257011334638864145e-06
1.773818818818818954e+02 8.281430111576057460e-06
1.776816816816816811e+02 8.305587001039007886e-06
1.779814814814814952e+02 8.329480528832224404e-06
1.782812812812812808e+02 8.353109100217610483e-06
1.785810810810810949e+02 8.376471319723835404e-06
1.788808808808808806e+02 8.399565603621074908e-06
1.791806806806806946e+02 8.422390497621358565e-06
1.794804804804804803e+02 8.444944481153502828e-06
1.797802802802802944e+02 8.467226046826133092e-06
1.800800800800800801e+02 8.489233624165909157e-06
1.803798798798798941e+02 8.510965902556767986e-06
1.806796796796796798e+02 8.532421241415114022e-06
1.809794794794794939e+02 8.553598123556658840e-06
1.812792792792792795e+02 8.574495073312636518e-06
1.815790790790790936e+02 8.595110582034518011e-06
1.818788788788788793e+02 8.615443154573366950e-06
1.821786786786786934e+02 8.635491283620021750e-06
1.824784784784784790e+02 8.655253464112633063e-06
1.827782782782782931e+02 8.674728192788910310e-06
1.830780780780780788e+02 8.693913973799105777e-06
1.833778778778778928e+02 8.712809292080242048e-06
1.836776776776776785e+02 8.731412650148143411e-06
1.839774774774774926e+02 8.749722544544558215e-06
1.842772772772772782e+02 8.767737462166358626e-06
1.845770770770770923e+02 8.785455916848654761e-06
1.848768768768768780e+02 8.802876386807376269e-06
1.851766766766766921e+02 8.819997386360636863e-06
1.854764764764764777e+02 8.836817390565516057e-06
1.857762762762762918e+02 8.853334921600051214e-06
1.860760760760760775e+02 8.869548454214318142e-06
1.863758758758758916e+02 8.885456490067396106e-06
1.866756756756756772e+02 8.901057545589578812e-06
1.869754754754754913e+02 8.916350066936441304e-06
1.872752752752752770e+02 8.931332601132104459e-06
1.875750750750750910e+02 8.946003610339043309e-06
1.878748748748748767e+02 8.960361629288677557e-06
1.881746746746746908e+02 8.974405126653599592e-06
1.884744744744744764e+02 8.988132599915532245e-06
1.887742742742742905e+02 9.001542546670329261e-06
1.890740740740740762e+02 9.014633492419558286e-06
1.893738738738738903e+02 9.027403859688120123e-06
1.896736736736736759e+02 9.039852188319298640e-06
1.899734734734734900e+02 9.051977024101295387e-06
1.902732732732732757e+02 9.063776800479042932e-06
1.905730730730730897e+02 9.075250023847422406e-06
1.908728728728728754e+02 9.086395202802724768e-06
1.911726726726726895e+02 9.097210819464027814e-06
1.914724724724724751e+02 9.107695392815400788e-06
1.917722722722722892e+02 9.117847398284674605e-06
1.920720720720720749e+02 9.127665340463658137e-06
1.923718718718718890e+02 9.137147709607231459e-06
1.926716716716716746e+02 9.146293012033050013e-06
1.929714714714714887e+02 9.155099732573183916e-06
1.932712712712712744e+02 9.163566382589122475e-06
1.935710710710710885e+02 9.171691445623546680e-06
1.938708708708708741e+02 9.179473422119264244e-06
1.941706706706706882e+02 9.186910807335078614e-06
1.944704704704704739e+02 9.194002099581173522e-06
1.947702702702702879e+02 9.200745804842295052e-06
1.950700700700700736e+02 9.207140386806934488e-06
1.953698698698698877e+02 9.213184375053464625e-06
1.956696696696696733e+02 9.218876254683584803e-06
1.959694694694694874e+02 9.224214521364803722e-06
1.962692692692692731e+02 9.229197672041838878e-06
1.965690690690690872e+02 9.233824203990968649e-06
1.968688688688688728e+02 9.238092611551105147e-06
1.971686686686686869e+02 9.242001392350673923e-06
1.974684684684684726e+02 9.245549043715143946e-06
1.977682682682682866e+02 9.248734057782412215e-06
1.980680680680680723e+02 9.251554935070714728e-06
1.983678678678678864e+02 9.254010170543104907e-06
1.986676676676676720e+02 9.256098259455574048e-06
1.989674674674674861e+02 9.257817697730028728e-06
1.992672672672672718e+02 9.259166982372130463e-06
1.995670670670670859e+02 9.260144598603015320e-06
1.998668668668668715e+02 9.260748985711133541e-06
2.001666666666666856e+02 9.260980210953637055e-06
2.004664664664664713e+02 9.260832434500712560e-06
2.007662662662662854e+02 9.260308489857727447e-06
2.010660660660660710e+02 9.259405301170409776e-06
2.013658658658658851e+02 9.258121423083622297e-06
2.016656656656656708e+02 9.256455359719299291e-06
2.019654654654654848e+02 9.254405610044373184e-06
2.022652652652652705e+02 9.251970669117942463e-06
2.025650650650650846e+02 9.249149036190026433e-06
2.028648648648648702e+02 9.245939213773157815e-06
2.031646646646646843e+02 9.242339674465325315e-06
2.034644644644644700e+02 9.238348938544254656e-06
2.037642642642642841e+02 9.233965494712902315e-06
2.040640640640640697e+02 9.229187840113791695e-06
2.043638638638638838e+02 9.224014469883575623e-06
2.046636636636636695e+02 9.218443879471011459e-06
2.049634634634634835e+02 9.212474568771721937e-06
2.052632632632632692e+02 9.206105030528624446e-06
2.055630630630630833e+02 9.199333764307007341e-06
2.058628628628628690e+02 9.192159254541380743e-06
2.061626626626626830e+02 9.184580023095249883e-06
2.064624624624624687e+02 9.176594539785475820e-06
2.067622622622622828e+02 9.168201318435799792e-06
2.070620620620620684e+02 9.159398835441931854e-06
2.073618618618618825e+02 9.150185622014450184e-06
2.076616616616616682e+02 9.140560140973173124e-06
2.079614614614614823e+02 9.130520900121833069e-06
2.082612612612612679e+02 9.120066400468379808e-06
2.085610610610610820e+02 9.109195130424385401e-06
2.088608608608608677e+02 9.097905573178498171e-06
2.091606606606606817e+02 9.086196277744917489e-06
2.094604604604604674e+02 9.074065681478193715e-06
2.097602602602602815e+02 9.061512313630258226e-06
2.100600600600600671e+02 9.048534646310063564e-06
2.103598598598598812e+02 9.035131208666499550e-06
2.106596596596596669e+02 9.021300471560075168e-06
2.109594594594594810e+02 9.007040942644213430e-06
2.112592592592592666e+02 8.992351112607107670e-06
2.115590590590590807e+02 8.977229465329078067e-06
2.118588588588588664e+02 8.961674517701078891e-06
2.121586586586586805e+02 8.945684765533875831e-06
2.124584584584584661e+02 8.929258693874238140e-06
2.127582582582582802e+02 8.912394808219156446e-06
2.130580580580580659e+02 8.895091588707931663e-06
2.133578578578578799e+02 8.877347563550610764e-06
2.136576576576576656e+02 8.859161200068455184e-06
2.139574574574574797e+02 8.840531001528356716e-06
2.142572572572572653e+02 8.821455457671949376e-06
2.145570570570570794e+02 8.801933074836556709e-06
2.148568568568568651e+02 8.781962377993817137e-06
2.151566566566566792e+02 8.761541814739454839e-06
2.154564564564564648e+02 8.740669899879010334e-06
2.157562562562562789e+02 8.719345120184587836e-06
2.160560560560560646e+02 8.697566000722366502e-06
2.163558558558558786e+02 8.675331010719294680e-06
2.166556556556556643e+02 8.652638653255142727e-06
2.169554554554554784e+02 8.629487427194646847e-06
2.172552552552552640e+02 8.605875828398029290e-06
2.175550550550550781e+02 8.581802352162830013e-06
2.178548548548548638e+02 8.557265495737502361e-06
2.181546546546546779e+02 8.532263753427785248e-06
2.184544544544544635e+02 8.506795623764321369e-06
2.187542542542542776e+02 8.480859606720762134e-06
2.190540540540540633e+02 8.454454194543680563e-06
2.193538538538538774e+02 8.427577863578796519e-06
2.196536536536536630e+02 8.400229156140912344e-06
2.199534534534534771e+02 8.372406539131330537e-06
2.202532532532532628e+02 8.344108505802247047e-06
2.205530530530530768e+02 8.315333560337936087e-06
2.208528528528528625e+02 8.286080198308317998e-06
2.211526526526526766e+02 8.256346907567047955e-06
2.214524524524524622e+02 8.226132205421112317e-06
2.217522522522522763e+02 8.195434569629334319e-06
2.220520520520520620e+02 8.164252499209283709e-06
2.223518518518518761e+02 8.132584499246408300e-06
2.226516516516516617e+02 8.100429053667017079e-06
2.229514514514514758e+02 8.067784667131742038e-06
2.232512512512512615e+02 8.034649834469060004e-06
2.235510510510510755e+02 8.001023051440220814e-06
2.238508508508508612e+02 7.966902811614393697e-06
2.241506506506506753e+02 7.932287618343068707e-06
2.244504504504504609e+02 7.897175959425372426e-06
2.247502502502502750e+02 7.861566320899900559e-06
2.250500500500500607e+02 7.825456608601513684e-06
2.253498498498498748e+02 7.788847124935382001e-06
2.256496496496496604e+02 7.751734646823823756e-06
2.259494494494494745e+02 7.714118138077754992e-06
2.262492492492492602e+02 7.675996141114331816e-06
2.265490490490490743e+02 7.637367154729977225e-06
2.268488488488488599e+02 7.598229678724487425e-06
2.271486486486486740e+02 7.558582207498091242e-06
2.274484484484484597e+02 7.518423238206684192e-06
2.277482482482482737e+02 7.477751267162767695e-06
2.280480480480480594e+02 7.436564791538595166e-06
2.283478478478478735e+02 7.394862306508821564e-06
2.286476476476476591e+02 7.352642306661263019e-06
2.289474474474474732e+02 7.309903295086872418e-06
2.292472472472472589e+02 7.266643761226008556e-06
2.295470470470470730e+02 7.222862167596400555e-06
2.298468468468468586e+02 7.178557119237221064e-06
2.301466466466466727e+02 7.133727002421684657e-06
2.304464464464464584e+02 7.088370353056271893e-06
2.307462462462462440e+02 7.042485663327675645e-06
2.310460460460460581e+02 6.996071433143771827e-06
2.313458458458458438e+02 6.949126157750196758e-06
2.316456456456456579e+02 6.901648332837424743e-06
2.319454454454454435e+02 6.853636432690148820e-06
2.322452452452452576e+02 6.805089019400551239e-06
2.325450450450450433e+02 6.756004524185094579e-06
2.328448448448448573e+02 6.706381464791964331e-06
2.331446446446446430e+02 6.656218336206345195e-06
2.334444444444444571e+02 6.605513594356663215e-06
2.337442442442442427e+02 6.554265865576162215e-06
2.340440440440440568e+02 6.502473515067000899e-06
2.343438438438438425e+02 6.450135081282332145e-06
2.346436436436436566e+02 6.397249060663486001e-06
2.349434434434434422e+02 6.343813950629481992e-06
2.352432432432432563e+02 6.289828245863332589e-06
2.355430430430430420e+02 6.235290448477698116e-06
2.358428428428428560e+02 6.180198993207850641e-06
2.361426426426426417e+02 6.124552543481478190e-06
2.364424424424424558e+02 6.068349429762043818e-06
2.367422422422422414e+02 6.011588205992882339e-06
2.370420420420420555e+02 5.954267365799558435e-06
2.373418418418418412e+02 5.896385407245908166e-06
2.376416416416416553e+02 5.837940824174243473e-06
2.379414414414414409e+02 5.778932117959076126e-06
2.382412412412412550e+02 5.719357780198127342e-06
2.385410410410410407e+02 5.659216308147871024e-06
2.388408408408408548e+02 5.598506199740931898e-06
2.391406406406406404e+02 5.537225949068218453e-06
2.394404404404404545e+02 5.475374052909381793e-06
2.397402402402402402e+02 5.412949001727428153e-06
2.400400400400400542e+02 5.349948875666429179e-06
2.403398398398398399e+02 5.286373440974022786e-06
2.406396396396396540e+02 5.222219953182927367e-06
2.409394394394394396e+02 5.157487281958940490e-06
2.412392392392392537e+02 5.092173945175802495e-06
2.415390390390390394e+02 5.026278435677585985e-06
2.418388388388388535e+02 4.959799252441729134e-06
2.421386386386386391e+02 4.892734890037282905e-06
2.424384384384384532e+02 4.825083847014713105e-06
2.427382382382382389e+02 4.756844618588952801e-06
2.430380380380380529e+02 4.688015703536087732e-06
2.433378378378378386e+02 4.618595589784289099e-06
2.436376376376376527e+02 4.548582790366201559e-06
2.439374374374374383e+02 4.477975784453358695e-06
2.442372372372372524e+02 4.406773078192283105e-06
2.445370370370370381e+02 4.334973151506496600e-06
2.448368368368368522e+02 4.262574530150362113e-06
2.451366366366366378e+02 4.189575697522346498e-06
2.454364364364364519e+02 4.115975134133202567e-06
2.457362362362362376e+02 4.041771358353990808e-06
2.460360360360360517e+02 3.966962854366123663e-06
2.463358358358358373e+02 3.891548120887535514e-06
2.466356356356356514e+02 3.815525654105668451e-06
2.469354354354354371e+02 3.738893950900984895e-06
2.472352352352352511e+02 3.661651506552002563e-06
2.475350350350350368e+02 3.583796820566841438e-06
2.478348348348348509e+02 3.505328386441342260e-06
2.481346346346346365e+02 3.426244701442143747e-06
2.484344344344344506e+02 3.346544261342931029e-06
2.487342342342342363e+02 3.266225562455360188e-06
2.490340340340340504e+02 3.185287101406315275e-06
2.493338338338338360e+02 3.103727375660835538e-06
2.496336336336336501e+02 3.021544877910744912e-06
2.499334334334334358e+02 2.938738077847517743e-06
2.502332332332332498e+02 2.855305532600039577e-06
2.505330330330330355e+02 2.771245738726746580e-06
2.508328328328328496e+02 2.686557129308378496e-06
2.511326326326326353e+02 2.601238234753599884e-06
2.514324324324324493e+02 2.515287538173101965e-06
2.517322322322322350e+02 2.428703562405185556e-06
2.520320320320320491e+02 2.341484779703269749e-06
2.523318318318318347e+02 2.253629695522345468e-06
2.526316316316316488e+02 2.165136803951798238e-06
2.529314314314314345e+02 2.076004602485296171e-06
2.532312312312312486e+02 1.986231589746066473e-06
2.535310310310310342e+02 1.895816256518674924e-06
2.538308308308308483e+02 1.804757104062829832e-06
2.541306306306306340e+02 1.713052630674893050e-06
2.544304304304304480e+02 1.620701322763032192e-06
2.547302302302302337e+02 1.527701690883558905e-06
2.550300300300300478e+02 1.434052218104068221e-06
2.553298298298298334e+02 1.339751410746593893e-06
2.556296296296296475e+02 1.244797739018255975e-06
2.559294294294294332e+02 1.149189757590374289e-06
2.562292292292292473e+02 1.052925908432600556e-06
2.565290290290290613e+02 9.560047026425627349e-07
2.568288288288288186e+02 8.584246421116664021e-07
2.571286286286286327e+02 7.601841640270255247e-07
2.574284284284284468e+02 6.612819286014700576e-07
2.577282282282282608e+02 5.617162818899247227e-07
2.580280280280280181e+02 4.614857561947601340e-07
2.583278278278278322e+02 3.605888534399456271e-07
2.586276276276276462e+02 2.590240722907394537e-07
2.589274274274274603e+02 1.567899074887353072e-07
2.592272272272272176e+02 5.388485548013706517e-08
2.595270270270270316e+02 -4.969259679743700820e-08
2.598268268268268457e+02 -1.539439233031726833e-07
2.601266266266266598e+02 -2.588706608541756054e-07
2.604264264264264170e+02 -3.644742906220747392e-07
2.607262262262262311e+02 -4.707563333386709837e-07
2.610260260260260452e+02 -5.777182798813974097e-07
2.613258258258258593e+02 -6.853616415924139046e-07
2.616256256256256165e+02 -7.936879184846440092e-07
2.619254254254254306e+02 -9.026986157194962637e-07
2.622252252252252447e+02 -1.012395238103414170e-06
2.625250250250250588e+02 -1.122779471491243150e-06
2.628248248248248160e+02 -1.233852264082745174e-06
2.631246246246246301e+02 -1.345615673767639360e-06
2.634244244244244442e+02 -1.458071023825138930e-06
2.637242242242242583e+02 -1.571219816888567821e-06
2.640240240240240155e+02 -1.685063555358043163e-06
2.643238238238238296e+02 -1.799603740732384611e-06
2.646236236236236437e+02 -1.914841880559910539e-06
2.649234234234234577e+02 -2.030779476869772164e-06
2.652232232232232150e+02 -2.147418031265543399e-06
2.655230230230230291e+02 -2.264759051415788685e-06
2.658228228228228431e+02 -2.382804037912895697e-06
2.661226226226226572e+02 -2.501554496040910428e-06
2.664224224224224145e+02 -2.621011930107805538e-06
2.667222222222222285e+02 -2.741178076295870085e-06
2.670220220220220426e+02 -2.862053734345507890e-06
2.673218218218218567e+02 -2.983641115517643720e-06
2.676216216216216139e+02 -3.105941493669362963e-06
2.679214214214214280e+02 -3.228956356385657906e-06
2.682212212212212421e+02 -3.352687199182251358e-06
2.685210210210210562e+02 -3.477135560845082608e-06
2.688208208208208134e+02 -3.602302920177353255e-06
2.691206206206206275e+02 -3.728190791007671040e-06
2.694204204204204416e+02 -3.854800671902972194e-06
2.697202202202202557e+02 -3.982134068943349782e-06
2.700200200200200129e+02 -4.110192607526157406e-06
2.703198198198198270e+02 -4.238977423487132393e-06
2.706196196196196411e+02 -4.368490385058292739e-06
2.709194194194194552e+02 -4.498732878901929849e-06
2.712192192192192124e+02 -4.629706405030468786e-06
2.715190190190190265e+02 -4.761412471352522283e-06
2.718188188188188406e+02 -4.893852573275352273e-06
2.721186186186186546e+02 -5.027028222511931883e-06
2.724184184184184119e+02 -5.160940921131156807e-06
2.727182182182182260e+02 -5.295592193072050014e-06
2.730180180180180400e+02 -5.430983473995035698e-06
2.733178178178178541e+02 -5.567116334809496457e-06
2.736176176176176114e+02 -5.703992260745367206e-06
2.739174174174174254e+02 -5.841612754817632010e-06
2.742172172172172395e+02 -5.979979314970906913e-06
2.745170170170170536e+02 -6.119093455933814936e-06
2.748168168168168108e+02 -6.258956664617899576e-06
2.751166166166166249e+02 -6.399570467442958649e-06
2.754164164164164390e+02 -6.540936337695362717e-06
2.757162162162162531e+02 -6.683055820979098778e-06
2.760160160160160103e+02 -6.825930368473389975e-06
2.763158158158158244e+02 -6.969561519007139646e-06
2.766156156156156385e+02 -7.113950773644548911e-06
2.769154154154154526e+02 -7.259099649247881210e-06
2.772152152152152098e+02 -7.405009596593340560e-06
2.775150150150150239e+02 -7.551682170204236967e-06
2.778148148148148380e+02 -7.699118890991719119e-06
2.781146146146146521e+02 -7.847321164707607441e-06
2.784144144144144093e+02 -7.996290594231304761e-06
2.787142142142142234e+02 -8.146028647138129754e-06
2.790140140140140375e+02 -8.296536826412258204e-06
2.793138138138138515e+02 -8.447816641215744740e-06
2.796136136136136088e+02 -8.599869589819860273e-06
2.799134134134134229e+02 -8.752697180556035208e-06
2.802132132132132369e+02 -8.906300912317198265e-06
2.805130130130130510e+02 -9.060682291665453383e-06
2.808128128128128083e+02 -9.215842822220403520e-06
2.811126126126126223e+02 -9.371784009175311797e-06
2.814124124124124364e+02 -9.528507351100617775e-06
2.817122122122122505e+02 -9.686014355047148155e-06
2.820120120120120077e+02 -9.844306524889901577e-06
2.823118118118118218e+02 -1.000338536600021459e-05
2.826116116116116359e+02 -1.016325237555095628e-05
2.829114114114114500e+02 -1.032390906409784184e-05
2.832112112112112072e+02 -1.048535693158250981e-05
2.835110110110110213e+02 -1.064759748403418721e-05
2.838108108108108354e+02 -1.081063224131695110e-05
2.841106106106106495e+02 -1.097446265243847694e-05
2.844104104104104067e+02 -1.113909027703985966e-05
2.847102102102102208e+02 -1.130451660010886915e-05
2.850100100100100349e+02 -1.147074315762701348e-05
2.853098098098098490e+02 -1.163777135605101896e-05
2.856096096096096062e+02 -1.180560279648955420e-05
2.859094094094094203e+02 -1.197423895103647579e-05
2.862092092092092344e+02 -1.214368131974037030e-05
2.865090090090090484e+02 -1.231393141172426788e-05
2.868088088088088057e+02 -1.248499072393747343e-05
2.871086086086086198e+02 -1.265686076603124713e-05
2.874084084084084338e+02 -1.282954303938980933e-05
2.877082082082082479e+02 -1.300303904763876675e-05
2.880080080080080052e+02 -1.317735031543587099e-05
2.883078078078078192e+02 -1.335247828407977955e-05
2.886076076076076333e+02 -1.352842451968863148e-05
2.889074074074074474e+02 -1.370519054455203857e-05
2.892072072072072046e+02 -1.388277774520677889e-05
2.895070070070070187e+02 -1.406118773891642309e-05
2.898068068068068328e+02 -1.424042199490654041e-05
2.901066066066066469e+02 -1.442048201567550615e-05
2.904064064064064041e+02 -1.460136930440416019e-05
2.907062062062062182e+02 -1.478308536482543681e-05
2.910060060060060323e+02 -1.496563170066106911e-05
2.913058058058058464e+02 -1.514900981561425374e-05
2.916056056056056036e+02 -1.533322121407030975e-05
2.919054054054054177e+02 -1.551826741936574778e-05
2.922052052052052318e+02 -1.570414987164279666e-05
2.925050050050050459e+02 -1.589087014771411823e-05
2.928048048048048031e+02 -1.607842970539543622e-05
2.931046046046046172e+02 -1.626683007224129563e-05
2.934044044044044313e+02 -1.645607274405931782e-05
2.937042042042042453e+02 -1.664615922452452544e-05
2.940040040040040026e+02 -1.683709102230345205e-05
2.943038038038038167e+02 -1.702886962628130839e-05
2.946036036036036307e+02 -1.722149655744056841e-05
2.949034034034034448e+02 -1.741497330807888108e-05
2.952032032032032021e+02 -1.760930138829758942e-05
2.955030030030030161e+02 -1.780448230022195410e-05
2.958028028028028302e+02 -1.800051754776466501e-05
2.961026026026026443e+02 -1.819740863528589281e-05
2.964024024024024015e+02 -1.839515706661722230e-05
2.967022022022022156e+02 -1.859376434717928905e-05
2.970020020020020297e+02 -1.879323198291847180e-05
2.973018018018018438e+02 -1.899356147974908064e-05
2.976016016016016010e+02 -1.919475434245346098e-05
2.979014014014014151e+02 -1.939681208667478409e-05
2.982012012012012292e+02 -1.959973623058346262e-05
2.985010010010010433e+02 -1.980352830856264162e-05
2.988008008008008005e+02 -2.000818989925034908e-05
2.991006006006006146e+02 -2.021372272598297693e-05
2.994004004004004287e+02 -2.042012918176009458e-05
2.997002002002002428e+02 -2.062741799567280104e-05
3.000000000000000000e+02 -2.083559265094585909e-05
