5.000000000000000000e-01 -2.364899031563058785e-05
7.997997997997998709e-01 -8.911542061969004145e-06
1.099599599599599742e+00 -4.352580176045401527e-06
1.399399399399399391e+00 -2.308155507703748692e-06
1.699199199199199262e+00 -1.176126096268159047e-06
1.998998998998999133e+00 -4.543103774776417606e-07
2.298798798798798781e+00 5.550325086053494133e-08
2.598598598598598652e+00 4.443369561575235009e-07
2.898398398398398523e+00 7.587510266706953561e-07
3.198198198198198394e+00 1.024574432902577032e-06
3.497997997997998265e+00 1.257073026859534715e-06
3.797797797797798136e+00 1.465741126612019106e-06
4.097597597597597563e+00 1.656736777917168605e-06
4.397397397397397434e+00 1.834197182624760803e-06
4.697197197197197305e+00 2.000986554933582899e-06
4.996996996996997176e+00 2.159139950684444629e-06
5.296796796796797047e+00 2.310136508710209171e-06
5.596596596596596918e+00 2.455073105582747405e-06
5.896396396396396788e+00 2.594777874067634855e-06
6.196196196196196659e+00 2.729886370206016422e-06
6.495995995995996530e+00 2.860893380367553982e-06
6.795795795795796401e+00 2.988189545669395013e-06
7.095595595595596272e+00 3.112087092343130085e-06
7.395395395395396143e+00 3.232838490024309274e-06
7.695195195195195126e+00 3.350650157108238413e-06
7.994994994994994997e+00 3.465692618634391917e-06
8.294794794794794868e+00 3.578108110908551762e-06
8.594594594594594739e+00 3.688016188937830593e-06
8.894394394394394610e+00 3.795519347467153390e-06
9.194194194194194480e+00 3.900704109963376481e-06
9.493993993993994351e+00 4.003646110562462764e-06
9.793793793793794222e+00 4.104411052240817292e-06
1.009359359359359409e+01 4.203056617264950325e-06
1.039339339339339396e+01 4.299633851311316333e-06
1.069319319319319384e+01 4.394188260693611964e-06
1.099299299299299371e+01 4.486760679705699734e-06
1.129279279279279358e+01 4.577387998360518695e-06
1.159259259259259345e+01 4.666103441854891912e-06
1.189239239239239332e+01 4.752938976803377491e-06
1.219219219219219319e+01 4.837921641989043027e-06
1.249199199199199306e+01 4.921078112997631591e-06
1.279179179179179293e+01 5.002432792249951063e-06
1.309159159159159280e+01 5.082008566224107715e-06
1.339139139139139267e+01 5.159826949062784151e-06
1.369119119119119254e+01 5.235908262300694824e-06
1.399099099099099242e+01 5.310271776831953121e-06
1.429079079079079229e+01 5.382935949487357791e-06
1.459059059059059216e+01 5.453918286134973899e-06
1.489039039039039025e+01 5.523235677899220810e-06
1.519019019019019012e+01 5.590904373885791266e-06
1.548998998998998999e+01 5.656940057967862977e-06
1.578978978978978986e+01 5.721357874557809575e-06
1.608958958958958974e+01 5.784172598538373665e-06
1.638938938938938961e+01 5.845398540837930913e-06
1.668918918918918948e+01 5.905049453979579132e-06
1.698898898898898935e+01 5.963139634591013125e-06
1.728878878878878922e+01 6.019681773195593454e-06
1.758858858858858909e+01 6.074689164207142457e-06
1.788838838838838896e+01 6.128174647317803457e-06
1.818818818818818883e+01 6.180150827068507347e-06
1.848798798798798870e+01 6.230630106849649275e-06
1.878778778778778857e+01 6.279624715984323392e-06
1.908758758758758844e+01 6.327146693503438084e-06
1.938738738738738832e+01 6.373207905941491105e-06
1.968718718718718819e+01 6.417820165825641952e-06
1.998698698698698806e+01 6.460995008585359220e-06
2.028678678678678793e+01 6.502743934514146389e-06
2.058658658658658780e+01 6.543078312337483523e-06
2.088638638638638767e+01 6.582009384984032894e-06
2.118618618618618754e+01 6.619548303513240441e-06
2.148598598598598741e+01 6.655706124827837753e-06
2.178578578578578728e+01 6.690493805854896817e-06
2.208558558558558715e+01 6.723922198312878260e-06
2.238538538538538702e+01 6.756002167904356020e-06
2.268518518518518690e+01 6.786743981465165875e-06
2.298498498498498677e+01 6.816159452613533004e-06
2.328478478478478664e+01 6.844258016970028921e-06
2.358458458458458651e+01 6.871050569086591226e-06
2.388438438438438638e+01 6.896547527569949928e-06
2.418418418418418625e+01 6.920759316167960805e-06
2.448398398398398612e+01 6.943696249746029726e-06
2.478378378378378599e+01 6.965368397322676218e-06
2.508358358358358586e+01 6.985786583462499710e-06
2.538338338338338573e+01 7.004960382341026816e-06
2.568318318318318561e+01 7.022900093565344882e-06
2.598298298298298548e+01 7.039615812616025552e-06
2.628278278278278535e+01 7.055117542191162536e-06
2.658258258258258522e+01 7.069415270780047190e-06
2.688238238238238509e+01 7.082518932037558306e-06
2.718218218218218496e+01 7.094438413708103985e-06
2.748198198198198483e+01 7.105183545137666666e-06
2.778178178178178470e+01 7.114764213428202829e-06
2.808158158158158457e+01 7.123190074921904768e-06
2.838138138138138444e+01 7.130470923618020904e-06
2.868118118118118431e+01 7.136616443023166381e-06
2.898098098098098419e+01 7.141636280324006033e-06
2.928078078078078050e+01 7.145540045675627278e-06
2.958058058058058037e+01 7.148337330673341556e-06
2.988038038038038025e+01 7.150037669370855060e-06
3.018018018018018012e+01 7.150650553270918920e-06
3.047997997997997999e+01 7.150185606134179594e-06
3.077977977977977986e+01 7.148651937017995517e-06
3.107957957957957973e+01 7.146059238760432949e-06
3.137937937937937960e+01 7.142416801416947592e-06
3.167917917917917947e+01 7.137733955976474726e-06
3.197897897897897934e+01 7.132020012892800498e-06
3.227877877877877921e+01 7.125284245078600967e-06
3.257857857857857908e+01 7.117535907615755639e-06
3.287837837837837895e+01 7.108783995219481575e-06
3.317817817817817883e+01 7.099038265911660210e-06
3.347797797797797870e+01 7.088307307634912922e-06
3.377777777777777857e+01 7.076597415851429662e-06
3.407757757757757844e+01 7.063926700770394371e-06
3.437737737737737831e+01 7.050295191666699732e-06
3.467717717717717818e+01 7.035714922880821047e-06
3.497697697697697805e+01 7.020194895732832518e-06
3.527677677677677792e+01 7.003744068490115862e-06
3.557657657657657779e+01 6.986371361502885490e-06
3.587637637637637766e+01 6.968085738882193258e-06
3.617617617617617753e+01 6.948896018428388853e-06
3.647597597597597741e+01 6.928811067678415014e-06
3.677577577577577728e+01 6.907839707954501415e-06
3.707557557557557715e+01 6.885990724721711491e-06
3.737537537537537702e+01 6.863272879846961354e-06
3.767517517517517689e+01 6.839694912180058976e-06
3.797497497497497676e+01 6.815265681561248389e-06
3.827477477477477663e+01 6.789993345775280891e-06
3.857457457457457650e+01 6.763887110217188338e-06
3.887437437437437637e+01 6.736955369640432538e-06
3.917417417417417624e+01 6.709206730219998728e-06
3.947397397397397611e+01 6.680649757636501223e-06
3.977377377377377599e+01 6.651292982547742658e-06
4.007357357357357586e+01 6.621144902746720162e-06
4.037337337337337573e+01 6.590214013055899867e-06
4.067317317317317560e+01 6.558508740517282086e-06
4.097297297297297547e+01 6.526037356629828555e-06
4.127277277277277534e+01 6.492808741895260630e-06
4.157257257257257521e+01 6.458830771324492205e-06
4.187237237237237508e+01 6.424111944801471212e-06
4.217217217217217495e+01 6.388660578181762537e-06
4.247197197197197482e+01 6.352484946710254893e-06
4.277177177177177470e+01 6.315593307610752796e-06
4.307157157157157457e+01 6.277993899462354488e-06
4.337137137137137444e+01 6.239694953560316065e-06
4.367117117117117431e+01 6.200704471966310012e-06
4.397097097097097418e+01 6.161030822144351531e-06
4.427077077077077405e+01 6.120682006158825305e-06
4.457057057057057392e+01 6.079666136507293515e-06
4.487037037037037379e+01 6.037990988168559942e-06
4.517017017017017366e+01 5.995665460858754721e-06
4.546996996996997353e+01 5.952696697560057307e-06
4.576976976976977340e+01 5.909092966071575125e-06
4.606956956956957328e+01 5.864862225574668696e-06
4.636936936936937315e+01 5.820012372573824756e-06
4.666916916916917302e+01 5.774551375062254441e-06
4.696896896896897289e+01 5.728487041535011611e-06
4.726876876876877276e+01 5.681827235343995511e-06
4.756856856856857263e+01 5.634579785343078051e-06
4.786836836836837250e+01 5.586752471269723757e-06
4.816816816816817237e+01 5.538353059718943213e-06
4.846796796796797224e+01 5.489389294203163217e-06
4.876776776776777211e+01 5.439868877016079090e-06
4.906756756756757198e+01 5.389799348266025321e-06
4.936736736736737186e+01 5.339188801517726852e-06
4.966716716716717173e+01 5.288044431059796233e-06
4.996696696696697160e+01 5.236373977166876824e-06
5.026676676676677147e+01 5.184185059653137331e-06
5.056656656656657134e+01 5.131485148571902070e-06
5.086636636636637121e+01 5.078281764200576200e-06
5.116616616616617108e+01 5.024582477797982960e-06
5.146596596596597095e+01 4.970394720662196166e-06
5.176576576576577082e+01 4.915725914410969362e-06
5.206556556556557069e+01 4.860583523268468092e-06
5.236536536536537056e+01 4.804974885409511635e-06
5.266516516516517044e+01 4.748907375647950279e-06
5.296496496496497031e+01 4.692388331391969029e-06
5.326476476476477018e+01 4.635425055359504982e-06
5.356456456456457005e+01 4.578024823698177058e-06
5.386436436436436992e+01 4.520194897865453328e-06
5.416416416416416979e+01 4.461942497793272509e-06
5.446396396396396966e+01 4.403274809261447985e-06
5.476376376376376953e+01 4.344199051622652968e-06
5.506356356356356940e+01 4.284722326475502825e-06
5.536336336336336927e+01 4.224851751402626082e-06
5.566316316316316914e+01 4.164594451162978665e-06
5.596296296296296902e+01 4.103957204252891201e-06
5.626276276276276889e+01 4.042947819077160259e-06
5.656256256256256876e+01 3.981572563374872030e-06
5.686236236236236863e+01 3.919838658790011095e-06
5.716216216216216850e+01 3.857752941184888670e-06
5.746196196196196837e+01 3.795322730293673077e-06
5.776176176176176824e+01 3.732554542463414386e-06
5.806156156156156101e+01 3.669455380252772955e-06
5.836136136136136088e+01 3.606032102860746893e-06
5.866116116116116075e+01 3.542291529184537170e-06
5.896096096096096062e+01 3.478240460340647664e-06
5.926076076076076049e+01 3.413885669790284325e-06
5.956056056056056036e+01 3.349233901472331085e-06
5.986036036036036023e+01 3.284291855830597797e-06
6.016016016016016010e+01 3.219066296646508004e-06
6.045995995995995997e+01 3.153564358224124345e-06
6.075975975975975985e+01 3.087790989334911459e-06
6.105955955955955972e+01 3.021754546874634882e-06
6.135935935935935959e+01 2.955461040863633135e-06
6.165915915915915946e+01 2.888917021256154837e-06
6.195895895895895933e+01 2.822129024214381378e-06
6.225875875875875920e+01 2.755103547127239962e-06
6.255855855855855907e+01 2.687847057966532186e-06
6.285835835835835894e+01 2.620366050522320984e-06
6.315815815815815881e+01 2.552666901744069563e-06
6.345795795795795868e+01 2.484756029199380509e-06
6.375775775775775855e+01 2.416639804846130695e-06
6.405755755755755843e+01 2.348324571914474040e-06
6.435735735735735830e+01 2.279816644701285250e-06
6.465715715715715817e+01 2.211122402102394895e-06
6.495695695695695804e+01 2.142247864874185848e-06
6.525675675675675791e+01 2.073199396008377833e-06
6.555655655655655778e+01 2.003983473533531099e-06
6.585635635635635765e+01 1.934605935216907464e-06
6.615615615615615752e+01 1.865073054287091678e-06
6.645595595595595739e+01 1.795390967940854286e-06
6.675575575575575726e+01 1.725565777634746049e-06
6.705555555555555713e+01 1.655601688384865577e-06
6.735535535535535701e+01 1.585510369357450580e-06
6.765515515515515688e+01 1.515292226787329075e-06
6.795495495495495675e+01 1.444955124386093695e-06
6.825475475475475662e+01 1.374505069255195566e-06
6.855455455455455649e+01 1.303948002265172748e-06
6.885435435435435636e+01 1.233289754506333011e-06
6.915415415415415623e+01 1.162536321683322047e-06
6.945395395395395610e+01 1.091693532279903630e-06
6.975375375375375597e+01 1.020767224346561138e-06
7.005355355355355584e+01 9.497632121323113712e-07
7.035335335335335571e+01 8.786872833867614703e-07
7.065315315315315559e+01 8.075451803784207443e-07
7.095295295295295546e+01 7.363427324729828258e-07
7.125275275275275533e+01 6.650854388879019727e-07
7.155255255255255520e+01 5.937791591443424946e-07
7.185235235235235507e+01 5.224294967591682328e-07
7.215215215215215494e+01 4.510420636130208389e-07
7.245195195195195481e+01 3.796224699837904567e-07
7.275175175175175468e+01 3.081762895001243923e-07
7.305155155155155455e+01 2.367090633599535819e-07
7.335135135135135442e+01 1.652262135096307450e-07
7.365115115115115429e+01 9.373353412544593795e-08
7.395095095095095417e+01 2.223619218924957673e-08
7.425075075075075404e+01 -4.926027611669573015e-08
7.455055055055055391e+01 -1.207504484947235720e-07
7.485035035035035378e+01 -1.922289372933409332e-07
7.515015015015015365e+01 -2.636903071058471456e-07
7.544994994994995352e+01 -3.351284535919737083e-07
7.574974974974975339e+01 -4.065408907001762131e-07
7.604954954954955326e+01 -4.779193892841321608e-07
7.634934934934935313e+01 -5.492596308572213415e-07
7.664914914914915300e+01 -6.205564360102842322e-07
7.694894894894895288e+01 -6.918046087336741844e-07
7.724874874874875275e+01 -7.629989601659453770e-07
7.754854854854855262e+01 -8.341343503075166572e-07
7.784834834834835249e+01 -9.052056590579037214e-07
7.814814814814815236e+01 -9.762079598523114836e-07
7.844794794794795223e+01 -1.047135668793438526e-06
7.874774774774775210e+01 -1.117984279146151691e-06
7.904754754754755197e+01 -1.188748564034746700e-06
7.934734734734735184e+01 -1.259423559802542307e-06
7.964714714714715171e+01 -1.330004327695734332e-06
7.994694694694695158e+01 -1.400485894247431291e-06
8.024674674674675146e+01 -1.470863368296538471e-06
8.054654654654655133e+01 -1.541131869290562622e-06
8.084634634634635120e+01 -1.611286525716084478e-06
8.114614614614615107e+01 -1.681322516871090633e-06
8.144594594594595094e+01 -1.751235172823411276e-06
8.174574574574575081e+01 -1.821019391934448175e-06
8.204554554554555068e+01 -1.890670706423182526e-06
8.234534534534535055e+01 -1.960184319630593018e-06
8.264514514514515042e+01 -2.029555526833847867e-06
8.294494494494495029e+01 -2.098779657550509083e-06
8.324474474474475016e+01 -2.167852072617762117e-06
8.354454454454455004e+01 -2.236768151739092680e-06
8.384434434434434991e+01 -2.305523309767964063e-06
8.414414414414414978e+01 -2.374112992102273692e-06
8.444394394394394965e+01 -2.442532632719981936e-06
8.474374374374374952e+01 -2.510777734912858921e-06
8.504354354354354939e+01 -2.578843856054991537e-06
8.534334334334334926e+01 -2.646726485914777628e-06
8.564314314314314913e+01 -2.714421213810505058e-06
8.594294294294294900e+01 -2.781923603042352242e-06
8.624274274274274887e+01 -2.849229361455455401e-06
8.654254254254254874e+01 -2.916334090074973986e-06
8.684234234234234862e+01 -2.983233453732258492e-06
8.714214214214214849e+01 -3.049923143812155097e-06
8.744194194194194836e+01 -3.116398900159871288e-06
8.774174174174174823e+01 -3.182656524305450546e-06
8.804154154154154810e+01 -3.248691738534018500e-06
8.834134134134134797e+01 -3.314500383516990795e-06
8.864114114114114784e+01 -3.380078278035448987e-06
8.894094094094094771e+01 -3.445421302676437185e-06
8.924074074074074758e+01 -3.510525471545792309e-06
8.954054054054054745e+01 -3.575386359055615194e-06
8.984034034034034732e+01 -3.640000103354596301e-06
9.014014014014014720e+01 -3.704362754185737222e-06
9.043993993993994707e+01 -3.768470221785768619e-06
9.073973973973974694e+01 -3.832318572937312851e-06
9.103953953953954681e+01 -3.895903796789123896e-06
9.133933933933934668e+01 -3.959222012989525857e-06
9.163913913913914655e+01 -4.022269259297587228e-06
9.193893893893894642e+01 -4.085041775672297128e-06
9.223873873873874629e+01 -4.147535623713050803e-06
9.253853853853854616e+01 -4.209746989532470106e-06
9.283833833833834603e+01 -4.271672114726431940e-06
9.313813813813814591e+01 -4.333307218728004710e-06
9.343793793793794578e+01 -4.394648538513644933e-06
9.373773773773774565e+01 -4.455692426453470751e-06
9.403753753753754552e+01 -4.516435130222057977e-06
9.433733733733734539e+01 -4.576873026031238098e-06
9.463713713713714526e+01 -4.637002449237246008e-06
9.493693693693694513e+01 -4.696819848911684932e-06
9.523673673673674500e+01 -4.756321578925728896e-06
9.553653653653654487e+01 -4.815504125846693634e-06
9.583633633633634474e+01 -4.874363951300254193e-06
9.613613613613614461e+01 -4.932897560120339946e-06
9.643593593593594449e+01 -4.991101473304227237e-06
9.673573573573574436e+01 -5.048972245259535419e-06
9.703553553553554423e+01 -5.106506455971395551e-06
9.733533533533534410e+01 -5.163700711344563620e-06
9.763513513513514397e+01 -5.220551704986782133e-06
9.793493493493494384e+01 -5.277055908615948369e-06
9.823473473473474371e+01 -5.333210194600912653e-06
9.853453453453454358e+01 -5.389011216618098169e-06
9.883433433433434345e+01 -5.444455706151213351e-06
9.913413413413414332e+01 -5.499540432373064388e-06
9.943393393393394319e+01 -5.554262181880468141e-06
9.973373373373374307e+01 -5.608617756308813394e-06
1.000335335335335429e+02 -5.662603887489581676e-06
1.003333333333333428e+02 -5.716226818195292855e-06
1.006331331331331427e+02 -5.769456073110411370e-06
1.009329329329329425e+02 -5.822315951506625741e-06
1.012327327327327424e+02 -5.874794031499542879e-06
1.015325325325325423e+02 -5.926887401985756924e-06
1.018323323323323422e+02 -5.978593090463201609e-06
1.021321321321321420e+02 -6.029908126376573596e-06
1.024319319319319419e+02 -6.080829566654337369e-06
1.027317317317317418e+02 -6.131354498579932303e-06
1.030315315315315416e+02 -6.181480038854825472e-06
1.033313313313313415e+02 -6.231203304428723893e-06
1.036311311311311414e+02 -6.280521478984020655e-06
1.039309309309309413e+02 -6.329431747147055067e-06
1.042307307307307411e+02 -6.377931321911463320e-06
1.045305305305305410e+02 -6.426017451644275981e-06
1.048303303303303409e+02 -6.473687404249152202e-06
1.051301301301301407e+02 -6.520938473820189432e-06
1.054299299299299406e+02 -6.567767985671362811e-06
1.057297297297297405e+02 -6.614173341632247298e-06
1.060295295295295404e+02 -6.660151760588590189e-06
1.063293293293293402e+02 -6.705700801082276400e-06
1.066291291291291401e+02 -6.750817843096157986e-06
1.069289289289289400e+02 -6.795500337409993852e-06
1.072287287287287398e+02 -6.839745769400446932e-06
1.075285285285285397e+02 -6.883551639515000323e-06
1.078283283283283396e+02 -6.926915508287260684e-06
1.081281281281281395e+02 -6.969834907961592726e-06
1.084279279279279393e+02 -7.012307452854497959e-06
1.087277277277277392e+02 -7.054330729587024679e-06
1.090275275275275391e+02 -7.095902400250367193e-06
1.093273273273273389e+02 -7.137020113690386941e-06
1.096271271271271388e+02 -7.177681606600666946e-06
1.099269269269269387e+02 -7.217884554727962607e-06
1.102267267267267385e+02 -7.257626734971400648e-06
1.105265265265265384e+02 -7.296905895883939300e-06
1.108263263263263383e+02 -7.335719818388963055e-06
1.111261261261261382e+02 -7.374066461147826349e-06
1.114259259259259380e+02 -7.411943605217943083e-06
1.117257257257257379e+02 -7.449348943172680546e-06
1.120255255255255378e+02 -7.486280636931376533e-06
1.123253253253253376e+02 -7.522736524686331235e-06
1.126251251251251375e+02 -7.558714564679766854e-06
1.129249249249249374e+02 -7.594212741255363933e-06
1.132247247247247373e+02 -7.629229124700717247e-06
1.135245245245245371e+02 -7.663761675919136837e-06
1.138243243243243370e+02 -7.697808545916017206e-06
1.141241241241241369e+02 -7.731367681055142027e-06
1.144239239239239367e+02 -7.764437346608590092e-06
1.147237237237237366e+02 -7.797015633329137854e-06
1.150235235235235365e+02 -7.829100702459486084e-06
1.153233233233233364e+02 -7.860690798587302838e-06
1.156231231231231220e+02 -7.891784093754159365e-06
1.159229229229229219e+02 -7.922378884297232127e-06
1.162227227227227218e+02 -7.952473412058110055e-06
1.165225225225225216e+02 -7.982066021156971800e-06
1.168223223223223215e+02 -8.011155004275546905e-06
1.171221221221221214e+02 -8.039738742578312177e-06
1.174219219219219212e+02 -8.067815619936116335e-06
1.177217217217217211e+02 -8.095384034906769868e-06
1.180215215215215210e+02 -8.122442449854577127e-06
1.183213213213213209e+02 -8.148989313236259423e-06
1.186211211211211207e+02 -8.175023115419667312e-06
1.189209209209209206e+02 -8.200542377445462644e-06
1.192207207207207205e+02 -8.225545651795819602e-06
1.195205205205205203e+02 -8.250031490470643994e-06
1.198203203203203202e+02 -8.273998502721301672e-06
1.201201201201201201e+02 -8.297445253559268010e-06
1.204199199199199199e+02 -8.320370421494408211e-06
1.207197197197197198e+02 -8.342772972695120746e-06
1.210195195195195197e+02 -8.364651204501978997e-06
1.213193193193193196e+02 -8.386003987832905292e-06
1.216191191191191194e+02 -8.406830087478505962e-06
1.219189189189189193e+02 -8.427128321182143311e-06
1.222187187187187192e+02 -8.446897399050757558e-06
1.225185185185185190e+02 -8.466136317723246341e-06
1.228183183183183189e+02 -8.484843727400420818e-06
1.231181181181181188e+02 -8.503018696100172449e-06
1.234179179179179187e+02 -8.520660082458139203e-06
1.237177177177177185e+02 -8.537766828074383225e-06
1.240175175175175184e+02 -8.554337903471855318e-06
1.243173173173173183e+02 -8.570372303430476692e-06
1.246171171171171181e+02 -8.585869054827770580e-06
1.249169169169169180e+02 -8.600827194309654131e-06
1.252167167167167179e+02 -8.615245798957462769e-06
1.255165165165165178e+02 -8.629124001697481897e-06
1.258163163163163176e+02 -8.642460896071040097e-06
1.261161161161161175e+02 -8.655255644511493116e-06
1.264159159159159174e+02 -8.667507441404381804e-06
1.267157157157157172e+02 -8.679215481143368364e-06
1.270155155155155171e+02 -8.690379006374481863e-06
1.273153153153153170e+02 -8.700997280598476720e-06
1.276151151151151169e+02 -8.711069580097194166e-06
1.279149149149149167e+02 -8.720595231450147349e-06
1.282147147147147166e+02 -8.729573571361542653e-06
1.285145145145145307e+02 -8.738003963559129098e-06
1.288143143143143163e+02 -8.745885476890722721e-06
1.291141141141141304e+02 -8.753218528666386846e-06
1.294139139139139161e+02 -8.760001574520408549e-06
1.297137137137137302e+02 -8.766234407689057074e-06
1.300135135135135158e+02 -8.771916559163928258e-06
1.303133133133133299e+02 -8.777047479897294991e-06
1.306131131131131156e+02 -8.781626801872970833e-06
1.309129129129129296e+02 -8.785654078978809333e-06
1.312127127127127153e+02 -8.789128915579129359e-06
1.315125125125125294e+02 -8.792050884039969143e-06
1.318123123123123150e+02 -8.794419833871868245e-06
1.321121121121121291e+02 -8.796235260055424921e-06
1.324119119119119148e+02 -8.797496940549073398e-06
1.327117117117117289e+02 -8.798204616964466136e-06
1.330115115115115145e+02 -8.798358046739917132e-06
1.333113113113113286e+02 -8.797957029592507340e-06
1.336111111111111143e+02 -8.797001737661288429e-06
1.339109109109109284e+02 -8.795490956640926664e-06
1.342107107107107140e+02 -8.793425615923305527e-06
1.345105105105105281e+02 -8.790805269375034979e-06
1.348103103103103138e+02 -8.787629831368514227e-06
1.351101101101101278e+02 -8.783899257451232277e-06
1.354099099099099135e+02 -8.779613532162637248e-06
1.357097097097097276e+02 -8.774772648593098532e-06
1.360095095095095132e+02 -8.769376647751275813e-06
1.363093093093093273e+02 -8.763425585902325334e-06
1.366091091091091130e+02 -8.756919417002439020e-06
1.369089089089089271e+02 -8.749858639464229391e-06
1.372087087087087127e+02 -8.742243008258659373e-06
1.375085085085085268e+02 -8.734072810327728263e-06
1.378083083083083125e+02 -8.725348239654179950e-06
1.381081081081081265e+02 -8.716069534877433057e-06
1.384079079079079122e+02 -8.706236881224611141e-06
1.387077077077077263e+02 -8.695850513900187220e-06
1.390075075075075119e+02 -8.684910984713302209e-06
1.393073073073073260e+02 -8.673418342854564427e-06
1.396071071071071117e+02 -8.661373034641342856e-06
1.399069069069069258e+02 -8.648775432695438533e-06
1.402067067067067114e+02 -8.635625933572262984e-06
1.405065065065065255e+02 -8.621924988823938591e-06
1.408063063063063112e+02 -8.607673036276784743e-06
1.411061061061061253e+02 -8.592870559173833143e-06
1.414059059059059109e+02 -8.577518061372203868e-06
1.417057057057057250e+02 -8.561616114074687252e-06
1.420055055055055107e+02 -8.545165241994836340e-06
1.423053053053053247e+02 -8.528166045400496136e-06
1.426051051051051104e+02 -8.510619146730395753e-06
1.429049049049049245e+02 -8.492525180512831728e-06
1.432047047047047101e+02 -8.473884818311189815e-06
1.435045045045045242e+02 -8.454698759368926863e-06
1.438043043043043099e+02 -8.434967716967988317e-06
1.441041041041041240e+02 -8.414692447810776874e-06
1.444039039039039096e+02 -8.393873724319701770e-06
1.447037037037037237e+02 -8.372512369249299761e-06
1.450035035035035094e+02 -8.350609145105272396e-06
1.453033033033033234e+02 -8.328164973612979153e-06
1.456031031031031091e+02 -8.305180712768702763e-06
1.459029029029029232e+02 -8.281657271286905681e-06
1.462027027027027088e+02 -8.257595594302828934e-06
1.465025025025025229e+02 -8.232996607993528848e-06
1.468023023023023086e+02 -8.207861338170311169e-06
1.471021021021021227e+02 -8.182190782858583941e-06
1.474019019019019083e+02 -8.155985983144181106e-06
1.477017017017017224e+02 -8.129248006691236375e-06
1.480015015015015081e+02 -8.101977948386594036e-06
1.483013013013013222e+02 -8.074176923466441520e-06
1.486011011011011078e+02 -8.045846083229954719e-06
1.489009009009009219e+02 -8.016986597344308776e-06
1.492007007007007076e+02 -7.987599651702506344e-06
1.495005005005005216e+02 -7.957686453500823417e-06
1.498003003003003073e+02 -7.927248116769953522e-06
1.501001001001001214e+02 -7.896283304877450428e-06
1.503998998998999070e+02 -7.864799166092163333e-06
1.506996996996997211e+02 -7.832796996230946394e-06
1.509994994994995068e+02 -7.800272356772988480e-06
1.512992992992993209e+02 -7.767229243455327884e-06
1.515990990990991065e+02 -7.733669206748213488e-06
1.518988988988989206e+02 -7.699593705442173513e-06
1.521986986986987063e+02 -7.665004218289192442e-06
1.524984984984985203e+02 -7.629902241079088710e-06
1.527982982982983060e+02 -7.594289288340791393e-06
1.530980980980981201e+02 -7.558166909932888246e-06
1.533978978978979058e+02 -7.521536676487026538e-06
1.536976976976977198e+02 -7.484400185956930397e-06
1.539974974974975055e+02 -7.446759062657780744e-06
1.542972972972972912e+02 -7.408614968028227135e-06
1.545970970970971052e+02 -7.369969558809067722e-06
1.548968968968968909e+02 -7.330824557500394251e-06
1.551966966966967050e+02 -7.291181689851754022e-06
1.554964964964964906e+02 -7.251042712875874891e-06
1.557962962962963047e+02 -7.210409419538430046e-06
1.560960960960960904e+02 -7.169283596089877303e-06
1.563958958958959045e+02 -7.127667103310846009e-06
1.566956956956956901e+02 -7.085561797693477509e-06
1.569954954954955042e+02 -7.042969571099787258e-06
1.572952952952952899e+02 -6.999892335950859210e-06
1.575950950950951039e+02 -6.956332040618089229e-06
1.578948948948948896e+02 -6.912290652630843300e-06
1.581946946946947037e+02 -6.867770166655523146e-06
1.584944944944944893e+02 -6.822772611836762663e-06
1.587942942942943034e+02 -6.777300032457913220e-06
1.590940940940940891e+02 -6.731354496386638080e-06
1.593938938938939032e+02 -6.684938135924509458e-06
1.596936936936936888e+02 -6.638053051863927094e-06
1.599934934934935029e+02 -6.590701407766469080e-06
1.602932932932932886e+02 -6.542885382855807556e-06
1.605930930930931027e+02 -6.494607201153388995e-06
1.608928928928928883e+02 -6.445869082106631131e-06
1.611926926926927024e+02 -6.396673292643559740e-06
1.614924924924924881e+02 -6.347022124477510339e-06
1.617922922922923021e+02 -6.296917823253498934e-06
1.620920920920920878e+02 -6.246362929952962591e-06
1.623918918918919019e+02 -6.195359615993087417e-06
1.626916916916916875e+02 -6.143910337539774572e-06
1.629914914914915016e+02 -6.092017523103257135e-06
1.632912912912912873e+02 -6.039683617016474083e-06
1.635910910910911014e+02 -5.986911092089957669e-06
1.638908908908908870e+02 -5.933702365295905499e-06
1.641906906906907011e+02 -5.880060225791582638e-06
1.644904904904904868e+02 -5.825986963672992274e-06
1.647902902902903008e+02 -5.771485248564813839e-06
1.650900900900900865e+02 -5.716557687632091526e-06
1.653898898898899006e+02 -5.661206912988475363e-06
1.656896896896896862e+02 -5.605435588409881436e-06
1.659894894894895003e+02 -5.549246398204621263e-06
1.662892892892892860e+02 -5.492642054059674339e-06
1.665890890890891001e+02 -5.435625302562514349e-06
1.668888888888888857e+02 -5.378198876538868143e-06
1.671886886886886998e+02 -5.320365656772050897e-06
1.674884884884884855e+02 -5.262128377154738420e-06
1.677882882882882996e+02 -5.203489911085778773e-06
1.680880880880880852e+02 -5.144453132119812246e-06
1.683878878878878993e+02 -5.085020939826123363e-06
1.686876876876876850e+02 -5.025196260340991918e-06
1.689874874874874990e+02 -4.964982008840112541e-06
1.692872872872872847e+02 -4.904381275170051128e-06
1.695870870870870988e+02 -4.843396954590053145e-06
1.698868868868868844e+02 -4.782032115232191896e-06
1.701866866866866985e+02 -4.720289816606261977e-06
1.704864864864864842e+02 -4.658173142035168719e-06
1.707862862862862983e+02 -4.595685209853096775e-06
1.710860860860860839e+02 -4.532829150634614136e-06
1.713858858858858980e+02 -4.469608128972464336e-06
1.716856856856856837e+02 -4.406025167867915869e-06
1.719854854854854977e+02 -4.342084010033782766e-06
1.722852852852852834e+02 -4.277787372143862910e-06
1.725850850850850975e+02 -4.213138698367967981e-06
1.728848848848848831e+02 -4.148141287915500833e-06
1.731846846846846972e+02 -4.082798465509986621e-06
1.734844844844844829e+02 -4.017113581786506590e-06
1.737842842842842970e+02 -3.951090014146761742e-06
1.740840840840840826e+02 -3.884731167205284711e-06
1.743838838838838967e+02 -3.818040468287380027e-06
1.746836836836836824e+02 -3.751021380526670486e-06
1.749834834834834965e+02 -3.683677381469578539e-06
1.752832832832832821e+02 -3.616011978602144096e-06
1.755830830830830962e+02 -3.548028724234474567e-06
1.758828828828828819e+02 -3.479731165485308145e-06
1.761826826826826959e+02 -3.411122897706790749e-06
1.764824824824824816e+02 -3.342207536709076450e-06
1.767822822822822957e+02 -3.272988725239659835e-06
1.770820820820820813e+02 -3.203470133855874156e-06
1.773818818818818954e+02 -3.133655457435443811e-06
1.776816816816816811e+02 -3.063548419038814400e-06
1.779814814814814952e+02 -2.993152756468951456e-06
1.782812812812812808e+02 -2.922472278251931310e-06
1.785810810810810949e+02 -2.851510748170514252e-06
1.788808808808808806e+02 -2.780272022966517350e-06
1.791806806806806946e+02 -2.708759940859973240e-06
1.794804804804804803e+02 -2.636978388842454173e-06
1.797802802802802944e+02 -2.564931272999834873e-06
1.800800800800800801e+02 -2.492622475294157146e-06
1.803798798798798941e+02 -2.420056109477483325e-06
1.806796796796796798e+02 -2.347236055027705365e-06
1.809794794794794939e+02 -2.274166316680915352e-06
1.812792792792792795e+02 -2.200850955474717962e-06
1.815790790790790936e+02 -2.127294041457722027e-06
1.818788788788788793e+02 -2.053499669261149868e-06
1.821786786786786934e+02 -1.979471958834184290e-06
1.824784784784784790e+02 -1.905215057195786874e-06
1.827782782782782931e+02 -1.830733138052219406e-06
1.830780780780780788e+02 -1.756030407166930371e-06
1.833778778778778928e+02 -1.681111084458615678e-06
1.836776776776776785e+02 -1.605979427123086140e-06
1.839774774774774926e+02 -1.530639713780346643e-06
1.842772772772772782e+02 -1.455096250669695167e-06
1.845770770770770923e+02 -1.379353376535669715e-06
1.848768768768768780e+02 -1.303415441717175266e-06
1.851766766766766921e+02 -1.227286843873827044e-06
1.854764764764764777e+02 -1.150971982934523277e-06
1.857762762762762918e+02 -1.074475313241772176e-06
1.860760760760760775e+02 -9.978012890250572647e-07
1.863758758758758916e+02 -9.209544054715083439e-07
1.866756756756756772e+02 -8.439391774869916446e-07
1.869754754754754913e+02 -7.667601694371920812e-07
1.872752752752752770e+02 -6.894219350498048690e-07
1.875750750750750910e+02 -6.119290706234270643e-07
1.878748748748748767e+02 -5.342862208639775250e-07
1.881746746746746908e+02 -4.564980234624676211e-07
1.884744744744744764e+02 -3.785691576212663674e-07
1.887742742742742905e+02 -3.005043294945989006e-07
1.890740740740740762e+02 -2.223082568200552226e-07
1.893738738738738903e+02 -1.439857424783351425e-07
1.896736736736736759e+02 -6.554151713840877065e-08
1.899734734734734900e+02 1.301956706670983775e-08
1.902732732732732757e+02 9.169269653626088170e-08
1.905730730730730897e+02 1.704730022050870065e-07
1.908728728728728754e+02 2.493555890182152757e-07
1.911726726726726895e+02 3.283355446102208222e-07
1.914724724724724751e+02 4.074079167644858054e-07
1.917722722722722892e+02 4.865677425349764905e-07
1.920720720720720749e+02 5.658100232595306697e-07
1.923718718718718890e+02 6.451297330512028684e-07
1.926716716716716746e+02 7.245218227888944822e-07
1.929714714714714887e+02 8.039812178153507363e-07
1.932712712712712744e+02 8.835028102725594455e-07
1.935710710710710885e+02 9.630814742108854409e-07
1.938708708708708741e+02 1.042712052090498565e-06
1.941706706706706882e+02 1.122389360810084088e-06
1.944704704704704739e+02 1.202108190776547267e-06
1.947702702702702879e+02 1.281863315151271376e-06
1.950700700700700736e+02 1.361649444088378162e-06
1.953698698698698877e+02 1.441461315509281786e-06
1.956696696696696733e+02 1.521293604808534277e-06
1.959694694694694874e+02 1.601140969446897201e-06
1.962692692692692731e+02 1.680998040842156964e-06
1.965690690690690872e+02 1.760859423478624468e-06
1.968688688688688728e+02 1.840719695338121775e-06
1.971686686686686869e+02 1.920573408100331873e-06
1.974684684684684726e+02 2.000415087641394240e-06
1.977682682682682866e+02 2.080239229383777401e-06
1.980680680680680723e+02 2.160040308144617922e-06
1.983678678678678864e+02 2.239812768330163145e-06
1.986676676676676720e+02 2.319551028403210988e-06
1.989674674674674861e+02 2.399249480853598048e-06
1.992672672672672718e+02 2.478902491249071235e-06
1.995670670670670859e+02 2.558504398464246277e-06
1.998668668668668715e+02 2.638049514952290580e-06
2.001666666666666856e+02 2.717533555503736093e-06
2.004664664664664713e+02 2.796946490564905054e-06
2.007662662662662854e+02 2.876286847426435065e-06
2.010660660660660710e+02 2.955547396951350451e-06
2.013658658658658851e+02 3.034722319797193212e-06
2.016656656656656708e+02 3.113805769668635751e-06
2.019654654654654848e+02 3.192791873338137468e-06
2.022652652652652705e+02 3.271674730484823844e-06
2.025650650650650846e+02 3.350448415201043385e-06
2.028648648648648702e+02 3.429106983591619420e-06
2.031646646646646843e+02 3.507644427972844868e-06
2.034644644644644700e+02 3.586054770354710609e-06
2.037642642642642841e+02 3.664331968826809753e-06
2.040640640640640697e+02 3.742469964041195079e-06
2.043638638638638838e+02 3.820462670307884191e-06
2.046636636636636695e+02 3.898303975120180562e-06
2.049634634634634835e+02 3.975987740019048630e-06
2.052632632632632692e+02 4.053507799147195951e-06
2.055630630630630833e+02 4.130857961965222831e-06
2.058628628628628690e+02 4.208032004632914703e-06
2.061626626626626830e+02 4.285023690652543823e-06
2.064624624624624687e+02 4.361826741190622031e-06
2.067622622622622828e+02 4.438434862244550457e-06
2.070620620620620684e+02 4.514841723807429291e-06
2.073618618618618825e+02 4.591040984543887668e-06
2.076616616616616682e+02 4.667026256699087539e-06
2.079614614614614823e+02 4.742791139375480259e-06
2.082612612612612679e+02 4.818329203867435689e-06
2.085610610610610820e+02 4.893633987741279802e-06
2.088608608608608677e+02 4.968699004389708586e-06
2.091606606606606817e+02 5.043517761437429438e-06
2.094604604604604674e+02 5.118083700186311590e-06
2.097602602602602815e+02 5.192390269302762397e-06
2.100600600600600671e+02 5.266430869013047006e-06
2.103598598598598812e+02 5.340198895445004895e-06
2.106596596596596669e+02 5.413687695175819776e-06
2.109594594594594810e+02 5.486890609377419311e-06
2.112592592592592666e+02 5.559800931807873553e-06
2.115590590590590807e+02 5.632411916858205402e-06
2.118588588588588664e+02 5.704716853952302021e-06
2.121586586586586805e+02 5.776708954683113623e-06
2.124584584584584661e+02 5.848381411119383576e-06
2.127582582582582802e+02 5.919727398524265869e-06
2.130580580580580659e+02 5.990740052516565695e-06
2.133578578578578799e+02 6.061412507643161276e-06
2.136576576576576656e+02 6.131737840338685416e-06
2.139574574574574797e+02 6.201709116721181520e-06
2.142572572572572653e+02 6.271319372894649713e-06
2.145570570570570794e+02 6.340561625125880040e-06
2.148568568568568651e+02 6.409428875415081530e-06
2.151566566566566792e+02 6.477914053532739149e-06
2.154564564564564648e+02 6.546010102055283401e-06
2.157562562562562789e+02 6.613709919937407099e-06
2.160560560560560646e+02 6.681006404194065419e-06
2.163558558558558786e+02 6.747892390353570123e-06
2.166556556556556643e+02 6.814360706319806508e-06
2.169554554554554784e+02 6.880404154610547962e-06
2.172552552552552640e+02 6.946015506819856947e-06
2.175550550550550781e+02 7.011187507939386213e-06
2.178548548548548638e+02 7.075912878124740644e-06
2.181546546546546779e+02 7.140184308696455992e-06
2.184544544544544635e+02 7.203994467255021630e-06
2.187542542542542776e+02 7.267335996444093861e-06
2.190540540540540633e+02 7.330201511712847478e-06
2.193538538538538774e+02 7.392583567999290040e-06
2.196536536536536630e+02 7.454474776963381744e-06
2.199534534534534771e+02 7.515867644152800777e-06
2.202532532532532628e+02 7.576754673674617946e-06
2.205530530530530768e+02 7.637128352308865105e-06
2.208528528528528625e+02 7.696981133268236084e-06
2.211526526526526766e+02 7.756305436472534683e-06
2.214524524524524622e+02 7.815093680531894218e-06
2.217522522522522763e+02 7.873338224403888418e-06
2.220520520520520620e+02 7.931031416135395247e-06
2.223518518518518761e+02 7.988165595980215163e-06
2.226516516516516617e+02 8.044733017603653328e-06
2.229514514514514758e+02 8.100725985460167515e-06
2.232512512512512615e+02 8.156136730015074406e-06
2.235510510510510755e+02 8.210957465573728452e-06
2.238508508508508612e+02 8.265180377598316488e-06
2.241506506506506753e+02 8.318797634663041693e-06
2.244504504504504609e+02 8.371801364248623983e-06
2.247502502502502750e+02 8.424183662943353281e-06
2.250500500500500607e+02 8.475936022475493846e-06
2.253498498498498748e+02 8.527052306344175381e-06
2.256496496496496604e+02 8.577522824074270636e-06
2.259494494494494745e+02 8.627340043947990020e-06
2.262492492492492602e+02 8.676495988454781429e-06
2.265490490490490743e+02 8.724982609170990773e-06
2.268488488488488599e+02 8.772791832647815996e-06
2.271486486486486740e+02 8.819915558139290268e-06
2.274484484484484597e+02 8.866345640601844537e-06
2.277482482482482737e+02 8.912073938642596345e-06
2.280480480480480594e+02 8.957092264603398391e-06
2.283478478478478735e+02 9.001392406999461288e-06
2.286476476476476591e+02 9.044966127414418765e-06
2.289474474474474732e+02 9.087805170457652281e-06
2.292472472472472589e+02 9.129901238382238943e-06
2.295470470470470730e+02 9.171245975088952835e-06
2.298468468468468586e+02 9.211831166748688421e-06
2.301466466466466727e+02 9.251648312210614307e-06
2.304464464464464584e+02 9.290689064160088354e-06
2.307462462462462440e+02 9.328944994603395043e-06
2.310460460460460581e+02 9.366407658714329408e-06
2.313458458458458438e+02 9.403068579823883820e-06
2.316456456456456579e+02 9.438919255018514052e-06
2.319454454454454435e+02 9.473951127301966088e-06
2.322452452452452576e+02 9.508155725584423179e-06
2.325450450450450433e+02 9.541524385515857341e-06
2.328448448448448573e+02 9.574048524282479126e-06
2.331446446446446430e+02 9.605719507048771232e-06
2.334444444444444571e+02 9.636528713237521858e-06
2.337442442442442427e+02 9.666467342090587654e-06
2.340440440440440568e+02 9.695526790434854593e-06
2.343438438438438425e+02 9.723698277967664165e-06
2.346436436436436566e+02 9.750973036977672028e-06
2.349434434434434422e+02 9.777342274946886489e-06
2.352432432432432563e+02 9.802797174629581482e-06
2.355430430430430420e+02 9.827328879258320654e-06
2.358428428428428560e+02 9.850928444565902123e-06
2.361426426426426417e+02 9.873587203525728003e-06
2.364424424424424558e+02 9.895295991473550189e-06
2.367422422422422414e+02 9.916045937634255408e-06
2.370420420420420555e+02 9.935828057997674625e-06
2.373418418418418412e+02 9.954633348288897320e-06
2.376416416416416553e+02 9.972452771815498452e-06
2.379414414414414409e+02 9.989277277053431540e-06
2.382412412412412550e+02 1.000509776852984588e-05
2.385410410410410407e+02 1.001990513685905444e-05
2.388408408408408548e+02 1.003369024449462483e-05
2.391406406406406404e+02 1.004644392182016976e-05
2.394404404404404545e+02 1.005815697722001829e-05
2.397402402402402402e+02 1.006882018232403563e-05
2.400400400400400542e+02 1.007842362612784001e-05
2.403398398398398399e+02 1.008696006543791225e-05
2.406396396396396540e+02 1.009441822097497377e-05
2.409394394394394396e+02 1.010078936068108593e-05
2.412392392392392537e+02 1.010606416975070968e-05
2.415390390390390394e+02 1.011023326341010652e-05
2.418388388388388535e+02 1.011328724084474987e-05
2.421386386386386391e+02 1.011521666786269517e-05
2.424384384384384532e+02 1.011601209014661868e-05
2.427382382382382389e+02 1.011566402100598367e-05
2.430380380380380529e+02 1.011416295372970475e-05
2.433378378378378386e+02 1.011149934354746655e-05
2.436376376376376527e+02 1.010766363273324933e-05
2.439374374374374383e+02 1.010264622312116649e-05
2.442372372372372524e+02 1.009643750709548964e-05
2.445370370370370381e+02 1.008902782602406359e-05
2.448368368368368522e+02 1.008040751814670487e-05
2.451366366366366378e+02 1.007056690747133498e-05
2.454364364364364519e+02 1.005949622703894146e-05
2.457362362362362376e+02 1.004718576673909930e-05
2.460360360360360517e+02 1.003362572877321752e-05
2.463358358358358373e+02 1.001880631152417896e-05
2.466356356356356514e+02 1.000271768763370967e-05
2.469354354354354371e+02 9.985350000982404941e-06
2.472352352352352511e+02 9.966693366427618317e-06
2.475350350350350368e+02 9.946737880810292226e-06
2.478348348348348509e+02 9.925473602810058101e-06
2.481346346346346365e+02 9.902890571373159812e-06
2.484344344344344506e+02 9.878978796628719883e-06
2.487342342342342363e+02 9.853728263775214636e-06
2.490340340340340504e+02 9.827128928218025660e-06
2.493338338338338360e+02 9.799170726400622898e-06
2.496336336336336501e+02 9.769843554970718665e-06
2.499334334334334358e+02 9.739137238650624048e-06
2.502332332332332498e+02 9.707041749874213512e-06
2.505330330330330355e+02 9.673546915648759305e-06
2.508328328328328496e+02 9.638642406820101762e-06
2.511326326326326353e+02 9.602318064037253188e-06
2.514324324324324493e+02 9.564563615457524550e-06
2.517322322322322350e+02 9.525368804497921771e-06
2.520320320320320491e+02 9.484723303755258141e-06
2.523318318318318347e+02 9.442616787900676427e-06
2.526316316316316488e+02 9.399038891093830785e-06
2.529314314314314345e+02 9.353979228687384355e-06
2.532312312312312486e+02 9.307427391608248400e-06
2.535310310310310342e+02 9.259372927250158865e-06
2.538308308308308483e+02 9.209805379374659223e-06
2.541306306306306340e+02 9.158714259745784800e-06
2.544304304304304480e+02 9.106089023218115681e-06
2.547302302302302337e+02 9.051919157489504185e-06
2.550300300300300478e+02 8.996194059400496756e-06
2.553298298298298334e+02 8.938903150605668232e-06
2.556296296296296475e+02 8.880035768996139380e-06
2.559294294294294332e+02 8.819581325990688182e-06
2.562292292292292473e+02 8.757529086159479637e-06
2.565290290290290613e+02 8.693868354849823999e-06
2.568288288288288186e+02 8.628588413174742965e-06
2.571286286286286327e+02 8.561678363463998809e-06
2.574284284284284468e+02 8.493127796998469392e-06
2.577282282282282608e+02 8.422925558601229099e-06
2.580280280280280181e+02 8.351060890628334734e-06
2.583278278278278322e+02 8.277522940912244895e-06
2.586276276276276462e+02 8.202300822969050615e-06
2.589274274274274603e+02 8.125383614226514627e-06
2.592272272272272176e+02 8.046760370354023989e-06
2.595270270270270316e+02 7.966420110595584411e-06
2.598268268268268457e+02 7.884351867598368054e-06
2.601266266266266598e+02 7.800544577693415397e-06
2.604264264264264170e+02 7.714987230296759988e-06
2.607262262262262311e+02 7.627668706198633912e-06
2.610260260260260452e+02 7.538577932364079443e-06
2.613258258258258593e+02 7.447703759341455548e-06
2.616256256256256165e+02 7.355035038114278438e-06
2.619254254254254306e+02 7.260560581515665654e-06
2.622252252252252447e+02 7.164269177611711585e-06
2.625250250250250588e+02 7.066149130492227907e-06
2.628248248248248160e+02 6.966190565399961205e-06
2.631246246246246301e+02 6.864380809882062026e-06
2.634244244244244442e+02 6.760708996050236192e-06
2.637242242242242583e+02 6.655163783648303615e-06
2.640240240240240155e+02 6.547733806021087763e-06
2.643238238238238296e+02 6.438407671808628931e-06
2.646236236236236437e+02 6.327173948648787538e-06
2.649234234234234577e+02 6.214021192787695678e-06
2.652232232232232150e+02 6.098937928265056626e-06
2.655230230230230291e+02 5.981912647345391331e-06
2.658228228228228431e+02 5.862933827279895482e-06
2.661226226226226572e+02 5.741989907579431689e-06
2.664224224224224145e+02 5.619069304795289980e-06
2.667222222222222285e+02 5.494160078610763353e-06
2.670220220220220426e+02 5.367251604402930652e-06
2.673218218218218567e+02 5.238331199726122896e-06
2.676216216216216139e+02 5.107387517334617761e-06
2.679214214214214280e+02 4.974408833026276161e-06
2.682212212212212421e+02 4.839383480095075205e-06
2.685210210210210562e+02 4.702299577810472796e-06
2.688208208208208134e+02 4.563145398414494855e-06
2.691206206206206275e+02 4.421909093479097737e-06
2.694204204204204416e+02 4.278578829177809330e-06
2.697202202202202557e+02 4.133142723882667142e-06
2.700200200200200129e+02 3.985588537654215886e-06
2.703198198198198270e+02 3.835905371051739405e-06
2.706196196196196411e+02 3.684080246822649129e-06
2.709194194194194552e+02 3.530101516985563365e-06
2.712192192192192124e+02 3.373957182813946265e-06
2.715190190190190265e+02 3.215635197931520098e-06
2.718188188188188406e+02 3.055123526281568769e-06
2.721186186186186546e+02 2.892410058141848686e-06
2.724184184184184119e+02 2.727482684014981059e-06
2.727182182182182260e+02 2.560329205906096375e-06
2.730180180180180400e+02 2.390937656454053350e-06
2.733178178178178541e+02 2.219295641104486428e-06
2.736176176176176114e+02 2.045391000461478268e-06
2.739174174174174254e+02 1.869211488208319698e-06
2.742172172172172395e+02 1.690744847835528457e-06
2.745170170170170536e+02 1.509978748141475397e-06
2.748168168168168108e+02 1.326900913059428023e-06
2.751166166166166249e+02 1.141498921782369818e-06
2.754164164164164390e+02 9.537604870134646525e-07
2.757162162162162531e+02 7.636730997546109857e-07
2.760160160160160103e+02 5.712244183649746264e-07
2.763158158158158244e+02 3.764019461459966904e-07
2.766156156156156385e+02 1.791931833737685981e-07
2.769154154154154526e+02 -2.041442294812279137e-08
2.772152152152152098e+02 -2.224332482208592786e-07
2.775150150150150239e+02 -4.268760129381570768e-07
2.778148148148148380e+02 -6.337553180287627920e-07
2.781146146146146521e+02 -8.430836126246472820e-07
2.784144144144144093e+02 -1.054873710717925201e-06
2.787142142142142234e+02 -1.269138224597192967e-06
2.790140140140140375e+02 -1.485889841476904886e-06
2.793138138138138515e+02 -1.705141305122436710e-06
2.796136136136136088e+02 -1.926905349978760921e-06
2.799134134134134229e+02 -2.151194767150959074e-06
2.802132132132132369e+02 -2.378022345194775641e-06
2.805130130130130510e+02 -2.607400924426415634e-06
2.808128128128128083e+02 -2.839343360697185856e-06
2.811126126126126223e+02 -3.073862539710347316e-06
2.814124124124124364e+02 -3.310971363680061712e-06
2.817122122122122505e+02 -3.550682771260936991e-06
2.820120120120120077e+02 -3.793009728802028467e-06
2.823118118118118218e+02 -4.037965232397865148e-06
2.826116116116116359e+02 -4.285562276017879224e-06
2.829114114114114500e+02 -4.535813924944595846e-06
2.832112112112112072e+02 -4.788733237099821737e-06
2.835110110110110213e+02 -5.044333315194677785e-06
2.838108108108108354e+02 -5.302627307431542019e-06
2.841106106106106495e+02 -5.563628265955814758e-06
2.844104104104104067e+02 -5.827349467374336964e-06
2.847102102102102208e+02 -6.093804079602911354e-06
2.850100100100100349e+02 -6.363005441597056205e-06
2.853098098098098490e+02 -6.634966478384454440e-06
2.856096096096096062e+02 -6.909700801558866343e-06
2.859094094094094203e+02 -7.187221613484126691e-06
2.862092092092092344e+02 -7.467542235567747628e-06
2.865090090090090484e+02 -7.750676044809024984e-06
2.868088088088088057e+02 -8.036636416119701234e-06
2.871086086086086198e+02 -8.325436774430184039e-06
2.874084084084084338e+02 -8.617090555903080044e-06
2.877082082082082479e+02 -8.911611228983977857e-06
2.880080080080080052e+02 -9.209012360305227678e-06
2.883078078078078192e+02 -9.509307251918587640e-06
2.886076076076076333e+02 -9.812509670996284598e-06
2.889074074074074474e+02 -1.011863319529166078e-05
2.892072072072072046e+02 -1.042769119203372329e-05
2.895070070070070187e+02 -1.073969751624537332e-05
2.898068068068068328e+02 -1.105466575019296159e-05
2.901066066066066469e+02 -1.137260957297894368e-05
2.904064064064064041e+02 -1.169354269051447976e-05
2.907062062062062182e+02 -1.201747883500350176e-05
2.910060060060060323e+02 -1.234443176627295315e-05
2.913058058058058464e+02 -1.267441527178898595e-05
2.916056056056056036e+02 -1.300744316577714929e-05
2.919054054054054177e+02 -1.334352932448346468e-05
2.922052052052052318e+02 -1.368268748758365008e-05
2.925050050050050459e+02 -1.402493170904715507e-05
2.928048048048048031e+02 -1.437027577450327974e-05
2.931046046046046172e+02 -1.471873371866091177e-05
2.934044044044044313e+02 -1.507031948344387914e-05
2.937042042042042453e+02 -1.542504706749831485e-05
2.940040040040040026e+02 -1.578293051594135764e-05
2.943038038038038167e+02 -1.614398382394911080e-05
2.946036036036036307e+02 -1.650822113092679038e-05
2.949034034034034448e+02 -1.687565651152121617e-05
2.952032032032032021e+02 -1.724630410887066816e-05
2.955030030030030161e+02 -1.762017807888913618e-05
2.958028028028028302e+02 -1.799729260832442539e-05
2.961026026026026443e+02 -1.837766190964194851e-05
2.964024024024024015e+02 -1.876130022113151299e-05
2.967022022022022156e+02 -1.914822181507549683e-05
2.970020020020020297e+02 -1.953844098980434368e-05
2.973018018018018438e+02 -1.993197206746686372e-05
2.976016016016016010e+02 -2.032882940983748131e-05
2.979014014014014151e+02 -2.072902742089166567e-05
2.982012012012012292e+02 -2.113258055892711811e-05
2.985010010010010433e+02 -2.153950337035599898e-05
2.988008008008008005e+02 -2.194981060078778957e-05
2.991006006006006146e+02 -2.236351759778491371e-05
2.994004004004004287e+02 -2.278064239605005637e-05
2.997002002002002428e+02 -2.320122823940568425e-05
3.000000000000000000e+02 -2.362523873081972468e-05
