5.000000000000000000e-01 -1.576597714820669808e-05
7.997997997997998709e-01 -1.574228479907303674e-05
1.099599599599599742e+00 -1.571859244993937540e-05
1.399399399399399391e+00 -1.569490010080571744e-05
1.699199199199199262e+00 -1.567120775167205610e-05
1.998998998998999133e+00 -1.564751540253839815e-05
2.298798798798798781e+00 -1.562382305340473342e-05
2.598598598598598652e+00 -1.560013070427107546e-05
2.898398398398398523e+00 -1.557643835513741412e-05
3.198198198198198394e+00 -1.555274600600375616e-05
3.497997997997998265e+00 -1.552905365687009143e-05
3.797797797797798136e+00 -1.550536130773643348e-05
4.097597597597597563e+00 -1.548166895860277214e-05
4.397397397397397434e+00 -1.545797660946911418e-05
4.697197197197197305e+00 -1.543428426033544945e-05
4.996996996996997176e+00 -1.541059191120179150e-05
5.296796796796797047e+00 -1.538689956206813015e-05
5.596596596596596918e+00 -1.536320721293446881e-05
5.896396396396396788e+00 -1.533951486380080747e-05
6.196196196196196659e+00 -1.531582251466714952e-05
6.495995995995996530e+00 -1.529213016553348817e-05
6.795795795795796401e+00 -1.526843781639983022e-05
7.095595595595596272e+00 -1.524474546726616718e-05
7.395395395395396143e+00 -1.522105311813250923e-05
7.695195195195195126e+00 -1.519736076899884788e-05
7.994994994994994997e+00 -1.517366841986518654e-05
8.294794794794794868e+00 -1.514997607073152520e-05
8.594594594594594739e+00 -1.512628372159786725e-05
8.894394394394394610e+00 -1.510259137246420421e-05
9.194194194194194480e+00 -1.507889902333054795e-05
9.493993993993994351e+00 -1.505520667419688322e-05
9.793793793793794222e+00 -1.503151432506322526e-05
1.009359359359359409e+01 -1.500782197592956392e-05
1.039339339339339396e+01 -1.498412962679590258e-05
1.069319319319319384e+01 -1.496043727766224293e-05
1.099299299299299371e+01 -1.493674492852858328e-05
1.129279279279279358e+01 -1.491305257939492024e-05
1.159259259259259345e+01 -1.488936023026126229e-05
1.189239239239239332e+01 -1.486566788112760095e-05
1.219219219219219319e+01 -1.484197553199394130e-05
1.249199199199199306e+01 -1.481828318286028165e-05
1.279179179179179293e+01 -1.479459083372662031e-05
1.309159159159159280e+01 -1.477089848459295897e-05
1.339139139139139267e+01 -1.474720613545929762e-05
1.369119119119119254e+01 -1.472351378632563628e-05
1.399099099099099242e+01 -1.469982143719197833e-05
1.429079079079079229e+01 -1.467612908805831698e-05
1.459059059059059216e+01 -1.465243673892465903e-05
1.489039039039039025e+01 -1.462874438979099769e-05
1.519019019019019012e+01 -1.460505204065733634e-05
1.548998998998998999e+01 -1.458135969152367500e-05
1.578978978978978986e+01 -1.455766734239001366e-05
1.608958958958958974e+01 -1.453397499325635401e-05
1.638938938938938961e+01 -1.451028264412269436e-05
1.668918918918918948e+01 -1.448659029498903302e-05
1.698898898898898935e+01 -1.446289794585537506e-05
1.728878878878878922e+01 -1.443920559672171372e-05
1.758858858858858909e+01 -1.441551324758805238e-05
1.788838838838838896e+01 -1.439182089845439273e-05
1.818818818818818883e+01 -1.436812854932073139e-05
1.848798798798798870e+01 -1.434443620018707005e-05
1.878778778778778857e+01 -1.432074385105341209e-05
1.908758758758758844e+01 -1.429705150191975075e-05
1.938738738738738832e+01 -1.427335915278609110e-05
1.968718718718718819e+01 -1.424966680365242806e-05
1.998698698698698806e+01 -1.422597445451877011e-05
2.028678678678678793e+01 -1.420228210538510877e-05
2.058658658658658780e+01 -1.417858975625144742e-05
2.088638638638638767e+01 -1.415489740711778608e-05
2.118618618618618754e+01 -1.413120505798412813e-05
2.148598598598598741e+01 -1.410751270885046509e-05
2.178578578578578728e+01 -1.408382035971680883e-05
2.208558558558558715e+01 -1.406012801058314410e-05
2.238538538538538702e+01 -1.403643566144948615e-05
2.268518518518518690e+01 -1.401274331231582480e-05
2.298498498498498677e+01 -1.398905096318216346e-05
2.328478478478478664e+01 -1.396535861404850381e-05
2.358458458458458651e+01 -1.394166626491484247e-05
2.388438438438438638e+01 -1.391797391578118113e-05
2.418418418418418625e+01 -1.389428156664752317e-05
2.448398398398398612e+01 -1.387058921751386183e-05
2.478378378378378599e+01 -1.384689686838020218e-05
2.508358358358358586e+01 -1.382320451924654253e-05
2.538338338338338573e+01 -1.379951217011288119e-05
2.568318318318318561e+01 -1.377581982097921985e-05
2.598298298298298548e+01 -1.375212747184555851e-05
2.628278278278278535e+01 -1.372843512271189716e-05
2.658258258258258522e+01 -1.370474277357823582e-05
2.688238238238238509e+01 -1.368105042444457787e-05
2.718218218218218496e+01 -1.365735807531091652e-05
2.748198198198198483e+01 -1.363366572617725857e-05
2.778178178178178470e+01 -1.360997337704359723e-05
2.808158158158158457e+01 -1.358628102790993588e-05
2.838138138138138444e+01 -1.356258867877627454e-05
2.868118118118118431e+01 -1.353889632964261489e-05
2.898098098098098419e+01 -1.351520398050895355e-05
2.928078078078078050e+01 -1.349151163137529390e-05
2.958058058058058037e+01 -1.346781928224163595e-05
2.988038038038038025e+01 -1.344412693310797460e-05
3.018018018018018012e+01 -1.342043458397431326e-05
3.047997997997997999e+01 -1.339674223484065361e-05
3.077977977977977986e+01 -1.337304988570699227e-05
3.107957957957957973e+01 -1.334935753657333093e-05
3.137937937937937960e+01 -1.332566518743967297e-05
3.167917917917917947e+01 -1.330197283830601163e-05
3.197897897897897934e+01 -1.327828048917235198e-05
3.227877877877877921e+01 -1.325458814003868895e-05
3.257857857857857908e+01 -1.323089579090503099e-05
3.287837837837837895e+01 -1.320720344177136965e-05
3.317817817817817883e+01 -1.318351109263770831e-05
3.347797797797797870e+01 -1.315981874350404696e-05
3.377777777777777857e+01 -1.313612639437038901e-05
3.407757757757757844e+01 -1.311243404523672428e-05
3.437737737737737831e+01 -1.308874169610306971e-05
3.467717717717717818e+01 -1.306504934696940498e-05
3.497697697697697805e+01 -1.304135699783574703e-05
3.527677677677677792e+01 -1.301766464870208569e-05
3.557657657657657779e+01 -1.299397229956842434e-05
3.587637637637637766e+01 -1.297027995043476300e-05
3.617617617617617753e+01 -1.294658760130110505e-05
3.647597597597597741e+01 -1.292289525216744201e-05
3.677577577577577728e+01 -1.289920290303378236e-05
3.707557557557557715e+01 -1.287551055390012271e-05
3.737537537537537702e+01 -1.285181820476646306e-05
3.767517517517517689e+01 -1.282812585563280172e-05
3.797497497497497676e+01 -1.280443350649914207e-05
3.827477477477477663e+01 -1.278074115736548073e-05
3.857457457457457650e+01 -1.275704880823181939e-05
3.887437437437437637e+01 -1.273335645909815805e-05
3.917417417417417624e+01 -1.270966410996450009e-05
3.947397397397397611e+01 -1.268597176083083875e-05
3.977377377377377599e+01 -1.266227941169718079e-05
4.007357357357357586e+01 -1.263858706256351945e-05
4.037337337337337573e+01 -1.261489471342985811e-05
4.067317317317317560e+01 -1.259120236429619677e-05
4.097297297297297547e+01 -1.256751001516253542e-05
4.127277277277277534e+01 -1.254381766602887408e-05
4.157257257257257521e+01 -1.252012531689521613e-05
4.187237237237237508e+01 -1.249643296776155478e-05
4.217217217217217495e+01 -1.247274061862789683e-05
4.247197197197197482e+01 -1.244904826949423549e-05
4.277177177177177470e+01 -1.242535592036057414e-05
4.307157157157157457e+01 -1.240166357122691280e-05
4.337137137137137444e+01 -1.237797122209325315e-05
4.367117117117117431e+01 -1.235427887295959181e-05
4.397097097097097418e+01 -1.233058652382593216e-05
4.427077077077077405e+01 -1.230689417469227251e-05
4.457057057057057392e+01 -1.228320182555861287e-05
4.487037037037037379e+01 -1.225950947642494983e-05
4.517017017017017366e+01 -1.223581712729129187e-05
4.546996996996997353e+01 -1.221212477815763053e-05
4.576976976976977340e+01 -1.218843242902396919e-05
4.606956956956957328e+01 -1.216474007989030785e-05
4.636936936936937315e+01 -1.214104773075664989e-05
4.666916916916917302e+01 -1.211735538162298516e-05
4.696896896896897289e+01 -1.209366303248933060e-05
4.726876876876877276e+01 -1.206997068335566587e-05
4.756856856856857263e+01 -1.204627833422200791e-05
4.786836836836837250e+01 -1.202258598508834657e-05
4.816816816816817237e+01 -1.199889363595468523e-05
4.846796796796797224e+01 -1.197520128682102388e-05
4.876776776776777211e+01 -1.195150893768736593e-05
4.906756756756757198e+01 -1.192781658855370289e-05
4.936736736736737186e+01 -1.190412423942004324e-05
4.966716716716717173e+01 -1.188043189028638359e-05
4.996696696696697160e+01 -1.185673954115272395e-05
5.026676676676677147e+01 -1.183304719201906260e-05
5.056656656656657134e+01 -1.180935484288540296e-05
5.086636636636637121e+01 -1.178566249375174161e-05
5.116616616616617108e+01 -1.176197014461808027e-05
5.146596596596597095e+01 -1.173827779548441893e-05
5.176576576576577082e+01 -1.171458544635076097e-05
5.206556556556557069e+01 -1.169089309721709963e-05
5.236536536536537056e+01 -1.166720074808344168e-05
5.266516516516517044e+01 -1.164350839894978033e-05
5.296496496496497031e+01 -1.161981604981611899e-05
5.326476476476477018e+01 -1.159612370068245765e-05
5.356456456456457005e+01 -1.157243135154879631e-05
5.386436436436436992e+01 -1.154873900241513496e-05
5.416416416416416979e+01 -1.152504665328147701e-05
5.446396396396396966e+01 -1.150135430414781567e-05
5.476376376376376953e+01 -1.147766195501415602e-05
5.506356356356356940e+01 -1.145396960588049468e-05
5.536336336336336927e+01 -1.143027725674683503e-05
5.566316316316316914e+01 -1.140658490761317368e-05
5.596296296296296902e+01 -1.138289255847951404e-05
5.626276276276276889e+01 -1.135920020934585269e-05
5.656256256256256876e+01 -1.133550786021219305e-05
5.686236236236236863e+01 -1.131181551107853340e-05
5.716216216216216850e+01 -1.128812316194487205e-05
5.746196196196196837e+01 -1.126443081281121071e-05
5.776176176176176824e+01 -1.124073846367755276e-05
5.806156156156156101e+01 -1.121704611454389141e-05
5.836136136136136088e+01 -1.119335376541023177e-05
5.866116116116116075e+01 -1.116966141627657042e-05
5.896096096096096062e+01 -1.114596906714291078e-05
5.926076076076076049e+01 -1.112227671800924943e-05
5.956056056056056036e+01 -1.109858436887558978e-05
5.986036036036036023e+01 -1.107489201974192844e-05
6.016016016016016010e+01 -1.105119967060826879e-05
6.045995995995995997e+01 -1.102750732147460745e-05
6.075975975975975985e+01 -1.100381497234094780e-05
6.105955955955955972e+01 -1.098012262320728646e-05
6.135935935935935959e+01 -1.095643027407362681e-05
6.165915915915915946e+01 -1.093273792493996547e-05
6.195895895895895933e+01 -1.090904557580630413e-05
6.225875875875875920e+01 -1.088535322667264448e-05
6.255855855855855907e+01 -1.086166087753898313e-05
6.285835835835835894e+01 -1.083796852840532349e-05
6.315815815815815881e+01 -1.081427617927166384e-05
6.345795795795795868e+01 -1.079058383013800250e-05
6.375775775775775855e+01 -1.076689148100434285e-05
6.405755755755755843e+01 -1.074319913187068320e-05
6.435735735735735830e+01 -1.071950678273702186e-05
6.465715715715715817e+01 -1.069581443360336221e-05
6.495695695695695804e+01 -1.067212208446970086e-05
6.525675675675675791e+01 -1.064842973533604122e-05
6.555655655655655778e+01 -1.062473738620237987e-05
6.585635635635635765e+01 -1.060104503706872023e-05
6.615615615615615752e+01 -1.057735268793505888e-05
6.645595595595595739e+01 -1.055366033880139923e-05
6.675575575575575726e+01 -1.052996798966773789e-05
6.705555555555555713e+01 -1.050627564053407824e-05
6.735535535535535701e+01 -1.048258329140041690e-05
6.765515515515515688e+01 -1.045889094226675725e-05
6.795495495495495675e+01 -1.043519859313309591e-05
6.825475475475475662e+01 -1.041150624399943457e-05
6.855455455455455649e+01 -1.038781389486577492e-05
6.885435435435435636e+01 -1.036412154573211358e-05
6.915415415415415623e+01 -1.034042919659845393e-05
6.945395395395395610e+01 -1.031673684746479428e-05
6.975375375375375597e+01 -1.029304449833113294e-05
7.005355355355355584e+01 -1.026935214919747329e-05
7.035335335335335571e+01 -1.024565980006381364e-05
7.065315315315315559e+01 -1.022196745093015230e-05
7.095295295295295546e+01 -1.019827510179649265e-05
7.125275275275275533e+01 -1.017458275266283131e-05
7.155255255255255520e+01 -1.015089040352917166e-05
7.185235235235235507e+01 -1.012719805439551032e-05
7.215215215215215494e+01 -1.010350570526185067e-05
7.245195195195195481e+01 -1.007981335612818932e-05
7.275175175175175468e+01 -1.005612100699452968e-05
7.305155155155155455e+01 -1.003242865786086833e-05
7.335135135135135442e+01 -1.000873630872720868e-05
7.365115115115115429e+01 -9.985043959593547342e-06
7.395095095095095417e+01 -9.961351610459887694e-06
7.425075075075075404e+01 -9.937659261326226351e-06
7.455055055055055391e+01 -9.913966912192565009e-06
7.485035035035035378e+01 -9.890274563058905360e-06
7.515015015015015365e+01 -9.866582213925244018e-06
7.544994994994995352e+01 -9.842889864791584369e-06
7.574974974974975339e+01 -9.819197515657923027e-06
7.604954954954955326e+01 -9.795505166524263378e-06
7.634934934934935313e+01 -9.771812817390603730e-06
7.664914914914915300e+01 -9.748120468256942387e-06
7.694894894894895288e+01 -9.724428119123282739e-06
7.724874874874875275e+01 -9.700735769989623090e-06
7.754854854854855262e+01 -9.677043420855961748e-06
7.784834834834835249e+01 -9.653351071722302099e-06
7.814814814814815236e+01 -9.629658722588640756e-06
7.844794794794795223e+01 -9.605966373454979414e-06
7.874774774774775210e+01 -9.582274024321319765e-06
7.904754754754755197e+01 -9.558581675187660117e-06
7.934734734734735184e+01 -9.534889326053998774e-06
7.964714714714715171e+01 -9.511196976920337432e-06
7.994694694694695158e+01 -9.487504627786677783e-06
8.024674674674675146e+01 -9.463812278653018135e-06
8.054654654654655133e+01 -9.440119929519356792e-06
8.084634634634635120e+01 -9.416427580385695450e-06
8.114614614614615107e+01 -9.392735231252035801e-06
8.144594594594595094e+01 -9.369042882118376153e-06
8.174574574574575081e+01 -9.345350532984714810e-06
8.204554554554555068e+01 -9.321658183851053468e-06
8.234534534534535055e+01 -9.297965834717393819e-06
8.264514514514515042e+01 -9.274273485583734171e-06
8.294494494494495029e+01 -9.250581136450072828e-06
8.324474474474475016e+01 -9.226888787316413180e-06
8.354454454454455004e+01 -9.203196438182753531e-06
8.384434434434434991e+01 -9.179504089049092189e-06
8.414414414414414978e+01 -9.155811739915432540e-06
8.444394394394394965e+01 -9.132119390781771198e-06
8.474374374374374952e+01 -9.108427041648109855e-06
8.504354354354354939e+01 -9.084734692514450207e-06
8.534334334334334926e+01 -9.061042343380790558e-06
8.564314314314314913e+01 -9.037349994247129216e-06
8.594294294294294900e+01 -9.013657645113467873e-06
8.624274274274274887e+01 -8.989965295979808225e-06
8.654254254254254874e+01 -8.966272946846148576e-06
8.684234234234234862e+01 -8.942580597712487234e-06
8.714214214214214849e+01 -8.918888248578825891e-06
8.744194194194194836e+01 -8.895195899445166243e-06
8.774174174174174823e+01 -8.871503550311506594e-06
8.804154154154154810e+01 -8.847811201177845252e-06
8.834134134134134797e+01 -8.824118852044183909e-06
8.864114114114114784e+01 -8.800426502910524261e-06
8.894094094094094771e+01 -8.776734153776864612e-06
8.924074074074074758e+01 -8.753041804643203270e-06
8.954054054054054745e+01 -8.729349455509543621e-06
8.984034034034034732e+01 -8.705657106375883973e-06
9.014014014014014720e+01 -8.681964757242222630e-06
9.043993993993994707e+01 -8.658272408108562982e-06
9.073973973973974694e+01 -8.634580058974901639e-06
9.103953953953954681e+01 -8.610887709841240296e-06
9.133933933933934668e+01 -8.587195360707580648e-06
9.163913913913914655e+01 -8.563503011573921000e-06
9.193893893893894642e+01 -8.539810662440259657e-06
9.223873873873874629e+01 -8.516118313306598314e-06
9.253853853853854616e+01 -8.492425964172938666e-06
9.283833833833834603e+01 -8.468733615039279017e-06
9.313813813813814591e+01 -8.445041265905617675e-06
9.343793793793794578e+01 -8.421348916771956332e-06
9.373773773773774565e+01 -8.397656567638296684e-06
9.403753753753754552e+01 -8.373964218504637035e-06
9.433733733733734539e+01 -8.350271869370975693e-06
9.463713713713714526e+01 -8.326579520237314350e-06
9.493693693693694513e+01 -8.302887171103654702e-06
9.523673673673674500e+01 -8.279194821969995053e-06
9.553653653653654487e+01 -8.255502472836333711e-06
9.583633633633634474e+01 -8.231810123702674062e-06
9.613613613613614461e+01 -8.208117774569012720e-06
9.643593593593594449e+01 -8.184425425435353071e-06
9.673573573573574436e+01 -8.160733076301693423e-06
9.703553553553554423e+01 -8.137040727168032080e-06
9.733533533533534410e+01 -8.113348378034370738e-06
9.763513513513514397e+01 -8.089656028900711089e-06
9.793493493493494384e+01 -8.065963679767051441e-06
9.823473473473474371e+01 -8.042271330633390098e-06
9.853453453453454358e+01 -8.018578981499728756e-06
9.883433433433434345e+01 -7.994886632366069107e-06
9.913413413413414332e+01 -7.971194283232409459e-06
9.943393393393394319e+01 -7.947501934098748116e-06
9.973373373373374307e+01 -7.923809584965086774e-06
1.000335335335335429e+02 -7.900117235831427125e-06
1.003333333333333428e+02 -7.876424886697767477e-06
1.006331331331331427e+02 -7.852732537564106134e-06
1.009329329329329425e+02 -7.829040188430444792e-06
1.012327327327327424e+02 -7.805347839296785143e-06
1.015325325325325423e+02 -7.781655490163125495e-06
1.018323323323323422e+02 -7.757963141029464152e-06
1.021321321321321420e+02 -7.734270791895804504e-06
1.024319319319319419e+02 -7.710578442762143161e-06
1.027317317317317418e+02 -7.686886093628483513e-06
1.030315315315315416e+02 -7.663193744494823864e-06
1.033313313313313415e+02 -7.639501395361162522e-06
1.036311311311311414e+02 -7.615809046227501179e-06
1.039309309309309413e+02 -7.592116697093841531e-06
1.042307307307307411e+02 -7.568424347960181035e-06
1.045305305305305410e+02 -7.544731998826520540e-06
1.048303303303303409e+02 -7.521039649692859197e-06
1.051301301301301407e+02 -7.497347300559199549e-06
1.054299299299299406e+02 -7.473654951425539900e-06
1.057297297297297405e+02 -7.449962602291878557e-06
1.060295295295295404e+02 -7.426270253158217215e-06
1.063293293293293402e+02 -7.402577904024557566e-06
1.066291291291291401e+02 -7.378885554890897918e-06
1.069289289289289400e+02 -7.355193205757236575e-06
1.072287287287287398e+02 -7.331500856623576080e-06
1.075285285285285397e+02 -7.307808507489916431e-06
1.078283283283283396e+02 -7.284116158356255936e-06
1.081281281281281395e+02 -7.260423809222595440e-06
1.084279279279279393e+02 -7.236731460088934098e-06
1.087277277277277392e+02 -7.213039110955272755e-06
1.090275275275275391e+02 -7.189346761821613107e-06
1.093273273273273389e+02 -7.165654412687953458e-06
1.096271271271271388e+02 -7.141962063554292116e-06
1.099269269269269387e+02 -7.118269714420631620e-06
1.102267267267267385e+02 -7.094577365286971125e-06
1.105265265265265384e+02 -7.070885016153311476e-06
1.108263263263263383e+02 -7.047192667019650981e-06
1.111261261261261382e+02 -7.023500317885989638e-06
1.114259259259259380e+02 -6.999807968752329990e-06
1.117257257257257379e+02 -6.976115619618670341e-06
1.120255255255255378e+02 -6.952423270485008999e-06
1.123253253253253376e+02 -6.928730921351347656e-06
1.126251251251251375e+02 -6.905038572217688008e-06
1.129249249249249374e+02 -6.881346223084028359e-06
1.132247247247247373e+02 -6.857653873950367017e-06
1.135245245245245371e+02 -6.833961524816706521e-06
1.138243243243243370e+02 -6.810269175683046026e-06
1.141241241241241369e+02 -6.786576826549385530e-06
1.144239239239239367e+02 -6.762884477415725882e-06
1.147237237237237366e+02 -6.739192128282064539e-06
1.150235235235235365e+02 -6.715499779148404891e-06
1.153233233233233364e+02 -6.691807430014743548e-06
1.156231231231231220e+02 -6.668115080881083900e-06
1.159229229229229219e+02 -6.644422731747424251e-06
1.162227227227227218e+02 -6.620730382613764603e-06
1.165225225225225216e+02 -6.597038033480103260e-06
1.168223223223223215e+02 -6.573345684346441918e-06
1.171221221221221214e+02 -6.549653335212782269e-06
1.174219219219219212e+02 -6.525960986079122621e-06
1.177217217217217211e+02 -6.502268636945461278e-06
1.180215215215215210e+02 -6.478576287811800783e-06
1.183213213213213209e+02 -6.454883938678140287e-06
1.186211211211211207e+02 -6.431191589544479792e-06
1.189209209209209206e+02 -6.407499240410820143e-06
1.192207207207207205e+02 -6.383806891277158801e-06
1.195205205205205203e+02 -6.360114542143499152e-06
1.198203203203203202e+02 -6.336422193009837810e-06
1.201201201201201201e+02 -6.312729843876178161e-06
1.204199199199199199e+02 -6.289037494742516818e-06
1.207197197197197198e+02 -6.265345145608857170e-06
1.210195195195195197e+02 -6.241652796475195827e-06
1.213193193193193196e+02 -6.217960447341536179e-06
1.216191191191191194e+02 -6.194268098207875683e-06
1.219189189189189193e+02 -6.170575749074214341e-06
1.222187187187187192e+02 -6.146883399940554692e-06
1.225185185185185190e+02 -6.123191050806895044e-06
1.228183183183183189e+02 -6.099498701673233701e-06
1.231181181181181188e+02 -6.075806352539572359e-06
1.234179179179179187e+02 -6.052114003405912710e-06
1.237177177177177185e+02 -6.028421654272253062e-06
1.240175175175175184e+02 -6.004729305138591719e-06
1.243173173173173183e+02 -5.981036956004931224e-06
1.246171171171171181e+02 -5.957344606871270728e-06
1.249169169169169180e+02 -5.933652257737610233e-06
1.252167167167167179e+02 -5.909959908603950584e-06
1.255165165165165178e+02 -5.886267559470289242e-06
1.258163163163163176e+02 -5.862575210336629593e-06
1.261161161161161175e+02 -5.838882861202968251e-06
1.264159159159159174e+02 -5.815190512069308602e-06
1.267157157157157172e+02 -5.791498162935647260e-06
1.270155155155155171e+02 -5.767805813801987611e-06
1.273153153153153170e+02 -5.744113464668326269e-06
1.276151151151151169e+02 -5.720421115534665773e-06
1.279149149149149167e+02 -5.696728766401006125e-06
1.282147147147147166e+02 -5.673036417267345629e-06
1.285145145145145307e+02 -5.649344068133683440e-06
1.288143143143143163e+02 -5.625651719000024638e-06
1.291141141141141304e+02 -5.601959369866362449e-06
1.294139139139139161e+02 -5.578267020732703647e-06
1.297137137137137302e+02 -5.554574671599041458e-06
1.300135135135135158e+02 -5.530882322465382656e-06
1.303133133133133299e+02 -5.507189973331721314e-06
1.306131131131131156e+02 -5.483497624198061665e-06
1.309129129129129296e+02 -5.459805275064400323e-06
1.312127127127127153e+02 -5.436112925930740674e-06
1.315125125125125294e+02 -5.412420576797079332e-06
1.318123123123123150e+02 -5.388728227663419683e-06
1.321121121121121291e+02 -5.365035878529758341e-06
1.324119119119119148e+02 -5.341343529396098692e-06
1.327117117117117289e+02 -5.317651180262437350e-06
1.330115115115115145e+02 -5.293958831128777701e-06
1.333113113113113286e+02 -5.270266481995116358e-06
1.336111111111111143e+02 -5.246574132861456710e-06
1.339109109109109284e+02 -5.222881783727796214e-06
1.342107107107107140e+02 -5.199189434594135719e-06
1.345105105105105281e+02 -5.175497085460474376e-06
1.348103103103103138e+02 -5.151804736326815575e-06
1.351101101101101278e+02 -5.128112387193153385e-06
1.354099099099099135e+02 -5.104420038059494584e-06
1.357097097097097276e+02 -5.080727688925832394e-06
1.360095095095095132e+02 -5.057035339792173593e-06
1.363093093093093273e+02 -5.033342990658512250e-06
1.366091091091091130e+02 -5.009650641524852602e-06
1.369089089089089271e+02 -4.985958292391191259e-06
1.372087087087087127e+02 -4.962265943257531611e-06
1.375085085085085268e+02 -4.938573594123870268e-06
1.378083083083083125e+02 -4.914881244990210620e-06
1.381081081081081265e+02 -4.891188895856549277e-06
1.384079079079079122e+02 -4.867496546722890476e-06
1.387077077077077263e+02 -4.843804197589228286e-06
1.390075075075075119e+02 -4.820111848455569485e-06
1.393073073073073260e+02 -4.796419499321907295e-06
1.396071071071071117e+02 -4.772727150188247647e-06
1.399069069069069258e+02 -4.749034801054586304e-06
1.402067067067067114e+02 -4.725342451920926656e-06
1.405065065065065255e+02 -4.701650102787265313e-06
1.408063063063063112e+02 -4.677957753653605665e-06
1.411061061061061253e+02 -4.654265404519944322e-06
1.414059059059059109e+02 -4.630573055386285521e-06
1.417057057057057250e+02 -4.606880706252623331e-06
1.420055055055055107e+02 -4.583188357118964530e-06
1.423053053053053247e+02 -4.559496007985302340e-06
1.426051051051051104e+02 -4.535803658851643539e-06
1.429049049049049245e+02 -4.512111309717982196e-06
1.432047047047047101e+02 -4.488418960584322548e-06
1.435045045045045242e+02 -4.464726611450661205e-06
1.438043043043043099e+02 -4.441034262317001557e-06
1.441041041041041240e+02 -4.417341913183340214e-06
1.444039039039039096e+02 -4.393649564049680566e-06
1.447037037037037237e+02 -4.369957214916019223e-06
1.450035035035035094e+02 -4.346264865782359575e-06
1.453033033033033234e+02 -4.322572516648698232e-06
1.456031031031031091e+02 -4.298880167515038584e-06
1.459029029029029232e+02 -4.275187818381377241e-06
1.462027027027027088e+02 -4.251495469247717593e-06
1.465025025025025229e+02 -4.227803120114056250e-06
1.468023023023023086e+02 -4.204110770980396602e-06
1.471021021021021227e+02 -4.180418421846735259e-06
1.474019019019019083e+02 -4.156726072713076458e-06
1.477017017017017224e+02 -4.133033723579414268e-06
1.480015015015015081e+02 -4.109341374445755467e-06
1.483013013013013222e+02 -4.085649025312093277e-06
1.486011011011011078e+02 -4.061956676178434475e-06
1.489009009009009219e+02 -4.038264327044772286e-06
1.492007007007007076e+02 -4.014571977911113484e-06
1.495005005005005216e+02 -3.990879628777452142e-06
1.498003003003003073e+02 -3.967187279643792493e-06
1.501001001001001214e+02 -3.943494930510131151e-06
1.503998998998999070e+02 -3.919802581376471502e-06
1.506996996996997211e+02 -3.896110232242810160e-06
1.509994994994995068e+02 -3.872417883109150511e-06
1.512992992992993209e+02 -3.848725533975489169e-06
1.515990990990991065e+02 -3.825033184841829520e-06
1.518988988988989206e+02 -3.801340835708168178e-06
1.521986986986987063e+02 -3.777648486574508529e-06
1.524984984984985203e+02 -3.753956137440846763e-06
1.527982982982983060e+02 -3.730263788307187538e-06
1.530980980980981201e+02 -3.706571439173526196e-06
1.533978978978979058e+02 -3.682879090039866971e-06
1.536976976976977198e+02 -3.659186740906205205e-06
1.539974974974975055e+02 -3.635494391772545980e-06
1.542972972972972912e+02 -3.611802042638886755e-06
1.545970970970971052e+02 -3.588109693505224989e-06
1.548968968968968909e+02 -3.564417344371566187e-06
1.551966966966967050e+02 -3.540724995237904421e-06
1.554964964964964906e+02 -3.517032646104245196e-06
1.557962962962963047e+02 -3.493340296970583430e-06
1.560960960960960904e+02 -3.469647947836924205e-06
1.563958958958959045e+02 -3.445955598703262439e-06
1.566956956956956901e+02 -3.422263249569602791e-06
1.569954954954955042e+02 -3.398570900435941025e-06
1.572952952952952899e+02 -3.374878551302281800e-06
1.575950950950951039e+02 -3.351186202168620034e-06
1.578948948948948896e+02 -3.327493853034961232e-06
1.581946946946947037e+02 -3.303801503901299466e-06
1.584944944944944893e+02 -3.280109154767640241e-06
1.587942942942943034e+02 -3.256416805633978475e-06
1.590940940940940891e+02 -3.232724456500319250e-06
1.593938938938939032e+02 -3.209032107366657484e-06
1.596936936936936888e+02 -3.185339758232998683e-06
1.599934934934935029e+02 -3.161647409099336917e-06
1.602932932932932886e+02 -3.137955059965677692e-06
1.605930930930931027e+02 -3.114262710832015926e-06
1.608928928928928883e+02 -3.090570361698356701e-06
1.611926926926927024e+02 -3.066878012564694935e-06
1.614924924924924881e+02 -3.043185663431035286e-06
1.617922922922923021e+02 -3.019493314297374367e-06
1.620920920920920878e+02 -2.995800965163714295e-06
1.623918918918919019e+02 -2.972108616030053376e-06
1.626916916916916875e+02 -2.948416266896393728e-06
1.629914914914915016e+02 -2.924723917762732385e-06
1.632912912912912873e+02 -2.901031568629072736e-06
1.635910910910911014e+02 -2.877339219495411817e-06
1.638908908908908870e+02 -2.853646870361751745e-06
1.641906906906907011e+02 -2.829954521228090403e-06
1.644904904904904868e+02 -2.806262172094431178e-06
1.647902902902903008e+02 -2.782569822960769412e-06
1.650900900900900865e+02 -2.758877473827110187e-06
1.653898898898899006e+02 -2.735185124693448421e-06
1.656896896896896862e+02 -2.711492775559789196e-06
1.659894894894895003e+02 -2.687800426426127853e-06
1.662892892892892860e+02 -2.664108077292468628e-06
1.665890890890891001e+02 -2.640415728158806862e-06
1.668888888888888857e+02 -2.616723379025147637e-06
1.671886886886886998e+02 -2.593031029891485871e-06
1.674884884884884855e+02 -2.569338680757826646e-06
1.677882882882882996e+02 -2.545646331624164880e-06
1.680880880880880852e+02 -2.521953982490505655e-06
1.683878878878878993e+02 -2.498261633356844313e-06
1.686876876876876850e+02 -2.474569284223184664e-06
1.689874874874874990e+02 -2.450876935089522898e-06
1.692872872872872847e+02 -2.427184585955864097e-06
1.695870870870870988e+02 -2.403492236822202331e-06
1.698868868868868844e+02 -2.379799887688542682e-06
1.701866866866866985e+02 -2.356107538554881340e-06
1.704864864864864842e+02 -2.332415189421221691e-06
1.707862862862862983e+02 -2.308722840287560349e-06
1.710860860860860839e+02 -2.285030491153901124e-06
1.713858858858858980e+02 -2.261338142020239358e-06
1.716856856856856837e+02 -2.237645792886580133e-06
1.719854854854854977e+02 -2.213953443752918367e-06
1.722852852852852834e+02 -2.190261094619259142e-06
1.725850850850850975e+02 -2.166568745485597799e-06
1.728848848848848831e+02 -2.142876396351938574e-06
1.731846846846846972e+02 -2.119184047218276808e-06
1.734844844844844829e+02 -2.095491698084617160e-06
1.737842842842842970e+02 -2.071799348950955817e-06
1.740840840840840826e+02 -2.048106999817296592e-06
1.743838838838838967e+02 -2.024414650683635250e-06
1.746836836836836824e+02 -2.000722301549975601e-06
1.749834834834834965e+02 -1.977029952416313835e-06
1.752832832832832821e+02 -1.953337603282654610e-06
1.755830830830830962e+02 -1.929645254148992844e-06
1.758828828828828819e+02 -1.905952905015333831e-06
1.761826826826826959e+02 -1.882260555881672276e-06
1.764824824824824816e+02 -1.858568206748012628e-06
1.767822822822822957e+02 -1.834875857614351285e-06
1.770820820820820813e+02 -1.811183508480691849e-06
1.773818818818818954e+02 -1.787491159347030506e-06
1.776816816816816811e+02 -1.763798810213371069e-06
1.779814814814814952e+02 -1.740106461079709303e-06
1.782812812812812808e+02 -1.716414111946050078e-06
1.785810810810810949e+02 -1.692721762812388524e-06
1.788808808808808806e+02 -1.669029413678729299e-06
1.791806806806806946e+02 -1.645337064545067533e-06
1.794804804804804803e+02 -1.621644715411408096e-06
1.797802802802802944e+02 -1.597952366277746754e-06
1.800800800800800801e+02 -1.574260017144087317e-06
1.803798798798798941e+02 -1.550567668010425975e-06
1.806796796796796798e+02 -1.526875318876766326e-06
1.809794794794794939e+02 -1.503182969743104772e-06
1.812792792792792795e+02 -1.479490620609445547e-06
1.815790790790790936e+02 -1.455798271475783781e-06
1.818788788788788793e+02 -1.432105922342124768e-06
1.821786786786786934e+02 -1.408413573208463002e-06
1.824784784784784790e+02 -1.384721224074803565e-06
1.827782782782782931e+02 -1.361028874941142222e-06
1.830780780780780788e+02 -1.337336525807482574e-06
1.833778778778778928e+02 -1.313644176673821231e-06
1.836776776776776785e+02 -1.289951827540161795e-06
1.839774774774774926e+02 -1.266259478406500028e-06
1.842772772772772782e+02 -1.242567129272841015e-06
1.845770770770770923e+02 -1.218874780139179249e-06
1.848768768768768780e+02 -1.195182431005520024e-06
1.851766766766766921e+02 -1.171490081871858470e-06
1.854764764764764777e+02 -1.147797732738199245e-06
1.857762762762762918e+02 -1.124105383604537479e-06
1.860760760760760775e+02 -1.100413034470878042e-06
1.863758758758758916e+02 -1.076720685337216700e-06
1.866756756756756772e+02 -1.053028336203557475e-06
1.869754754754754913e+02 -1.029335987069895920e-06
1.872752752752752770e+02 -1.005643637936236060e-06
1.875750750750750910e+02 -9.819512888025749293e-07
1.878748748748748767e+02 -9.582589396689152809e-07
1.881746746746746908e+02 -9.345665905352541501e-07
1.884744744744744764e+02 -9.108742414015943957e-07
1.887742742742742905e+02 -8.871818922679326297e-07
1.890740740740740762e+02 -8.634895431342735106e-07
1.893738738738738903e+02 -8.397971940006117445e-07
1.896736736736736759e+02 -8.161048448669526254e-07
1.899734734734734900e+02 -7.924124957332909652e-07
1.902732732732732757e+02 -7.687201465996317403e-07
1.905730730730730897e+02 -7.450277974659700801e-07
1.908728728728728754e+02 -7.213354483323109610e-07
1.911726726726726895e+02 -6.976430991986491950e-07
1.914724724724724751e+02 -6.739507500649900759e-07
1.917722722722722892e+02 -6.502584009313284157e-07
1.920720720720720749e+02 -6.265660517976691907e-07
1.923718718718718890e+02 -6.028737026640075305e-07
1.926716716716716746e+02 -5.791813535303484115e-07
1.929714714714714887e+02 -5.554890043966866454e-07
1.932712712712712744e+02 -5.317966552630275263e-07
1.935710710710710885e+02 -5.081043061293657602e-07
1.938708708708708741e+02 -4.844119569957060059e-07
1.941706706706706882e+02 -4.607196078620449810e-07
1.944704704704704739e+02 -4.370272587283851737e-07
1.947702702702702879e+02 -4.133349095947240958e-07
1.950700700700700736e+02 -3.896425604610642885e-07
1.953698698698698877e+02 -3.659502113274026284e-07
1.956696696696696733e+02 -3.422578621937434563e-07
1.959694694694694874e+02 -3.185655130600817432e-07
1.962692692692692731e+02 -2.948731639264226241e-07
1.965690690690690872e+02 -2.711808147927609110e-07
1.968688688688688728e+02 -2.474884656591017390e-07
1.971686686686686869e+02 -2.237961165254400523e-07
1.974684684684684726e+02 -2.001037673917809068e-07
1.977682682682682866e+02 -1.764114182581191937e-07
1.980680680680680723e+02 -1.527190691244600481e-07
1.983678678678678864e+02 -1.290267199907983350e-07
1.986676676676676720e+02 -1.053343708571391894e-07
1.989674674674674861e+02 -8.164202172347748954e-08
1.992672672672672718e+02 -5.794967258981833737e-08
1.995670670670670859e+02 -3.425732345615663086e-08
1.998668668668668715e+02 -1.056497432249684342e-08
2.001666666666666856e+02 1.312737481116422120e-08
2.004664664664664713e+02 3.681972394482400864e-08
2.007662662662662854e+02 6.051207307848507325e-08
2.010660660660660710e+02 8.420442221214486732e-08
2.013658658658658851e+02 1.078967713458065672e-07
2.016656656656656708e+02 1.315891204794657128e-07
2.019654654654654848e+02 1.552814696131274259e-07
2.022652652652652705e+02 1.789738187467865714e-07
2.025650650650650846e+02 2.026661678804482846e-07
2.028648648648648702e+02 2.263585170141074301e-07
2.031646646646646843e+02 2.500508661477691432e-07
2.034644644644644700e+02 2.737432152814282623e-07
2.037642642642642841e+02 2.974355644150899754e-07
2.040640640640640697e+02 3.211279135487491475e-07
2.043638638638638838e+02 3.448202626824108606e-07
2.046636636636636695e+02 3.685126118160699797e-07
2.049634634634634835e+02 3.922049609497316928e-07
2.052632632632632692e+02 4.158973100833908648e-07
2.055630630630630833e+02 4.395896592170525250e-07
2.058628628628628690e+02 4.632820083507116970e-07
2.061626626626626830e+02 4.869743574843733572e-07
2.064624624624624687e+02 5.106667066180332174e-07
2.067622622622622828e+02 5.343590557516942423e-07
2.070620620620620684e+02 5.580514048853539967e-07
2.073618618618618825e+02 5.817437540190151275e-07
2.076616616616616682e+02 6.054361031526748819e-07
2.079614614614614823e+02 6.291284522863366479e-07
2.082612612612612679e+02 6.528208014199957670e-07
2.085610610610610820e+02 6.765131505536574272e-07
2.088608608608608677e+02 7.002054996873166521e-07
2.091606606606606817e+02 7.238978488209783123e-07
2.094604604604604674e+02 7.475901979546374314e-07
2.097602602602602815e+02 7.712825470882991975e-07
2.100600600600600671e+02 7.949748962219583166e-07
2.103598598598598812e+02 8.186672453556199767e-07
2.106596596596596669e+02 8.423595944892792017e-07
2.109594594594594810e+02 8.660519436229408619e-07
2.112592592592592666e+02 8.897442927565999810e-07
2.115590590590590807e+02 9.134366418902617470e-07
2.118588588588588664e+02 9.371289910239208661e-07
2.121586586586586805e+02 9.608213401575825263e-07
2.124584584584584661e+02 9.845136892912423865e-07
2.127582582582582802e+02 1.008206038424903517e-06
2.130580580580580659e+02 1.031898387558563166e-06
2.133578578578578799e+02 1.055590736692224297e-06
2.136576576576576656e+02 1.079283085825884157e-06
2.139574574574574797e+02 1.102975434959545711e-06
2.142572572572572653e+02 1.126667784093204936e-06
2.145570570570570794e+02 1.150360133226866702e-06
2.148568568568568651e+02 1.174052482360525715e-06
2.151566566566566792e+02 1.197744831494187481e-06
2.154564564564564648e+02 1.221437180627846706e-06
2.157562562562562789e+02 1.245129529761508261e-06
2.160560560560560646e+02 1.268821878895167486e-06
2.163558558558558786e+02 1.292514228028829252e-06
2.166556556556556643e+02 1.316206577162488265e-06
2.169554554554554784e+02 1.339898926296150031e-06
2.172552552552552640e+02 1.363591275429809256e-06
2.175550550550550781e+02 1.387283624563470810e-06
2.178548548548548638e+02 1.410975973697130035e-06
2.181546546546546779e+02 1.434668322830791801e-06
2.184544544544544635e+02 1.458360671964451450e-06
2.187542542542542776e+02 1.482053021098112581e-06
2.190540540540540633e+02 1.505745370231772441e-06
2.193538538538538774e+02 1.529437719365433360e-06
2.196536536536536630e+02 1.553130068499093220e-06
2.199534534534534771e+02 1.576822417632754986e-06
2.202532532532532628e+02 1.600514766766414211e-06
2.205530530530530768e+02 1.624207115900075765e-06
2.208528528528528625e+02 1.647899465033734990e-06
2.211526526526526766e+02 1.671591814167396756e-06
2.214524524524524622e+02 1.695284163301055770e-06
2.217522522522522763e+02 1.718976512434717536e-06
2.220520520520520620e+02 1.742668861568376761e-06
2.223518518518518761e+02 1.766361210702038315e-06
2.226516516516516617e+02 1.790053559835697540e-06
2.229514514514514758e+02 1.813745908969359306e-06
2.232512512512512615e+02 1.837438258103018954e-06
2.235510510510510755e+02 1.861130607236680085e-06
2.238508508508508612e+02 1.884822956370339945e-06
2.241506506506506753e+02 1.908515305504001076e-06
2.244504504504504609e+02 1.932207654637660725e-06
2.247502502502502750e+02 1.955900003771321644e-06
2.250500500500500607e+02 1.979592352904981716e-06
2.253498498498498748e+02 2.003284702038642635e-06
2.256496496496496604e+02 2.026977051172302283e-06
2.259494494494494745e+02 2.050669400305963626e-06
2.262492492492492602e+02 2.074361749439623274e-06
2.265490490490490743e+02 2.098054098573284193e-06
2.268488488488488599e+02 2.121746447706944265e-06
2.271486486486486740e+02 2.145438796840605184e-06
2.274484484484484597e+02 2.169131145974264833e-06
2.277482482482482737e+02 2.192823495107926175e-06
2.280480480480480594e+02 2.216515844241585824e-06
2.283478478478478735e+02 2.240208193375246743e-06
2.286476476476476591e+02 2.263900542508906815e-06
2.289474474474474732e+02 2.287592891642567734e-06
2.292472472472472589e+02 2.311285240776227382e-06
2.295470470470470730e+02 2.334977589909889995e-06
2.298468468468468586e+02 2.358669939043548373e-06
2.301466466466466727e+02 2.382362288177210563e-06
2.304464464464464584e+02 2.406054637310869364e-06
2.307462462462462440e+02 2.429746986444529013e-06
2.310460460460460581e+02 2.453439335578189932e-06
2.313458458458458438e+02 2.477131684711850004e-06
2.316456456456456579e+02 2.500824033845510923e-06
2.319454454454454435e+02 2.524516382979170571e-06
2.322452452452452576e+02 2.548208732112831914e-06
2.325450450450450433e+02 2.571901081246491562e-06
2.328448448448448573e+02 2.595593430380152481e-06
2.331446446446446430e+02 2.619285779513812553e-06
2.334444444444444571e+02 2.642978128647473473e-06
2.337442442442442427e+02 2.666670477781133121e-06
2.340440440440440568e+02 2.690362826914794464e-06
2.343438438438438425e+02 2.714055176048454112e-06
2.346436436436436566e+02 2.737747525182116725e-06
2.349434434434434422e+02 2.761439874315775103e-06
2.352432432432432563e+02 2.785132223449437293e-06
2.355430430430430420e+02 2.808824572583096094e-06
2.358428428428428560e+02 2.832516921716758284e-06
2.361426426426426417e+02 2.856209270850416662e-06
2.364424424424424558e+02 2.879901619984079275e-06
2.367422422422422414e+02 2.903593969117737653e-06
2.370420420420420555e+02 2.927286318251399842e-06
2.373418418418418412e+02 2.950978667385058644e-06
2.376416416416416553e+02 2.974671016518720833e-06
2.379414414414414409e+02 2.998363365652379211e-06
2.382412412412412550e+02 3.022055714786041824e-06
2.385410410410410407e+02 3.045748063919700202e-06
2.388408408408408548e+02 3.069440413053362392e-06
2.391406406406406404e+02 3.093132762187022464e-06
2.394404404404404545e+02 3.116825111320683383e-06
2.397402402402402402e+02 3.140517460454343031e-06
2.400400400400400542e+02 3.164209809588004374e-06
2.403398398398398399e+02 3.187902158721664022e-06
2.406396396396396540e+02 3.211594507855324941e-06
2.409394394394394396e+02 3.235286856988985013e-06
2.412392392392392537e+02 3.258979206122645932e-06
2.415390390390390394e+02 3.282671555256305581e-06
2.418388388388388535e+02 3.306363904389966923e-06
2.421386386386386391e+02 3.330056253523626572e-06
2.424384384384384532e+02 3.353748602657287491e-06
2.427382382382382389e+02 3.377440951790947563e-06
2.430380380380380529e+02 3.401133300924608482e-06
2.433378378378378386e+02 3.424825650058268130e-06
2.436376376376376527e+02 3.448517999191929473e-06
2.439374374374374383e+02 3.472210348325589121e-06
2.442372372372372524e+02 3.495902697459250040e-06
2.445370370370370381e+02 3.519595046592910112e-06
2.448368368368368522e+02 3.543287395726571031e-06
2.451366366366366378e+02 3.566979744860230680e-06
2.454364364364364519e+02 3.590672093993892022e-06
2.457362362362362376e+02 3.614364443127551671e-06
2.460360360360360517e+02 3.638056792261212590e-06
2.463358358358358373e+02 3.661749141394872662e-06
2.466356356356356514e+02 3.685441490528534852e-06
2.469354354354354371e+02 3.709133839662193229e-06
2.472352352352352511e+02 3.732826188795855843e-06
2.475350350350350368e+02 3.756518537929514220e-06
2.478348348348348509e+02 3.780210887063176410e-06
2.481346346346346365e+02 3.803903236196835212e-06
2.484344344344344506e+02 3.827595585330497825e-06
2.487342342342342363e+02 3.851287934464155779e-06
2.490340340340340504e+02 3.874980283597817969e-06
2.493338338338338360e+02 3.898672632731476770e-06
2.496336336336336501e+02 3.922364981865138960e-06
2.499334334334334358e+02 3.946057330998797761e-06
2.502332332332332498e+02 3.969749680132459951e-06
2.505330330330330355e+02 3.993442029266118752e-06
2.508328328328328496e+02 4.017134378399780942e-06
2.511326326326326353e+02 4.040826727533439743e-06
2.514324324324324493e+02 4.064519076667101933e-06
2.517322322322322350e+02 4.088211425800761581e-06
2.520320320320320491e+02 4.111903774934422924e-06
2.523318318318318347e+02 4.135596124068082572e-06
2.526316316316316488e+02 4.159288473201743068e-06
2.529314314314314345e+02 4.182980822335403563e-06
2.532312312312312486e+02 4.206673171469064059e-06
2.535310310310310342e+02 4.230365520602723707e-06
2.538308308308308483e+02 4.254057869736385050e-06
2.541306306306306340e+02 4.277750218870044698e-06
2.544304304304304480e+02 4.301442568003706041e-06
2.547302302302302337e+02 4.325134917137365689e-06
2.550300300300300478e+02 4.348827266271027032e-06
2.553298298298298334e+02 4.372519615404686680e-06
2.556296296296296475e+02 4.396211964538348023e-06
2.559294294294294332e+02 4.419904313672007671e-06
2.562292292292292473e+02 4.443596662805668167e-06
2.565290290290290613e+02 4.467289011939331203e-06
2.568288288288288186e+02 4.490981361072988311e-06
2.571286286286286327e+02 4.514673710206648806e-06
2.574284284284284468e+02 4.538366059340310149e-06
2.577282282282282608e+02 4.562058408473972338e-06
2.580280280280280181e+02 4.585750757607629446e-06
2.583278278278278322e+02 4.609443106741290788e-06
2.586276276276276462e+02 4.633135455874952131e-06
2.589274274274274603e+02 4.656827805008614320e-06
2.592272272272272176e+02 4.680520154142271428e-06
2.595270270270270316e+02 4.704212503275932770e-06
2.598268268268268457e+02 4.727904852409594960e-06
2.601266266266266598e+02 4.751597201543256303e-06
2.604264264264264170e+02 4.775289550676913410e-06
2.607262262262262311e+02 4.798981899810573905e-06
2.610260260260260452e+02 4.822674248944236942e-06
2.613258258258258593e+02 4.846366598077897438e-06
2.616256256256256165e+02 4.870058947211554545e-06
2.619254254254254306e+02 4.893751296345215887e-06
2.622252252252252447e+02 4.917443645478878077e-06
2.625250250250250588e+02 4.941135994612539420e-06
2.628248248248248160e+02 4.964828343746196527e-06
2.631246246246246301e+02 4.988520692879857870e-06
2.634244244244244442e+02 5.012213042013520059e-06
2.637242242242242583e+02 5.035905391147181402e-06
2.640240240240240155e+02 5.059597740280838509e-06
2.643238238238238296e+02 5.083290089414500699e-06
2.646236236236236437e+02 5.106982438548162041e-06
2.649234234234234577e+02 5.130674787681822537e-06
2.652232232232232150e+02 5.154367136815480491e-06
2.655230230230230291e+02 5.178059485949142681e-06
2.658228228228228431e+02 5.201751835082803176e-06
2.661226226226226572e+02 5.225444184216464519e-06
2.664224224224224145e+02 5.249136533350121626e-06
2.667222222222222285e+02 5.272828882483783816e-06
2.670220220220220426e+02 5.296521231617445158e-06
2.673218218218218567e+02 5.320213580751107348e-06
2.676216216216216139e+02 5.343905929884763608e-06
2.679214214214214280e+02 5.367598279018425798e-06
2.682212212212212421e+02 5.391290628152087140e-06
2.685210210210210562e+02 5.414982977285749330e-06
2.688208208208208134e+02 5.438675326419406437e-06
2.691206206206206275e+02 5.462367675553067780e-06
2.694204204204204416e+02 5.486060024686728275e-06
2.697202202202202557e+02 5.509752373820391312e-06
2.700200200200200129e+02 5.533444722954048419e-06
2.703198198198198270e+02 5.557137072087708915e-06
2.706196196196196411e+02 5.580829421221370257e-06
2.709194194194194552e+02 5.604521770355032447e-06
2.712192192192192124e+02 5.628214119488689554e-06
2.715190190190190265e+02 5.651906468622350897e-06
2.718188188188188406e+02 5.675598817756013086e-06
2.721186186186186546e+02 5.699291166889674429e-06
2.724184184184184119e+02 5.722983516023331536e-06
2.727182182182182260e+02 5.746675865156992879e-06
2.730180180180180400e+02 5.770368214290655068e-06
2.733178178178178541e+02 5.794060563424316411e-06
2.736176176176176114e+02 5.817752912557973518e-06
2.739174174174174254e+02 5.841445261691634014e-06
2.742172172172172395e+02 5.865137610825297051e-06
2.745170170170170536e+02 5.888829959958957546e-06
2.748168168168168108e+02 5.912522309092614653e-06
2.751166166166166249e+02 5.936214658226275996e-06
2.754164164164164390e+02 5.959907007359938186e-06
2.757162162162162531e+02 5.983599356493599528e-06
2.760160160160160103e+02 6.007291705627256635e-06
2.763158158158158244e+02 6.030984054760917978e-06
2.766156156156156385e+02 6.054676403894580168e-06
2.769154154154154526e+02 6.078368753028241510e-06
2.772152152152152098e+02 6.102061102161898618e-06
2.775150150150150239e+02 6.125753451295560807e-06
2.778148148148148380e+02 6.149445800429222150e-06
2.781146146146146521e+02 6.173138149562882645e-06
2.784144144144144093e+02 6.196830498696539753e-06
2.787142142142142234e+02 6.220522847830202789e-06
2.790140140140140375e+02 6.244215196963863285e-06
2.793138138138138515e+02 6.267907546097524627e-06
2.796136136136136088e+02 6.291599895231181735e-06
2.799134134134134229e+02 6.315292244364843924e-06
2.802132132132132369e+02 6.338984593498505267e-06
2.805130130130130510e+02 6.362676942632167456e-06
2.808128128128128083e+02 6.386369291765823717e-06
2.811126126126126223e+02 6.410061640899485906e-06
2.814124124124124364e+02 6.433753990033147249e-06
2.817122122122122505e+02 6.457446339166809438e-06
2.820120120120120077e+02 6.481138688300466546e-06
2.823118118118118218e+02 6.504831037434127888e-06
2.826116116116116359e+02 6.528523386567788384e-06
2.829114114114114500e+02 6.552215735701451420e-06
2.832112112112112072e+02 6.575908084835108528e-06
2.835110110110110213e+02 6.599600433968769023e-06
2.838108108108108354e+02 6.623292783102430366e-06
2.841106106106106495e+02 6.646985132236092555e-06
2.844104104104104067e+02 6.670677481369749663e-06
2.847102102102102208e+02 6.694369830503411005e-06
2.850100100100100349e+02 6.718062179637073195e-06
2.853098098098098490e+02 6.741754528770734537e-06
2.856096096096096062e+02 6.765446877904391645e-06
2.859094094094094203e+02 6.789139227038052987e-06
2.862092092092092344e+02 6.812831576171715177e-06
2.865090090090090484e+02 6.836523925305376519e-06
2.868088088088088057e+02 6.860216274439033627e-06
2.871086086086086198e+02 6.883908623572694122e-06
2.874084084084084338e+02 6.907600972706357159e-06
2.877082082082082479e+02 6.931293321840017655e-06
2.880080080080080052e+02 6.954985670973674762e-06
2.883078078078078192e+02 6.978678020107336104e-06
2.886076076076076333e+02 7.002370369240998294e-06
2.889074074074074474e+02 7.026062718374659637e-06
2.892072072072072046e+02 7.049755067508316744e-06
2.895070070070070187e+02 7.073447416641978934e-06
2.898068068068068328e+02 7.097139765775640276e-06
2.901066066066066469e+02 7.120832114909301619e-06
2.904064064064064041e+02 7.144524464042958726e-06
2.907062062062062182e+02 7.168216813176620916e-06
2.910060060060060323e+02 7.191909162310282258e-06
2.913058058058058464e+02 7.215601511443942754e-06
2.916056056056056036e+02 7.239293860577599861e-06
2.919054054054054177e+02 7.262986209711262898e-06
2.922052052052052318e+02 7.286678558844923393e-06
2.925050050050050459e+02 7.310370907978585583e-06
2.928048048048048031e+02 7.334063257112241843e-06
2.931046046046046172e+02 7.357755606245904033e-06
2.934044044044044313e+02 7.381447955379565375e-06
2.937042042042042453e+02 7.405140304513227565e-06
2.940040040040040026e+02 7.428832653646884672e-06
2.943038038038038167e+02 7.452525002780546015e-06
2.946036036036036307e+02 7.476217351914207357e-06
2.949034034034034448e+02 7.499909701047869547e-06
2.952032032032032021e+02 7.523602050181526654e-06
2.955030030030030161e+02 7.547294399315187997e-06
2.958028028028028302e+02 7.570986748448848492e-06
2.961026026026026443e+02 7.594679097582509835e-06
2.964024024024024015e+02 7.618371446716168636e-06
2.967022022022022156e+02 7.642063795849829132e-06
2.970020020020020297e+02 7.665756144983490474e-06
2.973018018018018438e+02 7.689448494117151817e-06
2.976016016016016010e+02 7.713140843250809771e-06
2.979014014014014151e+02 7.736833192384471114e-06
2.982012012012012292e+02 7.760525541518132456e-06
2.985010010010010433e+02 7.784217890651795493e-06
2.988008008008008005e+02 7.807910239785451753e-06
2.991006006006006146e+02 7.831602588919113096e-06
2.994004004004004287e+02 7.855294938052774438e-06
2.997002002002002428e+02 7.878987287186437475e-06
3.000000000000000000e+02 7.902679636320093735e-06
