5.000000000000000000e-01 -2.614494251589839568e-05
7.997997997997998709e-01 -2.536529587366145969e-05
1.099599599599599742e+00 -2.459656422226826140e-05
1.399399399399399391e+00 -2.383866004499459333e-05
1.699199199199199262e+00 -2.309149622042414938e-05
1.998998998998999133e+00 -2.235498602165359800e-05
2.298798798798798781e+00 -2.162904311549780439e-05
2.598598598598598652e+00 -2.091358156169556429e-05
2.898398398398398523e+00 -2.020851581211463311e-05
3.198198198198198394e+00 -1.951376070995807974e-05
3.497997997997998265e+00 -1.882923148896799767e-05
3.797797797797798136e+00 -1.815484377263280411e-05
4.097597597597597563e+00 -1.749051357339124587e-05
4.397397397397397434e+00 -1.683615729183859060e-05
4.697197197197197305e+00 -1.619169171593162532e-05
4.996996996996997176e+00 -1.555703402019445128e-05
5.296796796796797047e+00 -1.493210176492340121e-05
5.596596596596596918e+00 -1.431681289539307131e-05
5.896396396396396788e+00 -1.371108574106088108e-05
6.196196196196196659e+00 -1.311483901477361685e-05
6.495995995995996530e+00 -1.252799181197153429e-05
6.795795795795796401e+00 -1.195046360989507983e-05
7.095595595595596272e+00 -1.138217426678936746e-05
7.395395395395396143e+00 -1.082304402110974994e-05
7.695195195195195126e+00 -1.027299349072781014e-05
7.994994994994994997e+00 -9.731943672136039391e-06
8.294794794794794868e+00 -9.199815939653476496e-06
8.594594594594594739e+00 -8.676532044631602447e-06
8.894394394394394610e+00 -8.162014114658756273e-06
9.194194194194194480e+00 -7.656184652766729438e-06
9.493993993993994351e+00 -7.158966536635163043e-06
9.793793793793794222e+00 -6.670283017797616221e-06
1.009359359359359409e+01 -6.190057720846629101e-06
1.039339339339339396e+01 -5.718214642639234708e-06
1.069319319319319384e+01 -5.254678151502543698e-06
1.099299299299299371e+01 -4.799372986438882711e-06
1.129279279279279358e+01 -4.352224256331223259e-06
1.159259259259259345e+01 -3.913157439148981611e-06
1.189239239239239332e+01 -3.482098381152709064e-06
1.219219219219219319e+01 -3.058973296100505084e-06
1.249199199199199306e+01 -2.643708764452222649e-06
1.279179179179179293e+01 -2.236231732576071545e-06
1.309159159159159280e+01 -1.836469511953118271e-06
1.339139139139139267e+01 -1.444349778383173169e-06
1.369119119119119254e+01 -1.059800571190237943e-06
1.399099099099099242e+01 -6.827502924275413058e-07
1.429079079079079229e+01 -3.131277060832205524e-07
1.459059059059059216e+01 4.913806271420970377e-08
1.489039039039039025e+01 4.041175284907016722e-07
1.519019019019019012e+01 7.518808462208775310e-07
1.548998998998998999e+01 1.092497812123161158e-06
1.578978978978978986e+01 1.426037864453745502e-06
1.608958958958958974e+01 1.752570084301670006e-06
1.638938938938938961e+01 2.072163196383263503e-06
1.668918918918918948e+01 2.384885569836473289e-06
1.698898898898898935e+01 2.690805219015910786e-06
1.728878878878878922e+01 2.989989804287109473e-06
1.758858858858858909e+01 3.282506632821124580e-06
1.788838838838838896e+01 3.568422659389442175e-06
1.818818818818818883e+01 3.847804487158006058e-06
1.848798798798798870e+01 4.120718368482483438e-06
1.878778778778778857e+01 4.387230205702198242e-06
1.908758758758758844e+01 4.647405551935171050e-06
1.938738738738738832e+01 4.901309611872573755e-06
1.968718718718718819e+01 5.149007242573172765e-06
1.998698698698698806e+01 5.390562954258141528e-06
2.028678678678678793e+01 5.626040911105624870e-06
2.058658658658658780e+01 5.855504932045015341e-06
2.088638638638638767e+01 6.079018491552087605e-06
2.118618618618618754e+01 6.296644720442966471e-06
2.148598598598598741e+01 6.508446406669321420e-06
2.178578578578578728e+01 6.714485996112399010e-06
2.208558558558558715e+01 6.914825593378100514e-06
2.238538538538538702e+01 7.109526962591159164e-06
2.268518518518518690e+01 7.298651528189994178e-06
2.298498498498498677e+01 7.482260375721199708e-06
2.328478478478478664e+01 7.660414252634212520e-06
2.358458458458458651e+01 7.833173569075722170e-06
2.388438438438438638e+01 8.000598398684446256e-06
2.418418418418418625e+01 8.162748479385628685e-06
2.448398398398398612e+01 8.319683214185634505e-06
2.478378378378378599e+01 8.471461671966598950e-06
2.508358358358358586e+01 8.618142588280874883e-06
2.538338338338338573e+01 8.759784366145795343e-06
2.568318318318318561e+01 8.896445076838107441e-06
2.598298298298298548e+01 9.028182460688678998e-06
2.628278278278278535e+01 9.155053927877027307e-06
2.658258258258258522e+01 9.277116559225895333e-06
2.688238238238238509e+01 9.394427106995890589e-06
2.718218218218218496e+01 9.507041995680024063e-06
2.748198198198198483e+01 9.615017322798320295e-06
2.778178178178178470e+01 9.718408859692417292e-06
2.808158158158158457e+01 9.817272052320120704e-06
2.838138138138138444e+01 9.911662022050037616e-06
2.868118118118118431e+01 1.000163356645610531e-05
2.898098098098098419e+01 1.008724116011223354e-05
2.928078078078078050e+01 1.016853895538690442e-05
2.958058058058058037e+01 1.024558078323763177e-05
2.988038038038038025e+01 1.031842015400577106e-05
3.018018018018018012e+01 1.038711025821087540e-05
3.047997997997997999e+01 1.045170396734545806e-05
3.077977977977977986e+01 1.051225383466947383e-05
3.107957957957957973e+01 1.056881209600496465e-05
3.137937937937937960e+01 1.062143067053062225e-05
3.167917917917917947e+01 1.067016116157638640e-05
3.197897897897897934e+01 1.071505485741803125e-05
3.227877877877877921e+01 1.075616273207175168e-05
3.257857857857857908e+01 1.079353544608873614e-05
3.287837837837837895e+01 1.082722334734979873e-05
3.317817817817817883e+01 1.085727647185990964e-05
3.347797797797797870e+01 1.088374454454280697e-05
3.377777777777777857e+01 1.090667698003565081e-05
3.407757757757757844e+01 1.092612288348346564e-05
3.437737737737737831e+01 1.094213105133388250e-05
3.467717717717717818e+01 1.095474997213159496e-05
3.497697697697697805e+01 1.096402782731307758e-05
3.527677677677677792e+01 1.097001249200105371e-05
3.557657657657657779e+01 1.097275153579916315e-05
3.587637637637637766e+01 1.097229222358650109e-05
3.617617617617617753e+01 1.096868151631225868e-05
3.647597597597597741e+01 1.096196607179025007e-05
3.677577577577577728e+01 1.095219224549355474e-05
3.707557557557557715e+01 1.093940609134907159e-05
3.737537537537537702e+01 1.092365336253211047e-05
3.767517517517517689e+01 1.090497951226099372e-05
3.797497497497497676e+01 1.088342969459164763e-05
3.827477477477477663e+01 1.085904876521215157e-05
3.857457457457457650e+01 1.083188128223739715e-05
3.887437437437437637e+01 1.080197150700359328e-05
3.917417417417417624e+01 1.076936340486292031e-05
3.947397397397397611e+01 1.073410064597809771e-05
3.977377377377377599e+01 1.069622660611692308e-05
4.007357357357357586e+01 1.065578436744696007e-05
4.037337337337337573e+01 1.061281671933004007e-05
4.067317317317317560e+01 1.056736615911688249e-05
4.097297297297297547e+01 1.051947489294169461e-05
4.127277277277277534e+01 1.046918483651673596e-05
4.157257257257257521e+01 1.041653761592691990e-05
4.187237237237237508e+01 1.036157456842439156e-05
4.217217217217217495e+01 1.030433674322313447e-05
4.247197197197197482e+01 1.024486490229351968e-05
4.277177177177177470e+01 1.018319952115697684e-05
4.307157157157157457e+01 1.011938078968047041e-05
4.337137137137137444e+01 1.005344861287117583e-05
4.367117117117117431e+01 9.985442611671009998e-06
4.397097097097097418e+01 9.915402123751287036e-06
4.427077077077077405e+01 9.843366204307211516e-06
4.457057057057057392e+01 9.769373626852557985e-06
4.487037037037037379e+01 9.693462884014208196e-06
4.517017017017017366e+01 9.615672188326749331e-06
4.546996996996997353e+01 9.536039473027048500e-06
4.576976976976977340e+01 9.454602392848908562e-06
4.606956956956957328e+01 9.371398324817544371e-06
4.636936936936937315e+01 9.286464369044255534e-06
4.666916916916917302e+01 9.199837349521005998e-06
4.696896896896897289e+01 9.111553814914959587e-06
4.726876876876877276e+01 9.021650039363125656e-06
4.756856856856857263e+01 8.930162023266930205e-06
4.786836836836837250e+01 8.837125494086786996e-06
4.816816816816817237e+01 8.742575907136712713e-06
4.846796796796797224e+01 8.646548446378864191e-06
4.876776776776777211e+01 8.549078025218219651e-06
4.906756756756757198e+01 8.450199287297053248e-06
4.936736736736737186e+01 8.349946607289636632e-06
4.966716716716717173e+01 8.248354091696694866e-06
4.996696696696697160e+01 8.145455579640150330e-06
5.026676676676677147e+01 8.041284643657549850e-06
5.056656656656657134e+01 7.935874590496818761e-06
5.086636636636637121e+01 7.829258461910691423e-06
5.116616616616617108e+01 7.721469035451407689e-06
5.146596596596597095e+01 7.612538825265257769e-06
5.176576576576577082e+01 7.502500082887173667e-06
5.206556556556557069e+01 7.391384798035301994e-06
5.236536536536537056e+01 7.279224699405669947e-06
5.266516516516517044e+01 7.166051255466623445e-06
5.296496496496497031e+01 7.051895675253597287e-06
5.326476476476477018e+01 6.936788909163525341e-06
5.356456456456457005e+01 6.820761649749601386e-06
5.386436436436436992e+01 6.703844332515711317e-06
5.416416416416416979e+01 6.586067136711119456e-06
5.446396396396396966e+01 6.467459986125029501e-06
5.476376376376376953e+01 6.348052549881171735e-06
5.506356356356356940e+01 6.227874243232357199e-06
5.536336336336336927e+01 6.106954228355168239e-06
5.566316316316316914e+01 5.985321415144389016e-06
5.596296296296296902e+01 5.863004462007768043e-06
5.626276276276276889e+01 5.740031776660432607e-06
5.656256256256256876e+01 5.616431516919645376e-06
5.686236236236236863e+01 5.492231591499261171e-06
5.716216216216216850e+01 5.367459660804370921e-06
5.746196196196196837e+01 5.242143137725894801e-06
5.776176176176176824e+01 5.116309188435166054e-06
5.806156156156156101e+01 4.989984733178497869e-06
5.836136136136136088e+01 4.863196447071773979e-06
5.866116116116116075e+01 4.735970760895071442e-06
5.896096096096096062e+01 4.608333861887240228e-06
5.926076076076076049e+01 4.480311694540401487e-06
5.956056056056056036e+01 4.351929961394724498e-06
5.986036036036036023e+01 4.223214123832797027e-06
6.016016016016016010e+01 4.094189402874373481e-06
6.045995995995995997e+01 3.964880779970902819e-06
6.075975975975975985e+01 3.835312997800088657e-06
6.105955955955955972e+01 3.705510561060563719e-06
6.135935935935935959e+01 3.575497737266365238e-06
6.165915915915915946e+01 3.445298557541622116e-06
6.195895895895895933e+01 3.314936817415098082e-06
6.225875875875875920e+01 3.184436077614744176e-06
6.255855855855855907e+01 3.053819664862396917e-06
6.285835835835835894e+01 2.923110672668218128e-06
6.315815815815815881e+01 2.792331962125427409e-06
6.345795795795795868e+01 2.661506162704785161e-06
6.375775775775775855e+01 2.530655673049218760e-06
6.405755755755755843e+01 2.399802661768441948e-06
6.435735735735735830e+01 2.268969068233472167e-06
6.465715715715715817e+01 2.138176603371282557e-06
6.495695695695695804e+01 2.007446750459389175e-06
6.525675675675675791e+01 1.876800765920334007e-06
6.555655655655655778e+01 1.746259680116453026e-06
6.585635635635635765e+01 1.615844298144302884e-06
6.615615615615615752e+01 1.485575200629334730e-06
6.645595595595595739e+01 1.355472744520463843e-06
6.675575575575575726e+01 1.225557063884624439e-06
6.705555555555555713e+01 1.095848070701434597e-06
6.735535535535535701e+01 9.663654556576801289e-07
6.765515515515515688e+01 8.371286889420089363e-07
6.795495495495495675e+01 7.081570210394463273e-07
6.825475475475475662e+01 5.794694835260114480e-07
6.855455455455455649e+01 4.510848898632957548e-07
6.885435435435435636e+01 3.230218361930439765e-07
6.915415415415415623e+01 1.952987021317859768e-07
6.945395395395395610e+01 6.793365156534901320e-08
6.975375375375375597e+01 -5.905536655646174829e-08
7.005355355355355584e+01 -1.856506174253614830e-07
7.035335335335335571e+01 -3.118345795799647238e-07
7.065315315315315559e+01 -4.375899441111602082e-07
7.095295295295295546e+01 -5.628996138675843128e-07
7.125275275275275533e+01 -6.877467026609796211e-07
7.155255255255255520e+01 -8.121145344716498820e-07
7.185235235235235507e+01 -9.359866426538589845e-07
7.215215215215215494e+01 -1.059346769141222308e-06
7.245195195195195481e+01 -1.182178863652142915e-06
7.275175175175175468e+01 -1.304467082895203271e-06
7.305155155155155455e+01 -1.426195789774610436e-06
7.335135135135135442e+01 -1.547349552595546706e-06
7.365115115115115429e+01 -1.667913144269675789e-06
7.395095095095095417e+01 -1.787871541520458189e-06
7.425075075075075404e+01 -1.907209924088609525e-06
7.455055055055055391e+01 -2.025913673937533650e-06
7.485035035035035378e+01 -2.143968374458670013e-06
7.515015015015015365e+01 -2.261359809676972730e-06
7.544994994994995352e+01 -2.378073963456299443e-06
7.574974974974975339e+01 -2.494097018704779648e-06
7.604954954954955326e+01 -2.609415356580297366e-06
7.634934934934935313e+01 -2.724015555695879367e-06
7.664914914914915300e+01 -2.837884391325060108e-06
7.694894894894895288e+01 -2.951008834607366521e-06
7.724874874874875275e+01 -3.063376051753671938e-06
7.754854854854855262e+01 -3.174973403251645724e-06
7.784834834834835249e+01 -3.285788443071149133e-06
7.814814814814815236e+01 -3.395808917869651487e-06
7.844794794794795223e+01 -3.505022766197621366e-06
7.874774774774775210e+01 -3.613418117703974977e-06
7.904754754754755197e+01 -3.720983292341456757e-06
7.934734734734735184e+01 -3.827706799572088167e-06
7.964714714714715171e+01 -3.933577337572530927e-06
7.994694694694695158e+01 -4.038583792439540048e-06
8.024674674674675146e+01 -4.142715237395342737e-06
8.054654654654655133e+01 -4.245960931993086342e-06
8.084634634634635120e+01 -4.348310321322205408e-06
8.114614614614615107e+01 -4.449753035213894602e-06
8.144594594594595094e+01 -4.550278887446463064e-06
8.174574574574575081e+01 -4.649877874950752279e-06
8.204554554554555068e+01 -4.748540177015619171e-06
8.234534534534535055e+01 -4.846256154493234549e-06
8.264514514514515042e+01 -4.943016349004572130e-06
8.294494494494495029e+01 -5.038811482144837422e-06
8.324474474474475016e+01 -5.133632454688785653e-06
8.354454454454455004e+01 -5.227470345796238741e-06
8.384434434434434991e+01 -5.320316412217425250e-06
8.414414414414414978e+01 -5.412162087498416042e-06
8.444394394394394965e+01 -5.502998981186580274e-06
8.474374374374374952e+01 -5.592818878035895697e-06
8.504354354354354939e+01 -5.681613737212463937e-06
8.534334334334334926e+01 -5.769375691499849597e-06
8.564314314314314913e+01 -5.856097046504539635e-06
8.594294294294294900e+01 -5.941770279861335827e-06
8.624274274274274887e+01 -6.026388040438759934e-06
8.654254254254254874e+01 -6.109943147544474966e-06
8.684234234234234862e+01 -6.192428590130705598e-06
8.714214214214214849e+01 -6.273837525999616229e-06
8.744194194194194836e+01 -6.354163281008785611e-06
8.774174174174174823e+01 -6.433399348276540865e-06
8.804154154154154810e+01 -6.511539387387428721e-06
8.834134134134134797e+01 -6.588577223597604586e-06
8.864114114114114784e+01 -6.664506847040231792e-06
8.894094094094094771e+01 -6.739322411930949437e-06
8.924074074074074758e+01 -6.813018235773199633e-06
8.954054054054054745e+01 -6.885588798563708054e-06
8.984034034034034732e+01 -6.957028741997860312e-06
9.014014014014014720e+01 -7.027332868675126601e-06
9.043993993993994707e+01 -7.096496141304488044e-06
9.073973973973974694e+01 -7.164513681909806289e-06
9.103953953953954681e+01 -7.231380771035281189e-06
9.133933933933934668e+01 -7.297092846950830559e-06
9.163913913913914655e+01 -7.361645504857524995e-06
9.193893893893894642e+01 -7.425034496092991346e-06
9.223873873873874629e+01 -7.487255727336815341e-06
9.253853853853854616e+01 -7.548305259815952687e-06
9.283833833833834603e+01 -7.608179308510179130e-06
9.313813813813814591e+01 -7.666874241357435484e-06
9.343793793793794578e+01 -7.724386578459309881e-06
9.373773773773774565e+01 -7.780712991286387880e-06
9.403753753753754552e+01 -7.835850301883716930e-06
9.433733733733734539e+01 -7.889795482076181042e-06
9.463713713713714526e+01 -7.942545652673929678e-06
9.493693693693694513e+01 -7.994098082677796472e-06
9.523673673673674500e+01 -8.044450188484677288e-06
9.553653653653654487e+01 -8.093599533092987912e-06
9.583633633633634474e+01 -8.141543825308038721e-06
9.613613613613614461e+01 -8.188280918947477124e-06
9.643593593593594449e+01 -8.233808812046674097e-06
9.673573573573574436e+01 -8.278125646064141206e-06
9.703553553553554423e+01 -8.321229705086961189e-06
9.733533533533534410e+01 -8.363119415036172796e-06
9.763513513513514397e+01 -8.403793342872204755e-06
9.793493493493494384e+01 -8.443250195800286023e-06
9.823473473473474371e+01 -8.481488820475825544e-06
9.853453453453454358e+01 -8.518508202209878406e-06
9.883433433433434345e+01 -8.554307464174510346e-06
9.913413413413414332e+01 -8.588885866608231723e-06
9.943393393393394319e+01 -8.622242806021414543e-06
9.973373373373374307e+01 -8.654377814401682380e-06
1.000335335335335429e+02 -8.685290558419346039e-06
1.003333333333333428e+02 -8.714980838632800254e-06
1.006331331331331427e+02 -8.743448588693942408e-06
1.009329329329329425e+02 -8.770693874553582784e-06
1.012327327327327424e+02 -8.796716893666853122e-06
1.015325325325325423e+02 -8.821517974198621952e-06
1.018323323323323422e+02 -8.845097574228913314e-06
1.021321321321321420e+02 -8.867456280958301764e-06
1.024319319319319419e+02 -8.888594809913348031e-06
1.027317317317317418e+02 -8.908514004151973700e-06
1.030315315315315416e+02 -8.927214833468922277e-06
1.033313313313313415e+02 -8.944698393601132174e-06
1.036311311311311414e+02 -8.960965905433158817e-06
1.039309309309309413e+02 -8.976018714202600146e-06
1.042307307307307411e+02 -8.989858288705491614e-06
1.045305305305305410e+02 -9.002486220501719830e-06
1.048303303303303409e+02 -9.013904223120449747e-06
1.051301301301301407e+02 -9.024114131265526448e-06
1.054299299299299406e+02 -9.033117900020873529e-06
1.057297297297297405e+02 -9.040917604055927076e-06
1.060295295295295404e+02 -9.047515436831042522e-06
1.063293293293293402e+02 -9.052913709802893041e-06
1.066291291291291401e+02 -9.057114851629900125e-06
1.069289289289289400e+02 -9.060121407377635369e-06
1.072287287287287398e+02 -9.061936037724218859e-06
1.075285285285285397e+02 -9.062561518165775164e-06
1.078283283283283396e+02 -9.062000738221785988e-06
1.081281281281281395e+02 -9.060256700640556326e-06
1.084279279279279393e+02 -9.057332520604578974e-06
1.087277277277277392e+02 -9.053231424935993907e-06
1.090275275275275391e+02 -9.047956751301954484e-06
1.093273273273273389e+02 -9.041511947420076664e-06
1.096271271271271388e+02 -9.033900570263827230e-06
1.099269269269269387e+02 -9.025126285267952680e-06
1.102267267267267385e+02 -9.015192865533860672e-06
1.105265265265265384e+02 -9.004104191035081103e-06
1.108263263263263383e+02 -8.991864247822630614e-06
1.111261261261261382e+02 -8.978477127230455034e-06
1.114259259259259380e+02 -8.963947025080820988e-06
1.117257257257257379e+02 -8.948278240889748179e-06
1.120255255255255378e+02 -8.931475177072406080e-06
1.123253253253253376e+02 -8.913542338148524189e-06
1.126251251251251375e+02 -8.894484329947822604e-06
1.129249249249249374e+02 -8.874305858815396866e-06
1.132247247247247373e+02 -8.853011730817162089e-06
1.135245245245245371e+02 -8.830606850945224250e-06
1.138243243243243370e+02 -8.807096222323344646e-06
1.141241241241241369e+02 -8.782484945412302713e-06
1.144239239239239367e+02 -8.756778217215321523e-06
1.147237237237237366e+02 -8.729981330483501750e-06
1.150235235235235365e+02 -8.702099672921218373e-06
1.153233233233233364e+02 -8.673138726391513978e-06
1.156231231231231220e+02 -8.643104066121546286e-06
1.159229229229229219e+02 -8.612001359907972987e-06
1.162227227227227218e+02 -8.579836367322384017e-06
1.165225225225225216e+02 -8.546614938916686396e-06
1.168223223223223215e+02 -8.512343015428541583e-06
1.171221221221221214e+02 -8.477026626986775731e-06
1.174219219219219212e+02 -8.440671892316766212e-06
1.177217217217217211e+02 -8.403285017945892537e-06
1.180215215215215210e+02 -8.364872297408899160e-06
1.183213213213213209e+02 -8.325440110453373503e-06
1.186211211211211207e+02 -8.284994922245079966e-06
1.189209209209209206e+02 -8.243543282573444718e-06
1.192207207207207205e+02 -8.201091825056916823e-06
1.195205205205205203e+02 -8.157647266348393733e-06
1.198203203203203202e+02 -8.113216405340653565e-06
1.201201201201201201e+02 -8.067806122371741631e-06
1.204199199199199199e+02 -8.021423378430395939e-06
1.207197197197197198e+02 -7.974075214361445583e-06
1.210195195195195197e+02 -7.925768750071234548e-06
1.213193193193193196e+02 -7.876511183733047203e-06
1.216191191191191194e+02 -7.826309790992493147e-06
1.219189189189189193e+02 -7.775171924172925923e-06
1.222187187187187192e+02 -7.723105011480856663e-06
1.225185185185185190e+02 -7.670116556211366030e-06
1.228183183183183189e+02 -7.616214135953550890e-06
1.231181181181181188e+02 -7.561405401795863412e-06
1.234179179179179187e+02 -7.505698077531589085e-06
1.237177177177177185e+02 -7.449099958864218847e-06
1.240175175175175184e+02 -7.391618912612875434e-06
1.243173173173173183e+02 -7.333262875917740566e-06
1.246171171171171181e+02 -7.274039855445443181e-06
1.249169169169169180e+02 -7.213957926594467138e-06
1.252167167167167179e+02 -7.153025232700591119e-06
1.255165165165165178e+02 -7.091249984242290409e-06
1.258163163163163176e+02 -7.028640458046129353e-06
1.261161161161161175e+02 -6.965204996492185168e-06
1.264159159159159174e+02 -6.900952006719479362e-06
1.267157157157157172e+02 -6.835889959831353262e-06
1.270155155155155171e+02 -6.770027390100918915e-06
1.273153153153153170e+02 -6.703372894176437162e-06
1.276151151151151169e+02 -6.635935130286746512e-06
1.279149149149149167e+02 -6.567722817446673400e-06
1.282147147147147166e+02 -6.498744734662444131e-06
1.285145145145145307e+02 -6.429009720137099361e-06
1.288143143143143163e+02 -6.358526670475895038e-06
1.291141141141141304e+02 -6.287304539891725350e-06
1.294139139139139161e+02 -6.215352339410532134e-06
1.297137137137137302e+02 -6.142679136076710890e-06
1.300135135135135158e+02 -6.069294052158532891e-06
1.303133133133133299e+02 -5.995206264353552043e-06
1.306131131131131156e+02 -5.920425002994020220e-06
1.309129129129129296e+02 -5.844959551252267867e-06
1.312127127127127153e+02 -5.768819244346191333e-06
1.315125125125125294e+02 -5.692013468744581804e-06
1.318123123123123150e+02 -5.614551661372578754e-06
1.321121121121121291e+02 -5.536443308817069182e-06
1.324119119119119148e+02 -5.457697946532141065e-06
1.327117117117117289e+02 -5.378325158044420761e-06
1.330115115115115145e+02 -5.298334574158537469e-06
1.333113113113113286e+02 -5.217735872162517389e-06
1.336111111111111143e+02 -5.136538775033238015e-06
1.339109109109109284e+02 -5.054753050641719806e-06
1.342107107107107140e+02 -4.972388510958716001e-06
1.345105105105105281e+02 -4.889455011259967022e-06
1.348103103103103138e+02 -4.805962449331695422e-06
1.351101101101101278e+02 -4.721920764675979717e-06
1.354099099099099135e+02 -4.637339937716225625e-06
1.357097097097097276e+02 -4.552229989002496689e-06
1.360095095095095132e+02 -4.466600978416972814e-06
1.363093093093093273e+02 -4.380463004379363904e-06
1.366091091091091130e+02 -4.293826203052319266e-06
1.369089089089089271e+02 -4.206700747546803130e-06
1.372087087087087127e+02 -4.119096847127573514e-06
1.375085085085085268e+02 -4.031024746418528096e-06
1.378083083083083125e+02 -3.942494724608171216e-06
1.381081081081081265e+02 -3.853517094654966531e-06
1.384079079079079122e+02 -3.764102202492825616e-06
1.387077077077077263e+02 -3.674260426236439437e-06
1.390075075075075119e+02 -3.584002175386741969e-06
1.393073073073073260e+02 -3.493337890036303503e-06
1.396071071071071117e+02 -3.402278040074768849e-06
1.399069069069069258e+02 -3.310833124394201098e-06
1.402067067067067114e+02 -3.219013670094590124e-06
1.405065065065065255e+02 -3.126830231689173897e-06
1.408063063063063112e+02 -3.034293390309924548e-06
1.411061061061061253e+02 -2.941413752912889578e-06
1.414059059059059109e+02 -2.848201951483678772e-06
1.417057057057057250e+02 -2.754668642242807957e-06
1.420055055055055107e+02 -2.660824504851153715e-06
1.423053053053053247e+02 -2.566680241615347551e-06
1.426051051051051104e+02 -2.472246576693218745e-06
1.429049049049049245e+02 -2.377534255299115668e-06
1.432047047047047101e+02 -2.282554042909464264e-06
1.435045045045045242e+02 -2.187316724468030916e-06
1.438043043043043099e+02 -2.091833103591461446e-06
1.441041041041041240e+02 -1.996114001774551180e-06
1.444039039039039096e+02 -1.900170257595831596e-06
1.447037037037037237e+02 -1.804012725922830224e-06
1.450035035035035094e+02 -1.707652277117556708e-06
1.453033033033033234e+02 -1.611099796241888067e-06
1.456031031031031091e+02 -1.514366182263032100e-06
1.459029029029029232e+02 -1.417462347258853989e-06
1.462027027027027088e+02 -1.320399215623358548e-06
1.465025025025025229e+02 -1.223187723272061935e-06
1.468023023023023086e+02 -1.125838816847451244e-06
1.471021021021021227e+02 -1.028363452924311105e-06
1.474019019019019083e+02 -9.307725972152475492e-07
1.477017017017017224e+02 -8.330772237759954480e-07
1.480015015015015081e+02 -7.352883142109022442e-07
1.483013013013013222e+02 -6.374168568782997688e-07
1.486011011011011078e+02 -5.394738460959446671e-07
1.489009009009009219e+02 -4.414702813464040322e-07
1.492007007007007076e+02 -3.434171664824816438e-07
1.495005005005005216e+02 -2.453255089326228187e-07
1.498003003003003073e+02 -1.472063189063590193e-07
1.501001001001001214e+02 -4.907060859964173892e-08
1.503998998998999070e+02 4.907060859964609320e-08
1.506996996996997211e+02 1.472063189063633603e-07
1.509994994994995068e+02 2.453255089326257304e-07
1.512992992992993209e+02 3.434171664824888965e-07
1.515990990990991065e+02 4.414702813464068909e-07
1.518988988988989206e+02 5.394738460959576902e-07
1.521986986986987063e+02 6.374168568783041098e-07
1.524984984984985203e+02 7.352883142109109263e-07
1.527982982982983060e+02 8.330772237759983067e-07
1.530980980980981201e+02 9.307725972152563372e-07
1.533978978978979058e+02 1.028363452924318305e-06
1.536976976976977198e+02 1.125838816847456961e-06
1.539974974974975055e+02 1.223187723272073582e-06
1.542972972972972912e+02 1.320399215623357065e-06
1.545970970970971052e+02 1.417462347258859918e-06
1.548968968968968909e+02 1.514366182263032100e-06
1.551966966966967050e+02 1.611099796241895267e-06
1.554964964964964906e+02 1.707652277117552473e-06
1.557962962962963047e+02 1.804012725922832977e-06
1.560960960960960904e+02 1.900170257595834560e-06
1.563958958958959045e+02 1.996114001774562615e-06
1.566956956956956901e+02 2.091833103591451282e-06
1.569954954954955042e+02 2.187316724468043622e-06
1.572952952952952899e+02 2.282554042909462570e-06
1.575950950950951039e+02 2.377534255299125832e-06
1.578948948948948896e+02 2.472246576693208580e-06
1.581946946946947037e+02 2.566680241615356022e-06
1.584944944944944893e+02 2.660824504851150751e-06
1.587942942942943034e+02 2.754668642242809227e-06
1.590940940940940891e+02 2.848201951483678772e-06
1.593938938938939032e+02 2.941413752912895507e-06
1.596936936936936888e+02 3.034293390309919042e-06
1.599934934934935029e+02 3.126830231689182791e-06
1.602932932932932886e+02 3.219013670094585465e-06
1.605930930930931027e+02 3.310833124394211262e-06
1.608928928928928883e+02 3.402278040074764614e-06
1.611926926926927024e+02 3.493337890036307738e-06
1.614924924924924881e+02 3.584002175386740699e-06
1.617922922922923021e+02 3.674260426236440708e-06
1.620920920920920878e+02 3.764102202492827310e-06
1.623918918918919019e+02 3.853517094654974155e-06
1.626916916916916875e+02 3.942494724608168675e-06
1.629914914914915016e+02 4.031024746418536566e-06
1.632912912912912873e+02 4.119096847127573514e-06
1.635910910910911014e+02 4.206700747546807366e-06
1.638908908908908870e+02 4.293826203052315031e-06
1.641906906906907011e+02 4.380463004379370681e-06
1.644904904904904868e+02 4.466600978416974508e-06
1.647902902902903008e+02 4.552229989002499230e-06
1.650900900900900865e+02 4.637339937716228166e-06
1.653898898898899006e+02 4.721920764675988188e-06
1.656896896896896862e+02 4.805962449331691186e-06
1.659894894894895003e+02 4.889455011259967022e-06
1.662892892892892860e+02 4.972388510958714307e-06
1.665890890890891001e+02 5.054753050641729970e-06
1.668888888888888857e+02 5.136538775033230392e-06
1.671886886886886998e+02 5.217735872162528400e-06
1.674884884884884855e+02 5.298334574158535775e-06
1.677882882882882996e+02 5.378325158044427537e-06
1.680880880880880852e+02 5.457697946532145301e-06
1.683878878878878993e+02 5.536443308817075111e-06
1.686876876876876850e+02 5.614551661372574519e-06
1.689874874874874990e+02 5.692013468744582651e-06
1.692872872872872847e+02 5.768819244346193874e-06
1.695870870870870988e+02 5.844959551252273796e-06
1.698868868868868844e+02 5.920425002994016832e-06
1.701866866866866985e+02 5.995206264353557126e-06
1.704864864864864842e+02 6.069294052158535433e-06
1.707862862862862983e+02 6.142679136076715973e-06
1.710860860860860839e+02 6.215352339410530440e-06
1.713858858858858980e+02 6.287304539891726197e-06
1.716856856856856837e+02 6.358526670475895885e-06
1.719854854854854977e+02 6.429009720137101902e-06
1.722852852852852834e+02 6.498744734662447519e-06
1.725850850850850975e+02 6.567722817446673400e-06
1.728848848848848831e+02 6.635935130286740582e-06
1.731846846846846972e+02 6.703372894176438009e-06
1.734844844844844829e+02 6.770027390100918068e-06
1.737842842842842970e+02 6.835889959831357497e-06
1.740840840840840826e+02 6.900952006719475974e-06
1.743838838838838967e+02 6.965204996492187709e-06
1.746836836836836824e+02 7.028640458046125118e-06
1.749834834834834965e+02 7.091249984242292103e-06
1.752832832832832821e+02 7.153025232700595354e-06
1.755830830830830962e+02 7.213957926594467138e-06
1.758828828828828819e+02 7.274039855445437251e-06
1.761826826826826959e+02 7.333262875917740566e-06
1.764824824824824816e+02 7.391618912612870352e-06
1.767822822822822957e+02 7.449099958864213765e-06
1.770820820820820813e+02 7.505698077531587391e-06
1.773818818818818954e+02 7.561405401795863412e-06
1.776816816816816811e+02 7.616214135953549196e-06
1.779814814814814952e+02 7.670116556211371112e-06
1.782812812812812808e+02 7.723105011480851581e-06
1.785810810810810949e+02 7.775171924172922535e-06
1.788808808808808806e+02 7.826309790992491453e-06
1.791806806806806946e+02 7.876511183733053980e-06
1.794804804804804803e+02 7.925768750071234548e-06
1.797802802802802944e+02 7.974075214361442195e-06
1.800800800800800801e+02 8.021423378430392551e-06
1.803798798798798941e+02 8.067806122371745019e-06
1.806796796796796798e+02 8.113216405340651871e-06
1.809794794794794939e+02 8.157647266348392039e-06
1.812792792792792795e+02 8.201091825056913435e-06
1.815790790790790936e+02 8.243543282573446412e-06
1.818788788788788793e+02 8.284994922245079966e-06
1.821786786786786934e+02 8.325440110453370115e-06
1.824784784784784790e+02 8.364872297408899160e-06
1.827782782782782931e+02 8.403285017945890843e-06
1.830780780780780788e+02 8.440671892316764518e-06
1.833778778778778928e+02 8.477026626986772342e-06
1.836776776776776785e+02 8.512343015428539889e-06
1.839774774774774926e+02 8.546614938916684702e-06
1.842772772772772782e+02 8.579836367322380629e-06
1.845770770770770923e+02 8.612001359907976375e-06
1.848768768768768780e+02 8.643104066121544592e-06
1.851766766766766921e+02 8.673138726391513978e-06
1.854764764764764777e+02 8.702099672921214985e-06
1.857762762762762918e+02 8.729981330483503445e-06
1.860760760760760775e+02 8.756778217215321523e-06
1.863758758758758916e+02 8.782484945412299325e-06
1.866756756756756772e+02 8.807096222323344646e-06
1.869754754754754913e+02 8.830606850945227639e-06
1.872752752752752770e+02 8.853011730817160395e-06
1.875750750750750910e+02 8.874305858815398560e-06
1.878748748748748767e+02 8.894484329947819216e-06
1.881746746746746908e+02 8.913542338148524189e-06
1.884744744744744764e+02 8.931475177072402692e-06
1.887742742742742905e+02 8.948278240889749873e-06
1.890740740740740762e+02 8.963947025080822682e-06
1.893738738738738903e+02 8.978477127230453339e-06
1.896736736736736759e+02 8.991864247822630614e-06
1.899734734734734900e+02 9.004104191035081103e-06
1.902732732732732757e+02 9.015192865533860672e-06
1.905730730730730897e+02 9.025126285267949291e-06
1.908728728728728754e+02 9.033900570263827230e-06
1.911726726726726895e+02 9.041511947420078358e-06
1.914724724724724751e+02 9.047956751301952790e-06
1.917722722722722892e+02 9.053231424935990519e-06
1.920720720720720749e+02 9.057332520604577280e-06
1.923718718718718890e+02 9.060256700640552938e-06
1.926716716716716746e+02 9.062000738221785988e-06
1.929714714714714887e+02 9.062561518165771775e-06
1.932712712712712744e+02 9.061936037724218859e-06
1.935710710710710885e+02 9.060121407377631981e-06
1.938708708708708741e+02 9.057114851629900125e-06
1.941706706706706882e+02 9.052913709802893041e-06
1.944704704704704739e+02 9.047515436831042522e-06
1.947702702702702879e+02 9.040917604055927076e-06
1.950700700700700736e+02 9.033117900020871835e-06
1.953698698698698877e+02 9.024114131265524753e-06
1.956696696696696733e+02 9.013904223120448053e-06
1.959694694694694874e+02 9.002486220501714747e-06
1.962692692692692731e+02 8.989858288705486532e-06
1.965690690690690872e+02 8.976018714202598452e-06
1.968688688688688728e+02 8.960965905433157123e-06
1.971686686686686869e+02 8.944698393601127091e-06
1.974684684684684726e+02 8.927214833468918889e-06
1.977682682682682866e+02 8.908514004151973700e-06
1.980680680680680723e+02 8.888594809913342949e-06
1.983678678678678864e+02 8.867456280958300069e-06
1.986676676676676720e+02 8.845097574228911620e-06
1.989674674674674861e+02 8.821517974198616870e-06
1.992672672672672718e+02 8.796716893666846346e-06
1.995670670670670859e+02 8.770693874553579396e-06
1.998668668668668715e+02 8.743448588693939020e-06
2.001666666666666856e+02 8.714980838632798560e-06
2.004664664664664713e+02 8.685290558419342651e-06
2.007662662662662854e+02 8.654377814401680686e-06
2.010660660660660710e+02 8.622242806021412849e-06
2.013658658658658851e+02 8.588885866608226641e-06
2.016656656656656708e+02 8.554307464174506958e-06
2.019654654654654848e+02 8.518508202209875018e-06
2.022652652652652705e+02 8.481488820475823850e-06
2.025650650650650846e+02 8.443250195800284329e-06
2.028648648648648702e+02 8.403793342872208143e-06
2.031646646646646843e+02 8.363119415036167714e-06
2.034644644644644700e+02 8.321229705086956107e-06
2.037642642642642841e+02 8.278125646064137818e-06
2.040640640640640697e+02 8.233808812046670709e-06
2.043638638638638838e+02 8.188280918947473736e-06
2.046636636636636695e+02 8.141543825308037027e-06
2.049634634634634835e+02 8.093599533092984524e-06
2.052632632632632692e+02 8.044450188484673900e-06
2.055630630630630833e+02 7.994098082677791390e-06
2.058628628628628690e+02 7.942545652673929678e-06
2.061626626626626830e+02 7.889795482076177654e-06
2.064624624624624687e+02 7.835850301883711847e-06
2.067622622622622828e+02 7.780712991286379410e-06
2.070620620620620684e+02 7.724386578459304799e-06
2.073618618618618825e+02 7.666874241357428708e-06
2.076616616616616682e+02 7.608179308510174895e-06
2.079614614614614823e+02 7.548305259815951840e-06
2.082612612612612679e+02 7.487255727336811106e-06
2.085610610610610820e+02 7.425034496092985417e-06
2.088608608608608677e+02 7.361645504857524995e-06
2.091606606606606817e+02 7.297092846950824629e-06
2.094604604604604674e+02 7.231380771035272718e-06
2.097602602602602815e+02 7.164513681909799513e-06
2.100600600600600671e+02 7.096496141304484656e-06
2.103598598598598812e+02 7.027332868675120671e-06
2.106596596596596669e+02 6.957028741997854383e-06
2.109594594594594810e+02 6.885588798563698737e-06
2.112592592592592666e+02 6.813018235773197939e-06
2.115590590590590807e+02 6.739322411930937579e-06
2.118588588588588664e+02 6.664506847040229251e-06
2.121586586586586805e+02 6.588577223597591033e-06
2.124584584584584661e+02 6.511539387387420250e-06
2.127582582582582802e+02 6.433399348276530701e-06
2.130580580580580659e+02 6.354163281008786458e-06
2.133578578578578799e+02 6.273837525999614535e-06
2.136576576576576656e+02 6.192428590130697975e-06
2.139574574574574797e+02 6.109943147544470731e-06
2.142572572572572653e+02 6.026388040438755699e-06
2.145570570570570794e+02 5.941770279861325662e-06
2.148568568568568651e+02 5.856097046504537941e-06
2.151566566566566792e+02 5.769375691499841126e-06
2.154564564564564648e+02 5.681613737212453772e-06
2.157562562562562789e+02 5.592818878035889768e-06
2.160560560560560646e+02 5.502998981186578580e-06
2.163558558558558786e+02 5.412162087498414348e-06
2.166556556556556643e+02 5.320316412217412544e-06
2.169554554554554784e+02 5.227470345796223495e-06
2.172552552552552640e+02 5.133632454688782264e-06
2.175550550550550781e+02 5.038811482144823870e-06
2.178548548548548638e+02 4.943016349004575518e-06
2.181546546546546779e+02 4.846256154493224385e-06
2.184544544544544635e+02 4.748540177015612395e-06
2.187542542542542776e+02 4.649877874950741267e-06
2.190540540540540633e+02 4.550278887446451206e-06
2.193538538538538774e+02 4.449753035213882744e-06
2.196536536536536630e+02 4.348310321322197785e-06
2.199534534534534771e+02 4.245960931993070249e-06
2.202532532532532628e+02 4.142715237395339348e-06
2.205530530530530768e+02 4.038583792439530731e-06
2.208528528528528625e+02 3.933577337572526692e-06
2.211526526526526766e+02 3.827706799572085626e-06
2.214524524524524622e+02 3.720983292341455063e-06
2.217522522522522763e+02 3.613418117703957613e-06
2.220520520520520620e+02 3.505022766197614166e-06
2.223518518518518761e+02 3.395808917869643017e-06
2.226516516516516617e+02 3.285788443071147439e-06
2.229514514514514758e+02 3.174973403251642759e-06
2.232512512512512615e+02 3.063376051753673208e-06
2.235510510510510755e+02 2.951008834607356357e-06
2.238508508508508612e+02 2.837884391325054179e-06
2.241506506506506753e+02 2.724015555695873862e-06
2.244504504504504609e+02 2.609415356580297366e-06
2.247502502502502750e+02 2.494097018704763555e-06
2.250500500500500607e+02 2.378073963456290549e-06
2.253498498498498748e+02 2.261359809676969765e-06
2.256496496496496604e+02 2.143968374458664508e-06
2.259494494494494745e+02 2.025913673937519250e-06
2.262492492492492602e+02 1.907209924088603807e-06
2.265490490490490743e+02 1.787871541520443790e-06
2.268488488488488599e+02 1.667913144269668378e-06
2.271486486486486740e+02 1.547349552595535059e-06
2.274484484484484597e+02 1.426195789774596036e-06
2.277482482482482737e+02 1.304467082895185907e-06
2.280480480480480594e+02 1.182178863652135504e-06
2.283478478478478735e+02 1.059346769141213626e-06
2.286476476476476591e+02 9.359866426538532670e-07
2.289474474474474732e+02 8.121145344716411999e-07
2.292472472472472589e+02 6.877467026609679744e-07
2.295470470470470730e+02 5.628996138675654663e-07
2.298468468468468586e+02 4.375899441111529555e-07
2.301466466466466727e+02 3.118345795799502184e-07
2.304464464464464584e+02 1.856506174253643682e-07
2.307462462462462440e+02 5.905536655645739401e-08
2.310460460460460581e+02 -6.793365156535916436e-08
2.313458458458458438e+02 -1.952987021317859768e-07
2.316456456456456579e+02 -3.230218361930541409e-07
2.319454454454454435e+02 -4.510848898632986665e-07
2.322452452452452576e+02 -5.794694835260229888e-07
2.325450450450450433e+02 -7.081570210394463273e-07
2.328448448448448573e+02 -8.371286889420191007e-07
2.331446446446446430e+02 -9.663654556576756820e-07
2.334444444444444571e+02 -1.095848070701433115e-06
2.337442442442442427e+02 -1.225557063884622957e-06
2.340440440440440568e+02 -1.355472744520459608e-06
2.343438438438438425e+02 -1.485575200629334730e-06
2.346436436436436566e+02 -1.615844298144307119e-06
2.349434434434434422e+02 -1.746259680116455991e-06
2.352432432432432563e+02 -1.876800765920345654e-06
2.355430430430430420e+02 -2.007446750459379010e-06
2.358428428428428560e+02 -2.138176603371294416e-06
2.361426426426426417e+02 -2.268969068233469202e-06
2.364424424424424558e+02 -2.399802661768447877e-06
2.367422422422422414e+02 -2.530655673049218760e-06
2.370420420420420555e+02 -2.661506162704785161e-06
2.373418418418418412e+02 -2.792331962125427409e-06
2.376416416416416553e+02 -2.923110672668225751e-06
2.379414414414414409e+02 -3.053819664862392682e-06
2.382412412412412550e+02 -3.184436077614758576e-06
2.385410410410410407e+02 -3.314936817415093847e-06
2.388408408408408548e+02 -3.445298557541632280e-06
2.391406406406406404e+02 -3.575497737266362273e-06
2.394404404404404545e+02 -3.705510561060566260e-06
2.397402402402402402e+02 -3.835312997800088657e-06
2.400400400400400542e+02 -3.964880779970904513e-06
2.403398398398398399e+02 -4.094189402874373481e-06
2.406396396396396540e+02 -4.223214123832797874e-06
2.409394394394394396e+02 -4.351929961394721956e-06
2.412392392392392537e+02 -4.480311694540415040e-06
2.415390390390390394e+02 -4.608333861887234298e-06
2.418388388388388535e+02 -4.735970760895084147e-06
2.421386386386386391e+02 -4.863196447071779061e-06
2.424384384384384532e+02 -4.989984733178503798e-06
2.427382382382382389e+02 -5.116309188435168595e-06
2.430380380380380529e+02 -5.242143137725910894e-06
2.433378378378378386e+02 -5.367459660804370921e-06
2.436376376376376527e+02 -5.492231591499269642e-06
2.439374374374374383e+02 -5.616431516919647918e-06
2.442372372372372524e+02 -5.740031776660442771e-06
2.445370370370370381e+02 -5.863004462007765502e-06
2.448368368368368522e+02 -5.985321415144404262e-06
2.451366366366366378e+02 -6.106954228355171627e-06
2.454364364364364519e+02 -6.227874243232375833e-06
2.457362362362362376e+02 -6.348052549881178511e-06
2.460360360360360517e+02 -6.467459986125043901e-06
2.463358358358358373e+02 -6.586067136711123692e-06
2.466356356356356514e+02 -6.703844332515722329e-06
2.469354354354354371e+02 -6.820761649749604774e-06
2.472352352352352511e+02 -6.936788909163538893e-06
2.475350350350350368e+02 -7.051895675253593052e-06
2.478348348348348509e+02 -7.166051255466633609e-06
2.481346346346346365e+02 -7.279224699405671642e-06
2.484344344344344506e+02 -7.391384798035320628e-06
2.487342342342342363e+02 -7.502500082887179596e-06
2.490340340340340504e+02 -7.612538825265272168e-06
2.493338338338338360e+02 -7.721469035451414465e-06
2.496336336336336501e+02 -7.829258461910706669e-06
2.499334334334334358e+02 -7.935874590496820455e-06
2.502332332332332498e+02 -8.041284643657565097e-06
2.505330330330330355e+02 -8.145455579640143554e-06
2.508328328328328496e+02 -8.248354091696701642e-06
2.511326326326326353e+02 -8.349946607289633244e-06
2.514324324324324493e+02 -8.450199287297066800e-06
2.517322322322322350e+02 -8.549078025218226427e-06
2.520320320320320491e+02 -8.646548446378876049e-06
2.523318318318318347e+02 -8.742575907136712713e-06
2.526316316316316488e+02 -8.837125494086798855e-06
2.529314314314314345e+02 -8.930162023266930205e-06
2.532312312312312486e+02 -9.021650039363135820e-06
2.535310310310310342e+02 -9.111553814914956199e-06
2.538308308308308483e+02 -9.199837349521005998e-06
2.541306306306306340e+02 -9.286464369044262310e-06
2.544304304304304480e+02 -9.371398324817547759e-06
2.547302302302302337e+02 -9.454602392848911950e-06
2.550300300300300478e+02 -9.536039473027058664e-06
2.553298298298298334e+02 -9.615672188326745943e-06
2.556296296296296475e+02 -9.693462884014213279e-06
2.559294294294294332e+02 -9.769373626852557985e-06
2.562292292292292473e+02 -9.843366204307219986e-06
2.565290290290290613e+02 -9.915402123751293812e-06
2.568288288288288186e+02 -9.985442611671016774e-06
2.571286286286286327e+02 -1.005344861287117922e-05
2.574284284284284468e+02 -1.011938078968047888e-05
2.577282282282282608e+02 -1.018319952115698870e-05
2.580280280280280181e+02 -1.024486490229352476e-05
2.583278278278278322e+02 -1.030433674322313108e-05
2.586276276276276462e+02 -1.036157456842439326e-05
2.589274274274274603e+02 -1.041653761592692329e-05
2.592272272272272176e+02 -1.046918483651673596e-05
2.595270270270270316e+02 -1.051947489294169800e-05
2.598268268268268457e+02 -1.056736615911689096e-05
2.601266266266266598e+02 -1.061281671933004516e-05
2.604264264264264170e+02 -1.065578436744695837e-05
2.607262262262262311e+02 -1.069622660611692139e-05
2.610260260260260452e+02 -1.073410064597809263e-05
2.613258258258258593e+02 -1.076936340486292878e-05
2.616256256256256165e+02 -1.080197150700359498e-05
2.619254254254254306e+02 -1.083188128223739885e-05
2.622252252252252447e+02 -1.085904876521215835e-05
2.625250250250250588e+02 -1.088342969459164933e-05
2.628248248248248160e+02 -1.090497951226099372e-05
2.631246246246246301e+02 -1.092365336253211047e-05
2.634244244244244442e+02 -1.093940609134907668e-05
2.637242242242242583e+02 -1.095219224549356151e-05
2.640240240240240155e+02 -1.096196607179025854e-05
2.643238238238238296e+02 -1.096868151631226037e-05
2.646236236236236437e+02 -1.097229222358650448e-05
2.649234234234234577e+02 -1.097275153579916146e-05
2.652232232232232150e+02 -1.097001249200105540e-05
2.655230230230230291e+02 -1.096402782731307927e-05
2.658228228228228431e+02 -1.095474997213159835e-05
2.661226226226226572e+02 -1.094213105133387572e-05
2.664224224224224145e+02 -1.092612288348347072e-05
2.667222222222222285e+02 -1.090667698003565420e-05
2.670220220220220426e+02 -1.088374454454281713e-05
2.673218218218218567e+02 -1.085727647185990286e-05
2.676216216216216139e+02 -1.082722334734980212e-05
2.679214214214214280e+02 -1.079353544608874461e-05
2.682212212212212421e+02 -1.075616273207175338e-05
2.685210210210210562e+02 -1.071505485741803464e-05
2.688208208208208134e+02 -1.067016116157639318e-05
2.691206206206206275e+02 -1.062143067053062055e-05
2.694204204204204416e+02 -1.056881209600495787e-05
2.697202202202202557e+02 -1.051225383466946536e-05
2.700200200200200129e+02 -1.045170396734545976e-05
2.703198198198198270e+02 -1.038711025821087709e-05
2.706196196196196411e+02 -1.031842015400576429e-05
2.709194194194194552e+02 -1.024558078323763008e-05
2.712192192192192124e+02 -1.016853895538689256e-05
2.715190190190190265e+02 -1.008724116011223692e-05
2.718188188188188406e+02 -1.000163356645610192e-05
2.721186186186186546e+02 -9.911662022050024063e-06
2.724184184184184119e+02 -9.817272052320125786e-06
2.727182182182182260e+02 -9.718408859692415598e-06
2.730180180180180400e+02 -9.615017322798315213e-06
2.733178178178178541e+02 -9.507041995680012205e-06
2.736176176176176114e+02 -9.394427106995890589e-06
2.739174174174174254e+02 -9.277116559225897027e-06
2.742172172172172395e+02 -9.155053927877018836e-06
2.745170170170170536e+02 -9.028182460688662057e-06
2.748168168168168108e+02 -8.896445076838105747e-06
2.751166166166166249e+02 -8.759784366145783485e-06
2.754164164164164390e+02 -8.618142588280866412e-06
2.757162162162162531e+02 -8.471461671966583703e-06
2.760160160160160103e+02 -8.319683214185654834e-06
2.763158158158158244e+02 -8.162748479385628685e-06
2.766156156156156385e+02 -8.000598398684427622e-06
2.769154154154154526e+02 -7.833173569075695065e-06
2.772152152152152098e+02 -7.660414252634210826e-06
2.775150150150150239e+02 -7.482260375721209872e-06
2.778148148148148380e+02 -7.298651528189974696e-06
2.781146146146146521e+02 -7.109526962591121894e-06
2.784144144144144093e+02 -6.914825593378104749e-06
2.787142142142142234e+02 -6.714485996112419339e-06
2.790140140140140375e+02 -6.508446406669303633e-06
2.793138138138138515e+02 -6.296644720442969859e-06
2.796136136136136088e+02 -6.079018491552084217e-06
2.799134134134134229e+02 -5.855504932045039058e-06
2.802132132132132369e+02 -5.626040911105583366e-06
2.805130130130130510e+02 -5.390562954258133905e-06
2.808128128128128083e+02 -5.149007242573171071e-06
2.811126126126126223e+02 -4.901309611872558508e-06
2.814124124124124364e+02 -4.647405551935178674e-06
2.817122122122122505e+02 -4.387230205702175372e-06
2.820120120120120077e+02 -4.120718368482504614e-06
2.823118118118118218e+02 -3.847804487158032316e-06
2.826116116116116359e+02 -3.568422659389401518e-06
2.829114114114114500e+02 -3.282506632821109757e-06
2.832112112112112072e+02 -2.989989804287092108e-06
2.835110110110110213e+02 -2.690805219015904857e-06
2.838108108108108354e+02 -2.384885569836445760e-06
2.841106106106106495e+02 -2.072163196383208446e-06
2.844104104104104067e+02 -1.752570084301709182e-06
2.847102102102102208e+02 -1.426037864453755666e-06
2.850100100100100349e+02 -1.092497812123145064e-06
2.853098098098098490e+02 -7.518808462208869542e-07
2.856096096096096062e+02 -4.041175284907082367e-07
2.859094094094094203e+02 -4.913806271422131077e-08
2.862092092092092344e+02 3.131277060832459104e-07
2.865090090090090484e+02 6.827502924275667168e-07
2.868088088088088057e+02 1.059800571190242178e-06
2.871086086086086198e+02 1.444349778383211709e-06
2.874084084084084338e+02 1.836469511953105142e-06
2.877082082082082479e+02 2.236231732576082556e-06
2.880080080080080052e+02 2.643708764452212908e-06
2.883078078078078192e+02 3.058973296100458921e-06
2.886076076076076333e+02 3.482098381152775133e-06
2.889074074074074474e+02 3.913157439148989234e-06
2.892072072072072046e+02 4.352224256331240199e-06
2.895070070070070187e+02 4.799372986438875087e-06
2.898068068068068328e+02 5.254678151502608919e-06
2.901066066066066469e+02 5.718214642639308400e-06
2.904064064064064041e+02 6.190057720846586750e-06
2.907062062062062182e+02 6.670283017797599280e-06
2.910060060060060323e+02 7.158966536635177442e-06
2.913058058058058464e+02 7.656184652766778566e-06
2.916056056056056036e+02 8.162014114658781684e-06
2.919054054054054177e+02 8.676532044631573648e-06
2.922052052052052318e+02 9.199815939653566282e-06
2.925050050050050459e+02 9.731943672136085131e-06
2.928048048048048031e+02 1.027299349072782200e-05
2.931046046046046172e+02 1.082304402110979060e-05
2.934044044044044313e+02 1.138217426678936407e-05
2.937042042042042453e+02 1.195046360989514929e-05
2.940040040040040026e+02 1.252799181197152921e-05
2.943038038038038167e+02 1.311483901477355078e-05
2.946036036036036307e+02 1.371108574106093867e-05
2.949034034034034448e+02 1.431681289539311705e-05
2.952032032032032021e+02 1.493210176492342493e-05
2.955030030030030161e+02 1.555703402019447838e-05
2.958028028028028302e+02 1.619169171593169308e-05
2.961026026026026443e+02 1.683615729183863126e-05
2.964024024024024015e+02 1.749051357339121199e-05
2.967022022022022156e+02 1.815484377263278039e-05
2.970020020020020297e+02 1.882923148896807221e-05
2.973018018018018438e+02 1.951376070995810346e-05
2.976016016016016010e+02 2.020851581211471781e-05
2.979014014014014151e+02 2.091358156169552363e-05
2.982012012012012292e+02 2.162904311549782133e-05
2.985010010010010433e+02 2.235498602165369964e-05
2.988008008008008005e+02 2.309149622042414260e-05
2.991006006006006146e+02 2.383866004499461027e-05
2.994004004004004287e+02 2.459656422226827834e-05
2.997002002002002428e+02 2.536529587366159521e-05
3.000000000000000000e+02 2.614494251589839568e-05
