#ell	tomo_i	tomo_j	Cell_gl
11.650	1	1	2.9738595524e-07
11.650	1	2	5.9992506591e-07
11.650	1	3	7.5312707872e-07
11.650	1	4	8.4994192054e-07
11.650	1	5	9.1983453510e-07
11.650	1	6	9.7540594610e-07
11.650	1	7	1.0230216615e-06
11.650	1	8	1.0668546323e-06
11.650	1	9	1.1113374539e-06
11.650	1	10	1.1693123000e-06
11.650	2	1	1.0650347214e-08
11.650	2	2	7.6421316339e-08
11.650	2	3	1.6939928483e-07
11.650	2	4	2.5230426199e-07
11.650	2	5	3.1770606569e-07
11.650	2	6	3.7015308743e-07
11.650	2	7	4.1500031258e-07
11.650	2	8	4.5626078532e-07
11.650	2	9	4.9813082462e-07
11.650	2	10	5.5270016891e-07
11.650	3	1	5.5220851141e-10
11.650	3	2	1.0031306761e-08
11.650	3	3	4.2229802342e-08
11.650	3	4	9.4336009045e-08
11.650	3	5	1.4971158986e-07
11.650	3	6	1.9799542782e-07
11.650	3	7	2.3941449036e-07
11.650	3	8	2.7737453409e-07
11.650	3	9	3.1586259345e-07
11.650	3	10	3.6602096347e-07
11.650	4	1	-8.4503461066e-12
11.650	4	2	3.3219065001e-10
11.650	4	3	5.6228271368e-09
11.650	4	4	2.5952827960e-08
11.650	4	5	6.2382967442e-08
11.650	4	6	1.0369007303e-07
11.650	4	7	1.4204186033e-07
11.650	4	8	1.7731851961e-07
11.650	4	9	2.1293272397e-07
11.650	4	10	2.5930740365e-07
11.650	5	1	-5.7739078400e-12
11.650	5	2	-1.6505875803e-10
11.650	5	3	-3.3032141344e-10
11.650	5	4	3.4296117269e-09
11.650	5	5	1.8446612900e-08
11.650	5	6	4.5845133908e-08
11.650	5	7	7.8903186967e-08
11.650	5	8	1.1191146105e-07
11.650	5	9	1.4520705242e-07
11.650	5	10	1.8833922957e-07
11.650	6	1	-5.1791362020e-13
11.650	6	2	-3.0688826101e-11
11.650	6	3	-2.4876087724e-10
11.650	6	4	-3.9300300406e-10
11.650	6	5	2.3161978396e-09
11.650	6	6	1.3327903961e-08
11.650	6	7	3.5411199512e-08
11.650	6	8	6.4590694097e-08
11.650	6	9	9.6123066825e-08
11.650	6	10	1.3644317022e-07
11.650	7	1	-1.8559632233e-14
11.650	7	2	-2.2640697036e-12
11.650	7	3	-3.8519940008e-11
11.650	7	4	-2.3762545443e-10
11.650	7	5	-5.5755565279e-10
11.650	7	6	7.4704025830e-10
11.650	7	7	8.8106237885e-09
11.650	7	8	2.8527849051e-08
11.650	7	9	5.7606687610e-08
11.650	7	10	9.5847360060e-08
11.650	8	1	-2.6123783732e-16
11.650	8	2	-7.3311990306e-14
11.650	8	3	-2.5513894144e-12
11.650	8	4	-3.3432035210e-11
11.650	8	5	-2.2595579560e-10
11.650	8	6	-8.2245227619e-10
11.650	8	7	-1.0431410594e-09
11.650	8	8	4.3254708198e-09
11.650	8	9	2.4684522547e-08
11.650	8	10	6.1869843371e-08
11.650	9	1	-9.7199585601e-19
11.650	9	2	-6.6462796908e-16
11.650	9	3	-4.7957809479e-14
11.650	9	4	-1.2468722746e-12
11.650	9	5	-1.7464219507e-11
11.650	9	6	-1.5461961145e-10
11.650	9	7	-8.9104893171e-10
11.650	9	8	-2.8972363286e-09
11.650	9	9	-6.2527346745e-10
11.650	9	10	2.9377708960e-08
11.650	10	1	-1.7732093463e-22
11.650	10	2	-3.3323364140e-19
11.650	10	3	-5.8032589905e-17
11.650	10	4	-3.4439080710e-15
11.650	10	5	-1.0914142475e-13
11.650	10	6	-2.2883402354e-12
11.650	10	7	-3.5185527210e-11
11.650	10	8	-4.0352625481e-10
11.650	10	9	-3.0121310626e-09
11.650	10	10	-8.3031733434e-10
15.495	1	1	2.6093441681e-07
15.495	1	2	5.5088559908e-07
15.495	1	3	7.0339380387e-07
15.495	1	4	8.0030334718e-07
15.495	1	5	8.7031064574e-07
15.495	1	6	9.2597364733e-07
15.495	1	7	9.7366726449e-07
15.495	1	8	1.0175718917e-06
15.495	1	9	1.0621274356e-06
15.495	1	10	1.1201970530e-06
15.495	2	1	1.1183635585e-08
15.495	2	2	8.1678229002e-08
15.495	2	3	1.8292316097e-07
15.495	2	4	2.7397144618e-07
15.495	2	5	3.4602049688e-07
15.495	2	6	4.0382533233e-07
15.495	2	7	4.5325072445e-07
15.495	2	8	4.9872190054e-07
15.495	2	9	5.4486470886e-07
15.495	2	10	6.0500275618e-07
15.495	3	1	5.9804780579e-10
15.495	3	2	1.1025365359e-08
15.495	3	3	4.6915891299e-08
15.495	3	4	1.0556722013e-07
15.495	3	5	1.6825825777e-07
15.495	3	6	2.2304232044e-07
15.495	3	7	2.7005210178e-07
15.495	3	8	3.1313279264e-07
15.495	3	9	3.5681147982e-07
15.495	3	10	4.1373421885e-07
15.495	4	1	-1.0397589587e-11
15.495	4	2	3.5478218709e-10
15.495	4	3	6.3026017838e-09
15.495	4	4	2.9469829432e-08
15.495	4	5	7.1287138344e-08
15.495	4	6	1.1890315289e-07
15.495	4	7	1.6319213364e-07
15.495	4	8	2.0394163186e-07
15.495	4	9	2.4507805674e-07
15.495	4	10	2.9864219419e-07
15.495	5	1	-6.6385080516e-12
15.495	5	2	-1.9144186029e-10
15.495	5	3	-3.9700460251e-10
15.495	5	4	3.9086740605e-09
15.495	5	5	2.1286585079e-08
15.495	5	6	5.3171437664e-08
15.495	5	7	9.1779595700e-08
15.495	5	8	1.3038851228e-07
15.495	5	9	1.6933876782e-07
15.495	5	10	2.1979162585e-07
15.495	6	1	-5.9860459655e-13
15.495	6	2	-3.5663704897e-11
15.495	6	3	-2.9092964286e-10
15.495	6	4	-4.6954489122e-10
15.495	6	5	2.6722691277e-09
15.495	6	6	1.5562030763e-08
15.495	6	7	4.1544886344e-08
15.495	6	8	7.5985156086e-08
15.495	6	9	1.1324431909e-07
15.495	6	10	1.6088327716e-07
15.495	7	1	-2.1621012904e-14
15.495	7	2	-2.6504765982e-12
15.495	7	3	-4.5296448204e-11
15.495	7	4	-2.8093464129e-10
15.495	7	5	-6.6630823010e-10
15.495	7	6	8.5314372923e-10
15.495	7	7	1.0378555821e-08
15.495	7	8	3.3791197863e-08
15.495	7	9	6.8420874201e-08
15.495	7	10	1.1398926491e-07
15.495	8	1	-3.0713028549e-16
15.495	8	2	-8.6538161478e-14
15.495	8	3	-3.0214674116e-12
15.495	8	4	-3.9712841986e-11
15.495	8	5	-2.6931207086e-10
15.495	8	6	-9.8490482944e-10
15.495	8	7	-1.2685298973e-09
15.495	8	8	5.1105985376e-09
15.495	8	9	2.9486750075e-08
15.495	8	10	7.4139066632e-08
15.495	9	1	-1.1536164588e-18
15.495	9	2	-7.9087587352e-16
15.495	9	3	-5.7193281309e-14
15.495	9	4	-1.4901016771e-12
15.495	9	5	-2.0916618103e-11
15.495	9	6	-1.8564787676e-10
15.495	9	7	-1.0732083189e-09
15.495	9	8	-3.5062923321e-09
15.495	9	9	-8.1944810137e-10
15.495	9	10	3.5447601648e-08
15.495	10	1	-2.1263513470e-22
15.495	10	2	-4.0022475889e-19
15.495	10	3	-6.9799849966e-17
15.495	10	4	-4.1480975735e-15
15.495	10	5	-1.3164824195e-13
15.495	10	6	-2.7645576345e-12
15.495	10	7	-4.2586362073e-11
15.495	10	8	-4.8959899225e-10
15.495	10	9	-3.6687658912e-09
15.495	10	10	-1.0652760842e-09
20.608	1	1	2.1541632473e-07
20.608	1	2	4.7357132683e-07
20.608	1	3	6.1503966861e-07
20.608	1	4	7.0556350078e-07
20.608	1	5	7.7101563512e-07
20.608	1	6	8.2305742467e-07
20.608	1	7	8.6764754714e-07
20.608	1	8	9.0869516203e-07
20.608	1	9	9.5035133105e-07
20.608	1	10	1.0046421648e-06
20.608	2	1	1.0946418841e-08
20.608	2	2	8.1854032390e-08
20.608	2	3	1.8582296082e-07
20.608	2	4	2.8038558062e-07
20.608	2	5	3.5553290655e-07
20.608	2	6	4.1586342542e-07
20.608	2	7	4.6744377775e-07
20.608	2	8	5.1489559448e-07
20.608	2	9	5.6304808893e-07
20.608	2	10	6.2580535194e-07
20.608	3	1	6.0929508376e-10
20.608	3	2	1.1453077177e-08
20.608	3	3	4.9442669802e-08
20.608	3	4	1.1235094467e-07
20.608	3	5	1.8012059439e-07
20.608	3	6	2.3952348281e-07
20.608	3	7	2.9051900807e-07
20.608	3	8	3.3724768472e-07
20.608	3	9	3.8462312871e-07
20.608	3	10	4.4636330207e-07
20.608	4	1	-1.2430232880e-11
20.608	4	2	3.5236409343e-10
20.608	4	3	6.7187093895e-09
20.608	4	4	3.1980280630e-08
20.608	4	5	7.8028879405e-08
20.608	4	6	1.3076282242e-07
20.608	4	7	1.7993210769e-07
20.608	4	8	2.2518985764e-07
20.608	4	9	2.7087292130e-07
20.608	4	10	3.3035538333e-07
20.608	5	1	-7.3253142832e-12
20.608	5	2	-2.1372156861e-10
20.608	5	3	-4.6370840118e-10
20.608	5	4	4.2616882931e-09
20.608	5	5	2.3606253353e-08
20.608	5	6	5.9368327662e-08
20.608	5	7	1.0287813257e-07
20.608	5	8	1.4647869309e-07
20.608	5	9	1.9047333788e-07
20.608	5	10	2.4745330413e-07
20.608	6	1	-6.6525331802e-13
20.608	6	2	-3.9924271425e-11
20.608	6	3	-3.2844990740e-10
20.608	6	4	-5.4497907761e-10
20.608	6	5	2.9618873304e-09
20.608	6	6	1.7530973465e-08
20.608	6	7	4.7101583629e-08
20.608	6	8	8.6464957539e-08
20.608	6	9	1.2911712582e-07
20.608	6	10	1.8364555640e-07
20.608	7	1	-2.4283277989e-14
20.608	7	2	-2.9963409949e-12
20.608	7	3	-5.1513036601e-11
20.608	7	4	-3.2177994488e-10
20.608	7	5	-7.7413356533e-10
20.608	7	6	9.3044732824e-10
20.608	7	7	1.1827478556e-08
20.608	7	8	3.8805317044e-08
20.608	7	9	7.8872409292e-08
20.608	7	10	1.3164033564e-07
20.608	8	1	-3.4918343242e-16
20.608	8	2	-9.8916184553e-14
20.608	8	3	-3.4687531588e-12
20.608	8	4	-4.5782342580e-11
20.608	8	5	-3.1192757368e-10
20.608	8	6	-1.1483191670e-09
20.608	8	7	-1.5103565913e-09
20.608	8	8	5.8477710950e-09
20.608	8	9	3.4263256751e-08
20.608	8	10	8.6516445858e-08
20.608	9	1	-1.3283688362e-18
20.608	9	2	-9.1397864795e-16
20.608	9	3	-6.6300326116e-14
20.608	9	4	-1.7324610379e-12
20.608	9	5	-2.4392594905e-11
20.608	9	6	-2.1723591319e-10
20.608	9	7	-1.2610155239e-09
20.608	9	8	-4.1453459604e-09
20.608	9	9	-1.0634145467e-09
20.608	9	10	4.1746795967e-08
20.608	10	1	-2.4838948243e-22
20.608	10	2	-4.6850947673e-19
20.608	10	3	-8.1865038333e-17
20.608	10	4	-4.8740916954e-15
20.608	10	5	-1.5497761325e-13
20.608	10	6	-3.2609880100e-12
20.608	10	7	-5.0351756625e-11
20.608	10	8	-5.8066516790e-10
20.608	10	9	-4.3716310470e-09
20.608	10	10	-1.3448230562e-09
27.409	1	1	1.6923092116e-07
27.409	1	2	3.8252057182e-07
27.409	1	3	5.0364316489e-07
27.409	1	4	5.8177771461e-07
27.409	1	5	6.3833622887e-07
27.409	1	6	6.8330743394e-07
27.409	1	7	7.2183854104e-07
27.409	1	8	7.5730841427e-07
27.409	1	9	7.9330413839e-07
27.409	1	10	8.4021766529e-07
27.409	2	1	9.7544469479e-09
27.409	2	2	7.5150679149e-08
27.409	2	3	1.7380941349e-07
27.409	2	4	2.6498178154e-07
27.409	2	5	3.3786126088e-07
27.409	2	6	3.9642560175e-07
27.409	2	7	4.4649001177e-07
27.409	2	8	4.9254462001e-07
27.409	2	9	5.3927898241e-07
27.409	2	10	6.0018797150e-07
27.409	3	1	5.7093018642e-10
27.409	3	2	1.1039634028e-08
27.409	3	3	4.8620719739e-08
27.409	3	4	1.1194429987e-07
27.409	3	5	1.8085949696e-07
27.409	3	6	2.4151284407e-07
27.409	3	7	2.9361463823e-07
27.409	3	8	3.4135099877e-07
27.409	3	9	3.8974546275e-07
27.409	3	10	4.5281329506e-07
27.409	4	1	-1.4173851097e-11
27.409	4	2	3.1790638775e-10
27.409	4	3	6.7064207913e-09
27.409	4	4	3.2672167455e-08
27.409	4	5	8.0618445369e-08
27.409	4	6	1.3594774562e-07
27.409	4	7	1.8771019435e-07
27.409	4	8	2.3538170687e-07
27.409	4	9	2.8349496249e-07
27.409	4	10	3.4613892348e-07
27.409	5	1	-7.6436634551e-12
27.409	5	2	-2.2639353530e-10
27.409	5	3	-5.1942910488e-10
27.409	5	4	4.3754035780e-09
27.409	5	5	2.4804033506e-08
27.409	5	6	6.2959586800e-08
27.409	5	7	1.0968403774e-07
27.409	5	8	1.5663873393e-07
27.409	5	9	2.0403095955e-07
27.409	5	10	2.6540105653e-07
27.409	6	1	-7.0093467572e-13
27.409	6	2	-4.2481396124e-11
27.409	6	3	-3.5349368472e-10
27.409	6	4	-6.0812487864e-10
27.409	6	5	3.1077096438e-09
27.409	6	6	1.8813447985e-08
27.409	6	7	5.0990260878e-08
27.409	6	8	9.4071287717e-08
27.409	6	9	1.4085170437e-07
27.409	6	10	2.0064930485e-07
27.409	7	1	-2.5954697990e-14
27.409	7	2	-3.2310579296e-12
27.409	7	3	-5.5996821949e-11
27.409	7	4	-3.5315639171e-10
27.409	7	5	-8.6574281200e-10
27.409	7	6	9.5208841795e-10
27.409	7	7	1.2891745341e-08
27.409	7	8	4.2740145368e-08
27.409	7	9	8.7316081587e-08
27.409	7	10	1.4608938178e-07
27.409	8	1	-3.7943415212e-16
27.409	8	2	-1.0826513249e-13
27.409	8	3	-3.8189307293e-12
27.409	8	4	-5.0686547761e-11
27.409	8	5	-3.4750292596e-10
27.409	8	6	-1.2905441597e-09
27.409	8	7	-1.7440251835e-09
27.409	8	8	6.4072158190e-09
27.409	8	9	3.8336111114e-08
27.409	8	10	9.7354039334e-08
27.409	9	1	-1.4683562975e-18
27.409	9	2	-1.0151971622e-15
27.409	9	3	-7.3947536285e-14
27.409	9	4	-1.9398749755e-12
27.409	9	5	-2.7423481317e-11
27.409	9	6	-2.4533135657e-10
27.409	9	7	-1.4319072886e-09
27.409	9	8	-4.7454012900e-09
27.409	9	9	-1.3594259635e-09
27.409	9	10	4.7549201672e-08
27.409	10	1	-2.7987820026e-22
27.409	10	2	-5.2938219084e-19
27.409	10	3	-9.2735946750e-17
27.409	10	4	-5.5348081890e-15
27.409	10	5	-1.7641961908e-13
27.409	10	6	-3.7219850432e-12
27.409	10	7	-5.7648166982e-11
27.409	10	8	-6.6752462696e-10
27.409	10	9	-5.0572433792e-09
27.409	10	10	-1.6752970021e-09
36.455	1	1	1.2893957043e-07
36.455	1	2	2.9598903848e-07
36.455	1	3	3.9266335731e-07
36.455	1	4	4.5543903633e-07
36.455	1	5	5.0093165483e-07
36.455	1	6	5.3710519704e-07
36.455	1	7	5.6809775697e-07
36.455	1	8	5.9662791138e-07
36.455	1	9	6.2558103266e-07
36.455	1	10	6.6331586970e-07
36.455	2	1	7.8943002519e-09
36.455	2	2	6.2438189474e-08
36.455	2	3	1.4709902787e-07
36.455	2	4	2.2677867159e-07
36.455	2	5	2.9096302689e-07
36.455	2	6	3.4261073919e-07
36.455	2	7	3.8675557898e-07
36.455	2	8	4.2736143035e-07
36.455	2	9	4.6856623331e-07
36.455	2	10	5.2226851277e-07
36.455	3	1	4.8112281054e-10
36.455	3	2	9.5962607384e-09
36.455	3	3	4.3316963946e-08
36.455	3	4	1.0152475232e-07
36.455	3	5	1.6583293461e-07
36.455	3	6	2.2277499637e-07
36.455	3	7	2.7173370910e-07
36.455	3	8	3.1658191766e-07
36.455	3	9	3.6204482561e-07
36.455	3	10	4.2129177880e-07
36.455	4	1	-1.5142884821e-11
36.455	4	2	2.4088245654e-10
36.455	4	3	6.0702416898e-09
36.455	4	4	3.0659817740e-08
36.455	4	5	7.6937905742e-08
36.455	4	6	1.3092085501e-07
36.455	4	7	1.8165519914e-07
36.455	4	8	2.2841528484e-07
36.455	4	9	2.7560046142e-07
36.455	4	10	3.3703233525e-07
36.455	5	1	-7.4014259567e-12
36.455	5	2	-2.2399778041e-10
36.455	5	3	-5.5239308870e-10
36.455	5	4	4.1393811922e-09
36.455	5	5	2.4255261743e-08
36.455	5	6	6.2340736591e-08
36.455	5	7	1.0937191799e-07
36.455	5	8	1.5680845319e-07
36.455	5	9	2.0470592945e-07
36.455	5	10	2.6671679266e-07
36.455	6	1	-6.8813073636e-13
36.455	6	2	-4.2259143110e-11
36.455	6	3	-3.5687160634e-10
36.455	6	4	-6.4170357159e-10
36.455	6	5	3.0340756896e-09
36.455	6	6	1.8919425647e-08
36.455	6	7	5.1850507872e-08
36.455	6	8	9.6272970807e-08
36.455	6	9	1.4465019272e-07
36.455	6	10	2.0647840304e-07
36.455	7	1	-2.5969061937e-14
36.455	7	2	-3.2696807522e-12
36.455	7	3	-5.7241586582e-11
36.455	7	4	-3.6534618005e-10
36.455	7	5	-9.1676910293e-10
36.455	7	6	8.9217224306e-10
36.455	7	7	1.3213675358e-08
36.455	7	8	4.4422862220e-08
36.455	7	9	9.1384231312e-08
36.455	7	10	1.5340183802e-07
36.455	8	1	-3.8768458046e-16
36.455	8	2	-1.1162643298e-13
36.455	8	3	-3.9671183776e-12
36.455	8	4	-5.3039730476e-11
36.455	8	5	-3.6667923030e-10
36.455	8	6	-1.3779241043e-09
36.455	8	7	-1.9292030303e-09
36.455	8	8	6.6039440317e-09
36.455	8	9	4.0693112736e-08
36.455	8	10	1.0415227274e-07
36.455	9	1	-1.5333482093e-18
36.455	9	2	-1.0670102890e-15
36.455	9	3	-7.8157840528e-14
36.455	9	4	-2.0612914544e-12
36.455	9	5	-2.9300575415e-11
36.455	9	6	-2.6373337880e-10
36.455	9	7	-1.5507450712e-09
36.455	9	8	-5.1955402824e-09
36.455	9	9	-1.6970097943e-09
36.455	9	10	5.1710801390e-08
36.455	10	1	-2.9994612751e-22
36.455	10	2	-5.6950062371e-19
36.455	10	3	-1.0010692235e-16
36.455	10	4	-5.9945248956e-15
36.455	10	5	-1.9171101344e-13
36.455	10	6	-4.0590769093e-12
36.455	10	7	-6.3132916925e-11
36.455	10	8	-7.3506361004e-10
36.455	10	9	-5.6161258032e-09
36.455	10	10	-2.0396274998e-09
48.485	1	1	9.5834397145e-08
48.485	1	2	2.2433954849e-07
48.485	1	3	2.9905024117e-07
48.485	1	4	3.4766035904e-07
48.485	1	5	3.8290957179e-07
48.485	1	6	4.1093895978e-07
48.485	1	7	4.3495343588e-07
48.485	1	8	4.5705986199e-07
48.485	1	9	4.7949402521e-07
48.485	1	10	5.0873264568e-07
48.485	2	1	6.0894726934e-09
48.485	2	2	4.8357045510e-08
48.485	2	3	1.1489078263e-07
48.485	2	4	1.7837651889e-07
48.485	2	5	2.2986815845e-07
48.485	2	6	2.7136073464e-07
48.485	2	7	3.0682173023e-07
48.485	2	8	3.3943725653e-07
48.485	2	9	3.7253352887e-07
48.485	2	10	4.1566792642e-07
48.485	3	1	3.7098187530e-10
48.485	3	2	7.5679074082e-09
48.485	3	3	3.4899508432e-08
48.485	3	4	8.3168767285e-08
48.485	3	5	1.3730497959e-07
48.485	3	6	1.8555990006e-07
48.485	3	7	2.2710212802e-07
48.485	3	8	2.6515049948e-07
48.485	3	9	3.0371664854e-07
48.485	3	10	3.5397525047e-07
48.485	4	1	-1.4198873083e-11
48.485	4	2	1.5714755014e-10
48.485	4	3	4.9415756319e-09
48.485	4	4	2.5907594131e-08
48.485	4	5	6.6185139563e-08
48.485	4	6	1.1377814268e-07
48.485	4	7	1.5878511641e-07
48.485	4	8	2.0031832757e-07
48.485	4	9	2.4221993114e-07
48.485	4	10	2.9676805804e-07
48.485	5	1	-6.4525322153e-12
48.485	5	2	-1.9983235903e-10
48.485	5	3	-5.3096225845e-10
48.485	5	4	3.5052854389e-09
48.485	5	5	2.1397805053e-08
48.485	5	6	5.5897532895e-08
48.485	5	7	9.9030680743e-08
48.485	5	8	1.4278624255e-07
48.485	5	9	1.8699483764e-07
48.485	5	10	2.4421061119e-07
48.485	6	1	-6.0985962601e-13
48.485	6	2	-3.8077041690e-11
48.485	6	3	-3.2798154748e-10
48.485	6	4	-6.2607494965e-10
48.485	6	5	2.6494578517e-09
48.485	6	6	1.7299024141e-08
48.485	6	7	4.8240352852e-08
48.485	6	8	9.0463744833e-08
48.485	6	9	1.3664228415e-07
48.485	6	10	1.9564453704e-07
48.485	7	1	-2.3588862677e-14
48.485	7	2	-3.0186948395e-12
48.485	7	3	-5.3665006998e-11
48.485	7	4	-3.4891867060e-10
48.485	7	5	-9.0663933949e-10
48.485	7	6	7.1832356319e-10
48.485	7	7	1.2450183421e-08
48.485	7	8	4.2734994580e-08
48.485	7	9	8.8781757564e-08
48.485	7	10	1.4972180226e-07
48.485	8	1	-3.6320692360e-16
48.485	8	2	-1.0607393460e-13
48.485	8	3	-3.8133057399e-12
48.485	8	4	-5.1532190110e-11
48.485	8	5	-3.6042105024e-10
48.485	8	6	-1.3758666606e-09
48.485	8	7	-2.0139199992e-09
48.485	8	8	6.2840749753e-09
48.485	8	9	4.0314404176e-08
48.485	8	10	1.0424084996e-07
48.485	9	1	-1.4853364594e-18
48.485	9	2	-1.0430654271e-15
48.485	9	3	-7.6987748947e-14
48.485	9	4	-2.0449103015e-12
48.485	9	5	-2.9277976129e-11
48.485	9	6	-2.6561640851e-10
48.485	9	7	-1.5764351209e-09
48.485	9	8	-5.3527709772e-09
48.485	9	9	-2.0145046451e-09
48.485	9	10	5.2837897545e-08
48.485	10	1	-3.0089793053e-22
48.485	10	2	-5.7409391478e-19
48.485	10	3	-1.0135235392e-16
48.485	10	4	-6.0941484635e-15
48.485	10	5	-1.9570159165e-13
48.485	10	6	-4.1619079479e-12
48.485	10	7	-6.5071158516e-11
48.485	10	8	-7.6296256952e-10
48.485	10	9	-5.8946673487e-09
48.485	10	10	-2.3985891481e-09
64.486	1	1	6.8112697943e-08
64.486	1	2	1.6456601131e-07
64.486	1	3	2.2188810176e-07
64.486	1	4	2.5919817773e-07
64.486	1	5	2.8625332353e-07
64.486	1	6	3.0776728839e-07
64.486	1	7	3.2619957750e-07
64.486	1	8	3.4316733805e-07
64.486	1	9	3.6038664253e-07
64.486	1	10	3.8282870538e-07
64.486	2	1	4.8294220784e-09
64.486	2	2	3.7960999574e-08
64.486	2	3	8.9486373982e-08
64.486	2	4	1.3846079743e-07
64.486	2	5	1.7820265483e-07
64.486	2	6	2.1024557660e-07
64.486	2	7	2.3763177579e-07
64.486	2	8	2.6281972360e-07
64.486	2	9	2.8837878899e-07
64.486	2	10	3.2168992833e-07
64.486	3	1	2.8770931652e-10
64.486	3	2	5.8017895207e-09
64.486	3	3	2.6696499887e-08
64.486	3	4	6.3801139435e-08
64.486	3	5	1.0572333840e-07
64.486	3	6	1.4326559061e-07
64.486	3	7	1.7562521152e-07
64.486	3	8	2.0526147827e-07
64.486	3	9	2.3529867308e-07
64.486	3	10	2.7444212885e-07
64.486	4	1	-1.1241830253e-11
64.486	4	2	1.0575523732e-10
64.486	4	3	3.7374919849e-09
64.486	4	4	2.0016654225e-08
64.486	4	5	5.1777872564e-08
64.486	4	6	8.9734085929e-08
64.486	4	7	1.2584181174e-07
64.486	4	8	1.5920669843e-07
64.486	4	9	1.9286124296e-07
64.486	4	10	2.3666923480e-07
64.486	5	1	-5.0799829142e-12
64.486	5	2	-1.6024174596e-10
64.486	5	3	-4.5131135804e-10
64.486	5	4	2.6885691658e-09
64.486	5	5	1.7043448886e-08
64.486	5	6	4.5209192184e-08
64.486	5	7	8.0851783469e-08
64.486	5	8	1.1722092337e-07
64.486	5	9	1.5399514622e-07
64.486	5	10	2.0157293836e-07
64.486	6	1	-4.8759349811e-13
64.486	6	2	-3.0913527929e-11
64.486	6	3	-2.7132104242e-10
64.486	6	4	-5.4678577654e-10
64.486	6	5	2.0798809375e-09
64.486	6	6	1.4238602464e-08
64.486	6	7	4.0398978464e-08
64.486	6	8	7.6531159775e-08
64.486	6	9	1.1624350500e-07
64.486	6	10	1.6697461531e-07
64.486	7	1	-1.9303209737e-14
64.486	7	2	-2.5094463357e-12
64.486	7	3	-4.5281655513e-11
64.486	7	4	-2.9977813376e-10
64.486	7	5	-8.0594174766e-10
64.486	7	6	4.9575771524e-10
64.486	7	7	1.0530958450e-08
64.486	7	8	3.6998000906e-08
64.486	7	9	7.7761003087e-08
64.486	7	10	1.3187681800e-07
64.486	8	1	-3.0626122815e-16
64.486	8	2	-9.0705015310e-14
64.486	8	3	-3.2993170958e-12
64.486	8	4	-4.5101266509e-11
64.486	8	5	-3.1961969398e-10
64.486	8	6	-1.2432631884e-09
64.486	8	7	-1.9198591274e-09
64.486	8	8	5.3155224529e-09
64.486	8	9	3.6097531596e-08
64.486	8	10	9.4728116153e-08
64.486	9	1	-1.2957489766e-18
64.486	9	2	-9.1931853573e-16
64.486	9	3	-6.8472216167e-14
64.486	9	4	-1.8349694485e-12
64.486	9	5	-2.6521926646e-11
64.486	9	6	-2.4325373200e-10
64.486	9	7	-1.4636602323e-09
64.486	9	8	-5.0745944879e-09
64.486	9	9	-2.3064151831e-09
64.486	9	10	4.9496561458e-08
64.486	10	1	-2.7403898907e-22
64.486	10	2	-5.2647201684e-19
64.486	10	3	-9.3543126244e-17
64.486	10	4	-5.6603223886e-15
64.486	10	5	-1.8296043018e-13
64.486	10	6	-3.9188112669e-12
64.486	10	7	-6.1792257913e-11
64.486	10	8	-7.3263564536e-10
64.486	10	9	-5.7537829256e-09
64.486	10	10	-2.6873700891e-09
85.767	1	1	4.6646942786e-08
85.767	1	2	1.1405162815e-07
85.767	1	3	1.5554989327e-07
85.767	1	4	1.8279340190e-07
85.767	1	5	2.0256464959e-07
85.767	1	6	2.1828643162e-07
85.767	1	7	2.3175607015e-07
85.767	1	8	2.4415547446e-07
85.767	1	9	2.5673870120e-07
85.767	1	10	2.7313851751e-07
85.767	2	1	3.6096763443e-09
85.767	2	2	2.9477939504e-08
85.767	2	3	7.0478527898e-08
85.767	2	4	1.0945165647e-07
85.767	2	5	1.4099987206e-07
85.767	2	6	1.6642116947e-07
85.767	2	7	1.8814957399e-07
85.767	2	8	2.0813458439e-07
85.767	2	9	2.2841411977e-07
85.767	2	10	2.5484444746e-07
85.767	3	1	2.3158092558e-10
85.767	3	2	4.6845350225e-09
85.767	3	3	2.1379183367e-08
85.767	3	4	5.0631498069e-08
85.767	3	5	8.3405069503e-08
85.767	3	6	1.1267368631e-07
85.767	3	7	1.3789920788e-07
85.767	3	8	1.6100533794e-07
85.767	3	9	1.8442460515e-07
85.767	3	10	2.1494380035e-07
85.767	4	1	-8.2652488160e-12
85.767	4	2	9.9118745825e-11
85.767	4	3	2.9761259957e-09
85.767	4	4	1.5594930504e-08
85.767	4	5	4.0013980862e-08
85.767	4	6	6.9127441846e-08
85.767	4	7	9.6832190592e-08
85.767	4	8	1.2244578296e-07
85.767	4	9	1.4828300769e-07
85.767	4	10	1.8191432337e-07
85.767	5	1	-3.8946692468e-12
85.767	5	2	-1.2191724322e-10
85.767	5	3	-3.3816391795e-10
85.767	5	4	2.0697632050e-09
85.767	5	5	1.3028983666e-08
85.767	5	6	3.4560657246e-08
85.767	5	7	6.1901479323e-08
85.767	5	8	8.9878667840e-08
85.767	5	9	1.1818692346e-07
85.767	5	10	1.5480539795e-07
85.767	6	1	-3.7258750346e-13
85.767	6	2	-2.3600903560e-11
85.767	6	3	-2.0758049325e-10
85.767	6	4	-4.2383831770e-10
85.767	6	5	1.5633527235e-09
85.767	6	6	1.0870400570e-08
85.767	6	7	3.1079018871e-08
85.767	6	8	5.9213571364e-08
85.767	6	9	9.0262747393e-08
85.767	6	10	1.2992651563e-07
85.767	7	1	-1.4753287078e-14
85.767	7	2	-1.9253075147e-12
85.767	7	3	-3.4945905649e-11
85.767	7	4	-2.3353444621e-10
85.767	7	5	-6.4130566097e-10
85.767	7	6	3.1897676535e-10
85.767	7	7	8.1018136218e-09
85.767	7	8	2.8997467290e-08
85.767	7	9	6.1562087909e-08
85.767	7	10	1.0492868038e-07
85.767	8	1	-2.3628653722e-16
85.767	8	2	-7.0513627269e-14
85.767	8	3	-2.5849252105e-12
85.767	8	4	-3.5645466402e-11
85.767	8	5	-2.5542207610e-10
85.767	8	6	-1.0104616128e-09
85.767	8	7	-1.6356646455e-09
85.767	8	8	4.0464825429e-09
85.767	8	9	2.9113610435e-08
85.767	8	10	7.7511791213e-08
85.767	9	1	-1.0214495534e-18
85.767	9	2	-7.3093206830e-16
85.767	9	3	-5.4885083075e-14
85.767	9	4	-1.4830607726e-12
85.767	9	5	-2.1628285010e-11
85.767	9	6	-2.0044513114e-10
85.767	9	7	-1.2219958928e-09
85.767	9	8	-4.3211296207e-09
85.767	9	9	-2.2827247617e-09
85.767	9	10	4.1678664470e-08
85.767	10	1	-2.2461939946e-22
85.767	10	2	-4.3438955572e-19
85.767	10	3	-7.7658741168e-17
85.767	10	4	-4.7278450950e-15
85.767	10	5	-1.5377958403e-13
85.767	10	6	-3.3162996398e-12
85.767	10	7	-5.2715348639e-11
85.767	10	8	-6.3179104439e-10
85.767	10	9	-5.0484535645e-09
85.767	10	10	-2.7390614976e-09
114.071	1	1	3.1924885438e-08
114.071	1	2	7.7563706213e-08
114.071	1	3	1.0553092755e-07
114.071	1	4	1.2398866364e-07
114.071	1	5	1.3740537287e-07
114.071	1	6	1.4807457098e-07
114.071	1	7	1.5721507308e-07
114.071	1	8	1.6562927362e-07
114.071	1	9	1.7416821128e-07
114.071	1	10	1.8529707776e-07
114.071	2	1	2.3856987138e-09
114.071	2	2	1.9752334576e-08
114.071	2	3	4.8430337329e-08
114.071	2	4	7.6595754529e-08
114.071	2	5	9.9670378001e-08
114.071	2	6	1.1829028431e-07
114.071	2	7	1.3420028881e-07
114.071	2	8	1.4883240388e-07
114.071	2	9	1.6368005277e-07
114.071	2	10	1.8303099496e-07
114.071	3	1	1.5462857076e-10
114.071	3	2	3.3389956601e-09
114.071	3	3	1.5971497174e-08
114.071	3	4	3.8840236458e-08
114.071	3	5	6.4769588696e-08
114.071	3	6	8.7963442784e-08
114.071	3	7	1.0794235766e-07
114.071	3	8	1.2623991874e-07
114.071	3	9	1.4478559214e-07
114.071	3	10	1.6895375367e-07
114.071	4	1	-7.5236309519e-12
114.071	4	2	5.9219843065e-11
114.071	4	3	2.3288282397e-09
114.071	4	4	1.2496237029e-08
114.071	4	5	3.2195790148e-08
114.071	4	6	5.5588415963e-08
114.071	4	7	7.7775037279e-08
114.071	4	8	9.8269227125e-08
114.071	4	9	1.1894454780e-07
114.071	4	10	1.4585820970e-07
114.071	5	1	-3.1650171346e-12
114.071	5	2	-9.8786526676e-11
114.071	5	3	-2.6902386361e-10
114.071	5	4	1.6962270576e-09
114.071	5	5	1.0513642477e-08
114.071	5	6	2.7651146366e-08
114.071	5	7	4.9239128626e-08
114.071	5	8	7.1250441607e-08
114.071	5	9	9.3515570465e-08
114.071	5	10	1.2232290853e-07
114.071	6	1	-3.0043662141e-13
114.071	6	2	-1.8871651854e-11
114.071	6	3	-1.6400036722e-10
114.071	6	4	-3.2324310562e-10
114.071	6	5	1.2784594009e-09
114.071	6	6	8.6042855322e-09
114.071	6	7	2.4326170486e-08
114.071	6	8	4.6079777762e-08
114.071	6	9	7.0048542301e-08
114.071	6	10	1.0067574024e-07
114.071	7	1	-1.1732839891e-14
114.071	7	2	-1.5149902783e-12
114.071	7	3	-2.7230464961e-11
114.071	7	4	-1.8001316847e-10
114.071	7	5	-4.8593135154e-10
114.071	7	6	2.7901207406e-10
114.071	7	7	6.2780232905e-09
114.071	7	8	2.2267506018e-08
114.071	7	9	4.7144207955e-08
114.071	7	10	8.0289005498e-08
114.071	8	1	-1.8419134527e-16
114.071	8	2	-5.4511759810e-14
114.071	8	3	-1.9866649326e-12
114.071	8	4	-2.7272572344e-11
114.071	8	5	-1.9473059417e-10
114.071	8	6	-7.6845708839e-10
114.071	8	7	-1.2434337454e-09
114.071	8	8	3.0685855900e-09
114.071	8	9	2.2165796687e-08
114.071	8	10	5.9195938964e-08
114.071	9	1	-7.8240438026e-19
114.071	9	2	-5.5817307656e-16
114.071	9	3	-4.1846020714e-14
114.071	9	4	-1.1300759827e-12
114.071	9	5	-1.6486792690e-11
114.071	9	6	-1.5304292288e-10
114.071	9	7	-9.3643717025e-10
114.071	9	8	-3.3386027903e-09
114.071	9	9	-1.8944056655e-09
114.071	9	10	3.2086969435e-08
114.071	10	1	-1.7132891343e-22
114.071	10	2	-3.3177401109e-19
114.071	10	3	-5.9415643238e-17
114.071	10	4	-3.6249423921e-15
114.071	10	5	-1.1821740471e-13
114.071	10	6	-2.5580035428e-12
114.071	10	7	-4.0852442418e-11
114.071	10	8	-4.9323274032e-10
114.071	10	9	-3.9959399847e-09
114.071	10	10	-2.4498203948e-09
151.717	1	1	2.1858412157e-08
151.717	1	2	5.2905831702e-08
151.717	1	3	7.2037505458e-08
151.717	1	4	8.4628625883e-08
151.717	1	5	9.3776005819e-08
151.717	1	6	1.0105054284e-07
151.717	1	7	1.0728279693e-07
151.717	1	8	1.1301982903e-07
151.717	1	9	1.1884190892e-07
151.717	1	10	1.2642987209e-07
151.717	2	1	1.6596311280e-09
151.717	2	2	1.3630547371e-08
151.717	2	3	3.2869490952e-08
151.717	2	4	5.1523599481e-08
151.717	2	5	6.6831188042e-08
151.717	2	6	7.9207892267e-08
151.717	2	7	8.9784260242e-08
151.717	2	8	9.9510129501e-08
151.717	2	9	1.0937909516e-07
151.717	2	10	1.2224130945e-07
151.717	3	1	1.0551260319e-10
151.717	3	2	2.1822417607e-09
151.717	3	3	1.0309127017e-08
151.717	3	4	2.5274284461e-08
151.717	3	5	4.2659728765e-08
151.717	3	6	5.8429392719e-08
151.717	3	7	7.2052802012e-08
151.717	3	8	8.4525013799e-08
151.717	3	9	9.7163769987e-08
151.717	3	10	1.1363389334e-07
151.717	4	1	-5.3235080032e-12
151.717	4	2	1.7947313810e-11
151.717	4	3	1.4381709548e-09
151.717	4	4	8.3197186523e-09
151.717	4	5	2.2282203506e-08
151.717	4	6	3.9332399803e-08
151.717	4	7	5.5690664927e-08
151.717	4	8	7.0823952100e-08
151.717	4	9	8.6083420948e-08
151.717	4	10	1.0594468915e-07
151.717	5	1	-2.2362652386e-12
151.717	5	2	-7.3502216167e-11
151.717	5	3	-2.2973616415e-10
151.717	5	4	1.1260783891e-09
151.717	5	5	7.6827720473e-09
151.717	5	6	2.0853348584e-08
151.717	5	7	3.7718337799e-08
151.717	5	8	5.4997296081e-08
151.717	5	9	7.2473175077e-08
151.717	5	10	9.5077994797e-08
151.717	6	1	-2.2120639561e-13
151.717	6	2	-1.4371202613e-11
151.717	6	3	-1.2912463545e-10
151.717	6	4	-2.7407593624e-10
151.717	6	5	9.4168851581e-10
151.717	6	6	6.7454821812e-09
151.717	6	7	1.9380514906e-08
151.717	6	8	3.6928901016e-08
151.717	6	9	5.6252086347e-08
151.717	6	10	8.0935022308e-08
151.717	7	1	-9.0610572594e-15
151.717	7	2	-1.1971027242e-12
151.717	7	3	-2.1850125529e-11
151.717	7	4	-1.4617923563e-10
151.717	7	5	-3.9889936961e-10
151.717	7	6	2.1739654352e-10
151.717	7	7	5.1002772370e-09
151.717	7	8	1.8073087543e-08
151.717	7	9	3.8142535146e-08
151.717	7	10	6.4825921007e-08
151.717	8	1	-1.4770942772e-16
151.717	8	2	-4.4091215520e-14
151.717	8	3	-1.6118827921e-12
151.717	8	4	-2.2125415563e-11
151.717	8	5	-1.5747150083e-10
151.717	8	6	-6.1630604850e-10
151.717	8	7	-9.6959280800e-10
151.717	8	8	2.5622321247e-09
151.717	8	9	1.7823724743e-08
151.717	8	10	4.7134782007e-08
151.717	9	1	-6.3493822430e-19
151.717	9	2	-4.5200639689e-16
151.717	9	3	-3.3765864481e-14
151.717	9	4	-9.0766034449e-13
151.717	9	5	-1.3166316371e-11
151.717	9	6	-1.2134130194e-10
151.717	9	7	-7.3553372119e-10
151.717	9	8	-2.5867798756e-09
151.717	9	9	-1.3461853012e-09
151.717	9	10	2.5051906506e-08
151.717	10	1	-1.3634293297e-22
151.717	10	2	-2.6278889124e-19
151.717	10	3	-4.6853655374e-17
151.717	10	4	-2.8461614088e-15
151.717	10	5	-9.2415704586e-14
151.717	10	6	-1.9905907664e-12
151.717	10	7	-3.1629499020e-11
151.717	10	8	-3.7959259709e-10
151.717	10	9	-3.0533593464e-09
151.717	10	10	-1.8422235993e-09
201.785	1	1	1.5196502814e-08
201.785	1	2	3.6125173506e-08
201.785	1	3	4.8899173140e-08
201.785	1	4	5.7325639355e-08
201.785	1	5	6.3450985247e-08
201.785	1	6	6.8322012859e-08
201.785	1	7	7.2495111070e-08
201.785	1	8	7.6336614114e-08
201.785	1	9	8.0235065624e-08
201.785	1	10	8.5315948416e-08
201.785	2	1	1.0899095726e-09
201.785	2	2	9.0036672808e-09
201.785	2	3	2.2040320889e-08
201.785	2	4	3.4866740346e-08
201.785	2	5	4.5389255487e-08
201.785	2	6	5.3884857841e-08
201.785	2	7	6.1144756760e-08
201.785	2	8	6.7821399374e-08
201.785	2	9	7.4596331580e-08
201.785	2	10	8.3426095446e-08
201.785	3	1	6.9879886636e-11
201.785	3	2	1.5127843796e-09
201.785	3	3	7.2739379327e-09
201.785	3	4	1.7753199125e-08
201.785	3	5	2.9684187992e-08
201.785	3	6	4.0401829310e-08
201.785	3	7	4.9653362373e-08
201.785	3	8	5.8127809082e-08
201.785	3	9	6.6716185326e-08
201.785	3	10	7.7908070699e-08
201.785	4	1	-3.5221382718e-12
201.785	4	2	2.5164170561e-11
201.785	4	3	1.0587353754e-09
201.785	4	4	5.7346538558e-09
201.785	4	5	1.4906141768e-08
201.785	4	6	2.5963616929e-08
201.785	4	7	3.6572183755e-08
201.785	4	8	4.6406097370e-08
201.785	4	9	5.6324233160e-08
201.785	4	10	6.9232137650e-08
201.785	5	1	-1.4674579382e-12
201.785	5	2	-4.6512311404e-11
201.785	5	3	-1.3517843970e-10
201.785	5	4	7.5399610533e-10
201.785	5	5	4.9250653658e-09
201.785	5	6	1.3310324169e-08
201.785	5	7	2.4178572847e-08
201.785	5	8	3.5431264361e-08
201.785	5	9	4.6838474402e-08
201.785	5	10	6.1584169163e-08
201.785	6	1	-1.4165117273e-13
201.785	6	2	-9.1158249576e-12
201.785	6	3	-8.2193917915e-11
201.785	6	4	-1.8172376721e-10
201.785	6	5	5.5958315932e-10
201.785	6	6	4.2633828718e-09
201.785	6	7	1.2610876314e-08
201.785	6	8	2.4527591615e-08
201.785	6	9	3.7810822450e-08
201.785	6	10	5.4771036427e-08
201.785	7	1	-5.7595217584e-15
201.785	7	2	-7.7055504042e-13
201.785	7	3	-1.4370415233e-11
201.785	7	4	-9.9444698351e-11
201.785	7	5	-2.9110397789e-10
201.785	7	6	5.3709524831e-11
201.785	7	7	3.3430282327e-09
201.785	7	8	1.2566841623e-08
201.785	7	9	2.7263616280e-08
201.785	7	10	4.6915808617e-08
201.785	8	1	-9.7046059021e-17
201.785	8	2	-2.9777039428e-14
201.785	8	3	-1.1177476955e-12
201.785	8	4	-1.5764741390e-11
201.785	8	5	-1.1572634685e-10
201.785	8	6	-4.7199259641e-10
201.785	8	7	-8.1799192606e-10
201.785	8	8	1.7051403851e-09
201.785	8	9	1.3413991581e-08
201.785	8	10	3.6321590875e-08
201.785	9	1	-4.4893555422e-19
201.785	9	2	-3.2754107089e-16
201.785	9	3	-2.4985440805e-14
201.785	9	4	-6.8459631561e-13
201.785	9	5	-1.0114957692e-11
201.785	9	6	-9.4953987841e-11
201.785	9	7	-5.8647043323e-10
201.785	9	8	-2.1046755294e-09
201.785	9	9	-1.2053403463e-09
201.785	9	10	2.0099002735e-08
201.785	10	1	-1.0574845348e-22
201.785	10	2	-2.0605936957e-19
201.785	10	3	-3.7065478945e-17
201.785	10	4	-2.2684746273e-15
201.785	10	5	-7.4132638073e-14
201.785	10	6	-1.6057081877e-12
201.785	10	7	-2.5635280144e-11
201.785	10	8	-3.0867674426e-10
201.785	10	9	-2.4809365486e-09
201.785	10	10	-1.4116763950e-09
268.377	1	1	1.0788225322e-08
268.377	1	2	2.5154589026e-08
268.377	1	3	3.3809133044e-08
268.377	1	4	3.9501804163e-08
268.377	1	5	4.3637497345e-08
268.377	1	6	4.6926411233e-08
268.377	1	7	4.9744108683e-08
268.377	1	8	5.2337909013e-08
268.377	1	9	5.4970160890e-08
268.377	1	10	5.8400795862e-08
268.377	2	1	7.2926252442e-10
268.377	2	2	6.0050041050e-09
268.377	2	3	1.4609175467e-08
268.377	2	4	2.2996543199e-08
268.377	2	5	2.9874599574e-08
268.377	2	6	3.5435524828e-08
268.377	2	7	4.0187974758e-08
268.377	2	8	4.4558259028e-08
268.377	2	9	4.8992836558e-08
268.377	2	10	5.4772416886e-08
268.377	3	1	4.6924796695e-11
268.377	3	2	9.9163965514e-10
268.377	3	3	4.6897639211e-09
268.377	3	4	1.1432328151e-08
268.377	3	5	1.9232810141e-08
268.377	3	6	2.6313649863e-08
268.377	3	7	3.2434553780e-08
268.377	3	8	3.8038206902e-08
268.377	3	9	4.3716562131e-08
268.377	3	10	5.1116261498e-08
268.377	4	1	-2.2904946459e-12
268.377	4	2	1.0822307378e-11
268.377	4	3	6.4896834531e-10
268.377	4	4	3.7118940357e-09
268.377	4	5	9.9524886583e-09
268.377	4	6	1.7614744111e-08
268.377	4	7	2.4983084631e-08
268.377	4	8	3.1801236541e-08
268.377	4	9	3.8675853707e-08
268.377	4	10	4.7623446114e-08
268.377	5	1	-9.9291724879e-13
268.377	5	2	-3.2886974796e-11
268.377	5	3	-1.0534711167e-10
268.377	5	4	4.9462460355e-10
268.377	5	5	3.4480463386e-09
268.377	5	6	9.4240416160e-09
268.377	5	7	1.7096657185e-08
268.377	5	8	2.4964898873e-08
268.377	5	9	3.2926475983e-08
268.377	5	10	4.3224306472e-08
268.377	6	1	-9.9274290801e-14
268.377	6	2	-6.5042712159e-12
268.377	6	3	-5.8887546183e-11
268.377	6	4	-1.2663014853e-10
268.377	6	5	4.2456244056e-10
268.377	6	6	3.0708593501e-09
268.377	6	7	8.8403807055e-09
268.377	6	8	1.6876527534e-08
268.377	6	9	2.5757694596e-08
268.377	6	10	3.7108493406e-08
268.377	7	1	-4.1156209710e-15
268.377	7	2	-5.4606662284e-13
268.377	7	3	-9.9874151127e-12
268.377	7	4	-6.6940353964e-11
268.377	7	5	-1.8379171529e-10
268.377	7	6	9.0211571129e-11
268.377	7	7	2.3069703035e-09
268.377	7	8	8.2757996530e-09
268.377	7	9	1.7659579237e-08
268.377	7	10	3.0220884698e-08
268.377	8	1	-6.7507705352e-17
268.377	8	2	-2.0179573952e-14
268.377	8	3	-7.3963596477e-13
268.377	8	4	-1.0204648878e-11
268.377	8	5	-7.3360281473e-11
268.377	8	6	-2.9341413007e-10
268.377	8	7	-4.9795081514e-10
268.377	8	8	1.0746155547e-09
268.377	8	9	8.3983781110e-09
268.377	8	10	2.2953135041e-08
268.377	9	1	-2.9230959527e-19
268.377	9	2	-2.0958301229e-16
268.377	9	3	-1.5806730445e-14
268.377	9	4	-4.3019982590e-13
268.377	9	5	-6.3420212311e-12
268.377	9	6	-5.9741961259e-11
268.377	9	7	-3.7365763045e-10
268.377	9	8	-1.3832862460e-09
268.377	9	9	-9.9520365899e-10
268.377	9	10	1.3053808383e-08
268.377	10	1	-6.6354425468e-23
268.377	10	2	-1.2978748875e-19
268.377	10	3	-2.3485501392e-17
268.377	10	4	-1.4489063309e-15
268.377	10	5	-4.7835280777e-14
268.377	10	6	-1.0497965987e-12
268.377	10	7	-1.7062607164e-11
268.377	10	8	-2.1101896886e-10
268.377	10	9	-1.7736316684e-09
268.377	10	10	-1.3277977054e-09
356.945	1	1	7.8331701157e-09
356.945	1	2	1.7965871668e-08
356.945	1	3	2.3959293665e-08
356.945	1	4	2.7886169283e-08
356.945	1	5	3.0737715032e-08
356.945	1	6	3.3005381155e-08
356.945	1	7	3.4948160229e-08
356.945	1	8	3.6736566728e-08
356.945	1	9	3.8551485575e-08
356.945	1	10	4.0916883946e-08
356.945	2	1	4.9658998886e-10
356.945	2	2	4.0406185788e-09
356.945	2	3	9.7632052728e-09
356.945	2	4	1.5329886581e-08
356.945	2	5	1.9895223965e-08
356.945	2	6	2.3584580394e-08
356.945	2	7	2.6737160081e-08
356.945	2	8	2.9636314861e-08
356.945	2	9	3.2578139134e-08
356.945	2	10	3.6412216274e-08
356.945	3	1	3.1189505951e-11
356.945	3	2	6.5402344354e-10
356.945	3	3	3.0980122530e-09
356.945	3	4	7.5730988885e-09
356.945	3	5	1.2740176873e-08
356.945	3	6	1.7409584122e-08
356.945	3	7	2.1440243342e-08
356.945	3	8	2.5131123445e-08
356.945	3	9	2.8871514579e-08
356.945	3	10	3.3745775668e-08
356.945	4	1	-1.5509888657e-12
356.945	4	2	6.9943974791e-12
356.945	4	3	4.3583402115e-10
356.945	4	4	2.4760121046e-09
356.945	4	5	6.5678328498e-09
356.945	4	6	1.1525372035e-08
356.945	4	7	1.6272743036e-08
356.945	4	8	2.0669684080e-08
356.945	4	9	2.5104704227e-08
356.945	4	10	3.0876785117e-08
356.945	5	1	-6.5655249484e-13
356.945	5	2	-2.1319872323e-11
356.945	5	3	-6.4413637982e-11
356.945	5	4	3.3594373130e-10
356.945	5	5	2.2288384999e-09
356.945	5	6	6.0040293358e-09
356.945	5	7	1.0857223749e-08
356.945	5	8	1.5869507751e-08
356.945	5	9	2.0952467207e-08
356.945	5	10	2.7523726997e-08
356.945	6	1	-6.4244634745e-14
356.945	6	2	-4.1336918497e-12
356.945	6	3	-3.6917521891e-11
356.945	6	4	-7.8916174534e-11
356.945	6	5	2.6011187250e-10
356.945	6	6	1.9070251264e-09
356.945	6	7	5.5843895433e-09
356.945	6	8	1.0833878344e-08
356.945	6	9	1.6698089734e-08
356.945	6	10	2.4186642643e-08
356.945	7	1	-2.5979332337e-15
356.945	7	2	-3.4361230932e-13
356.945	7	3	-6.3449052442e-12
356.945	7	4	-4.3588000324e-11
356.945	7	5	-1.2736680009e-10
356.945	7	6	2.0769718097e-11
356.945	7	7	1.4562043694e-09
356.945	7	8	5.5251628527e-09
356.945	7	9	1.2059266802e-08
356.945	7	10	2.0808897132e-08
356.945	8	1	-4.2855444852e-17
356.945	8	2	-1.3081915441e-14
356.945	8	3	-4.9113251886e-13
356.945	8	4	-6.9518445340e-12
356.945	8	5	-5.1381846921e-11
356.945	8	6	-2.1191298433e-10
356.945	8	7	-3.7653871107e-10
356.945	8	8	7.3714076505e-10
356.945	8	9	6.0042533986e-09
356.945	8	10	1.6343643906e-08
356.945	9	1	-1.9771225762e-19
356.945	9	2	-1.4499987297e-16
356.945	9	3	-1.1122443774e-14
356.945	9	4	-3.0640526175e-13
356.945	9	5	-4.5501730502e-12
356.945	9	6	-4.2909075948e-11
356.945	9	7	-2.6596647948e-10
356.945	9	8	-9.5667215857e-10
356.945	9	9	-5.5546453308e-10
356.945	9	10	9.1105194871e-09
356.945	10	1	-4.7689357025e-23
356.945	10	2	-9.3158020076e-20
356.945	10	3	-1.6784834457e-17
356.945	10	4	-1.0283744911e-15
356.945	10	5	-3.3629505346e-14
356.945	10	6	-7.2874412292e-13
356.945	10	7	-1.1640869048e-11
356.945	10	8	-1.4040242646e-10
356.945	10	9	-1.1371036032e-09
356.945	10	10	-7.6157303981e-10
474.742	1	1	5.7438782652e-09
474.742	1	2	1.3063229375e-08
474.742	1	3	1.7321859206e-08
474.742	1	4	2.0100391844e-08
474.742	1	5	2.2116642119e-08
474.742	1	6	2.3720003848e-08
474.742	1	7	2.5093675377e-08
474.742	1	8	2.6358198419e-08
474.742	1	9	2.7641467682e-08
474.742	1	10	2.9313962920e-08
474.742	2	1	3.4746051958e-10
474.742	2	2	2.7893775918e-09
474.742	2	3	6.6831783045e-09
474.742	2	4	1.0442962183e-08
474.742	2	5	1.3515437699e-08
474.742	2	6	1.5996573811e-08
474.742	2	7	1.8116929027e-08
474.742	2	8	2.0066922168e-08
474.742	2	9	2.2045622283e-08
474.742	2	10	2.4624460856e-08
474.742	3	1	2.1377748690e-11
474.742	3	2	4.4304437420e-10
474.742	3	3	2.0797915262e-09
474.742	3	4	5.0448803413e-09
474.742	3	5	8.4438762595e-09
474.742	3	6	1.1508526596e-08
474.742	3	7	1.4154100489e-08
474.742	3	8	1.6577001783e-08
474.742	3	9	1.9032422630e-08
474.742	3	10	2.2232184804e-08
474.742	4	1	-9.8276869868e-13
474.742	4	2	5.9894361203e-12
474.742	4	3	2.9190067838e-10
474.742	4	4	1.6250783369e-09
474.742	4	5	4.2806686087e-09
474.742	4	6	7.4948717813e-09
474.742	4	7	1.0576344261e-08
474.742	4	8	1.3431638806e-08
474.742	4	9	1.6311361847e-08
474.742	4	10	2.0059209736e-08
474.742	5	1	-4.2508822443e-13
474.742	5	2	-1.3719370770e-11
474.742	5	3	-4.1107690216e-11
474.742	5	4	2.1758030815e-10
474.742	5	5	1.4398943969e-09
474.742	5	6	3.8876377208e-09
474.742	5	7	7.0480664715e-09
474.742	5	8	1.0315349253e-08
474.742	5	9	1.3626259532e-08
474.742	5	10	1.7906486435e-08
474.742	6	1	-4.1500411084e-14
474.742	6	2	-2.6729204187e-12
474.742	6	3	-2.3979946510e-11
474.742	6	4	-5.2116481874e-11
474.742	6	5	1.6599172406e-10
474.742	6	6	1.2417385761e-09
474.742	6	7	3.6558210116e-09
474.742	6	8	7.0914427690e-09
474.742	6	9	1.0910894858e-08
474.742	6	10	1.5787132250e-08
474.742	7	1	-1.6835871696e-15
474.742	7	2	-2.2390222503e-13
474.742	7	3	-4.1556305098e-12
474.742	7	4	-2.8637846589e-11
474.742	7	5	-8.3293683074e-11
474.742	7	6	1.8905593120e-11
474.742	7	7	9.7180233193e-10
474.742	7	8	3.6158328467e-09
474.742	7	9	7.7902139526e-09
474.742	7	10	1.3364495014e-08
474.742	8	1	-2.8066278983e-17
474.742	8	2	-8.5852881167e-15
474.742	8	3	-3.2144148751e-13
474.742	8	4	-4.5165349044e-12
474.742	8	5	-3.2938667725e-11
474.742	8	6	-1.3269602066e-10
474.742	8	7	-2.2268087114e-10
474.742	8	8	4.9938646952e-10
474.742	8	9	3.7699125981e-09
474.742	8	10	1.0186752426e-08
474.742	9	1	-1.2878612699e-19
474.742	9	2	-9.3508410582e-17
474.742	9	3	-7.0913422487e-15
474.742	9	4	-1.9304811066e-13
474.742	9	5	-2.8337796581e-12
474.742	9	6	-2.6458326590e-11
474.742	9	7	-1.6325558067e-10
474.742	9	8	-5.9401440972e-10
474.742	9	9	-4.0747735166e-10
474.742	9	10	5.6615605823e-09
474.742	10	1	-2.9527874319e-23
474.742	10	2	-5.7381555489e-20
474.742	10	3	-1.0315422812e-17
474.742	10	4	-6.3240409783e-16
474.742	10	5	-2.0760560396e-14
474.742	10	6	-4.5347443235e-13
474.742	10	7	-7.3480777222e-12
474.742	10	8	-9.0935369262e-11
474.742	10	9	-7.7189140594e-10
474.742	10	10	-6.2415268137e-10
631.413	1	1	4.2065277501e-09
631.413	1	2	9.5903551045e-09
631.413	1	3	1.2693216977e-08
631.413	1	4	1.4710704344e-08
631.413	1	5	1.6173757017e-08
631.413	1	6	1.7337174829e-08
631.413	1	7	1.8333941792e-08
631.413	1	8	1.9251510224e-08
631.413	1	9	2.0182681565e-08
631.413	1	10	2.1396284725e-08
631.413	2	1	2.5115987611e-10
631.413	2	2	1.9916616098e-09
631.413	2	3	4.7298496533e-09
631.413	2	4	7.3501381133e-09
631.413	2	5	9.4825084542e-09
631.413	2	6	1.1202991131e-08
631.413	2	7	1.2673438964e-08
631.413	2	8	1.4025806209e-08
631.413	2	9	1.5398090038e-08
631.413	2	10	1.7186587252e-08
631.413	3	1	1.5188839000e-11
631.413	3	2	3.1002553485e-10
631.413	3	3	1.4381448355e-09
631.413	3	4	3.4568014846e-09
631.413	3	5	5.7514761114e-09
631.413	3	6	7.8141270127e-09
631.413	3	7	9.5940895387e-09
631.413	3	8	1.1224293279e-08
631.413	3	9	1.2876439075e-08
631.413	3	10	1.5029433316e-08
631.413	4	1	-6.3366301956e-13
631.413	4	2	5.0993138545e-12
631.413	4	3	2.0124583517e-10
631.413	4	4	1.0948867242e-09
631.413	4	5	2.8585084504e-09
631.413	4	6	4.9858893588e-09
631.413	4	7	7.0215474179e-09
631.413	4	8	8.9061601246e-09
631.413	4	9	1.0806982541e-08
631.413	4	10	1.3280960281e-08
631.413	5	1	-2.8164162142e-13
631.413	5	2	-9.0030439381e-12
631.413	5	3	-2.6474404969e-11
631.413	5	4	1.4549653780e-10
631.413	5	5	9.5242599301e-10
631.413	5	6	2.5618020170e-09
631.413	5	7	4.6277562412e-09
631.413	5	8	6.7553532359e-09
631.413	5	9	8.9105283488e-09
631.413	5	10	1.1697306942e-08
631.413	6	1	-2.7356319275e-14
631.413	6	2	-1.7574320427e-12
631.413	6	3	-1.5703839213e-11
631.413	6	4	-3.3493142144e-11
631.413	6	5	1.1211485190e-10
631.413	6	6	8.1619890909e-10
631.413	6	7	2.3754521877e-09
631.413	6	8	4.5781423033e-09
631.413	6	9	7.0236656650e-09
631.413	6	10	1.0147210869e-08
631.413	7	1	-1.1057506504e-15
631.413	7	2	-1.4622416288e-13
631.413	7	3	-2.6909140044e-12
631.413	7	4	-1.8323706564e-11
631.413	7	5	-5.2247641070e-11
631.413	7	6	1.6004957717e-11
631.413	7	7	6.2394905143e-10
631.413	7	8	2.2995000652e-09
631.413	7	9	4.9480420185e-09
631.413	7	10	8.4908060811e-09
631.413	8	1	-1.8181113049e-17
631.413	8	2	-5.5081067301e-15
631.413	8	3	-2.0475874788e-13
631.413	8	4	-2.8629843727e-12
631.413	8	5	-2.0827604385e-11
631.413	8	6	-8.4023819993e-11
631.413	8	7	-1.4295396576e-10
631.413	8	8	3.0780626150e-10
631.413	8	9	2.3884423626e-09
631.413	8	10	6.5056301702e-09
631.413	9	1	-8.1725277412e-20
631.413	9	2	-5.9192756846e-17
631.413	9	3	-4.4889856240e-15
631.413	9	4	-1.2242393985e-13
631.413	9	5	-1.8034072460e-12
631.413	9	6	-1.6932829413e-11
631.413	9	7	-1.0535981302e-10
631.413	9	8	-3.8790837052e-10
631.413	9	9	-2.7529342056e-10
631.413	9	10	3.6756791341e-09
631.413	10	1	-1.8840263581e-23
631.413	10	2	-3.6756967483e-20
631.413	10	3	-6.6344769242e-18
631.413	10	4	-4.0839354636e-16
631.413	10	5	-1.3459460856e-14
631.413	10	6	-2.9503279227e-13
631.413	10	7	-4.7923662721e-12
631.413	10	8	-5.9248731651e-11
631.413	10	9	-4.9644616856e-10
631.413	10	10	-3.5169493550e-10
839.787	1	1	3.0254590185e-09
839.787	1	2	6.9868839207e-09
839.787	1	3	9.2695838545e-09
839.787	1	4	1.0751141465e-08
839.787	1	5	1.1825088841e-08
839.787	1	6	1.2679073011e-08
839.787	1	7	1.3410737769e-08
839.787	1	8	1.4084268949e-08
839.787	1	9	1.4767785331e-08
839.787	1	10	1.5658617753e-08
839.787	2	1	1.8513923287e-10
839.787	2	2	1.4567667192e-09
839.787	2	3	3.4368747339e-09
839.787	2	4	5.3167895722e-09
839.787	2	5	6.8407791464e-09
839.787	2	6	8.0693497062e-09
839.787	2	7	9.1194256480e-09
839.787	2	8	1.0085224688e-08
839.787	2	9	1.1065253644e-08
839.787	2	10	1.2342525619e-08
839.787	3	1	1.1090201596e-11
839.787	3	2	2.2348063890e-10
839.787	3	3	1.0249438409e-09
839.787	3	4	2.4419178081e-09
839.787	3	5	4.0393770756e-09
839.787	3	6	5.4697020465e-09
839.787	3	7	6.7030285186e-09
839.787	3	8	7.8326750445e-09
839.787	3	9	8.9775896634e-09
839.787	3	10	1.0469596495e-08
839.787	4	1	-4.1990676612e-13
839.787	4	2	4.2573293869e-12
839.787	4	3	1.4293205360e-10
839.787	4	4	7.6126557151e-10
839.787	4	5	1.9671987843e-09
839.787	4	6	3.4113455318e-09
839.787	4	7	4.7886014086e-09
839.787	4	8	6.0626012140e-09
839.787	4	9	7.3476762998e-09
839.787	4	10	9.0203419087e-09
839.787	5	1	-1.9257457197e-13
839.787	5	2	-6.0776137962e-12
839.787	5	3	-1.7241812731e-11
839.787	5	4	1.0121387497e-10
839.787	5	5	6.4643688196e-10
839.787	5	6	1.7239979716e-09
839.787	5	7	3.0982508906e-09
839.787	5	8	4.5081844316e-09
839.787	5	9	5.9357372615e-09
839.787	5	10	7.7820760370e-09
839.787	6	1	-1.8521594329e-14
839.787	6	2	-1.1793006299e-12
839.787	6	3	-1.0436929618e-11
839.787	6	4	-2.1696397022e-11
839.787	6	5	7.6965377944e-11
839.787	6	6	5.4492158475e-10
839.787	6	7	1.5688404597e-09
839.787	6	8	3.0042248376e-09
839.787	6	9	4.5947257018e-09
839.787	6	10	6.6266713165e-09
839.787	7	1	-7.3905130838e-16
839.787	7	2	-9.6970537269e-14
839.787	7	3	-1.7700011438e-12
839.787	7	4	-1.1920726460e-11
839.787	7	5	-3.3303862320e-11
839.787	7	6	1.3234453028e-11
839.787	7	7	4.0824046545e-10
839.787	7	8	1.4872100702e-09
839.787	7	9	3.1892188972e-09
839.787	7	10	5.4640230488e-09
839.787	8	1	-1.1964476285e-17
839.787	8	2	-3.5927519348e-15
839.787	8	3	-1.3256712521e-13
839.787	8	4	-1.8425143575e-12
839.787	8	5	-1.3344817469e-11
839.787	8	6	-5.3698092964e-11
839.787	8	7	-9.1032642070e-11
839.787	8	8	1.9960745941e-10
839.787	8	9	1.5333747390e-09
839.787	8	10	4.1560494930e-09
839.787	9	1	-5.2671987794e-20
839.787	9	2	-3.8002104954e-17
839.787	9	3	-2.8770946750e-15
839.787	9	4	-7.8408741639e-14
839.787	9	5	-1.1542152364e-12
839.787	9	6	-1.0817623605e-11
839.787	9	7	-6.6984147297e-11
839.787	9	8	-2.4380826033e-10
839.787	9	9	-1.6192148790e-10
839.787	9	10	2.3202467864e-09
839.787	10	1	-1.2051494742e-23
839.787	10	2	-2.3475444410e-20
839.787	10	3	-4.2273754659e-18
839.787	10	4	-2.5941586276e-16
839.787	10	5	-8.5167974404e-15
839.787	10	6	-1.8582997897e-13
839.787	10	7	-3.0019113192e-12
839.787	10	8	-3.6873808062e-11
839.787	10	9	-3.0698335562e-10
839.787	10	10	-2.1961920574e-10
1116.929	1	1	2.1115602439e-09
1116.929	1	2	4.9808715641e-09
1116.929	1	3	6.6495039726e-09
1116.929	1	4	7.7327703059e-09
1116.929	1	5	8.5179132629e-09
1116.929	1	6	9.1422369163e-09
1116.929	1	7	9.6771383854e-09
1116.929	1	8	1.0169540317e-08
1116.929	1	9	1.0669242243e-08
1116.929	1	10	1.1320507775e-08
1116.929	2	1	1.3690520825e-10
1116.929	2	2	1.0757924209e-09
1116.929	2	3	2.5314543451e-09
1116.929	2	4	3.9071180973e-09
1116.929	2	5	5.0194113549e-09
1116.929	2	6	5.9155135429e-09
1116.929	2	7	6.6814426748e-09
1116.929	2	8	7.3859249550e-09
1116.929	2	9	8.1007907931e-09
1116.929	2	10	9.0324758834e-09
1116.929	3	1	8.2048973963e-12
1116.929	3	2	1.6422222949e-10
1116.929	3	3	7.4769881092e-10
1116.929	3	4	1.7700324535e-09
1116.929	3	5	2.9148163321e-09
1116.929	3	6	3.9363409061e-09
1116.929	3	7	4.8164672200e-09
1116.929	3	8	5.6226470582e-09
1116.929	3	9	6.4397675212e-09
1116.929	3	10	7.5046135537e-09
1116.929	4	1	-2.8927705914e-13
1116.929	4	2	3.4682758177e-12
1116.929	4	3	1.0419128978e-10
1116.929	4	4	5.4524951533e-10
1116.929	4	5	1.3964105461e-09
1116.929	4	6	2.4083812923e-09
1116.929	4	7	3.3698443045e-09
1116.929	4	8	4.2584553304e-09
1116.929	4	9	5.1548862207e-09
1116.929	4	10	6.3217593042e-09
1116.929	5	1	-1.3592378303e-13
1116.929	5	2	-4.2391763150e-12
1116.929	5	3	-1.1599068769e-11
1116.929	5	4	7.2699898017e-11
1116.929	5	5	4.5325232630e-10
1116.929	5	6	1.1972580308e-09
1116.929	5	7	2.1390182127e-09
1116.929	5	8	3.1016208066e-09
1116.929	5	9	4.0756629613e-09
1116.929	5	10	5.3357319905e-09
1116.929	6	1	-1.2952591558e-14
1116.929	6	2	-8.1700368779e-13
1116.929	6	3	-7.1482629935e-12
1116.929	6	4	-1.4393238401e-11
1116.929	6	5	5.4544900428e-11
1116.929	6	6	3.7448864321e-10
1116.929	6	7	1.0665935406e-09
1116.929	6	8	2.0291403902e-09
1116.929	6	9	3.0919350766e-09
1116.929	6	10	4.4499094388e-09
1116.929	7	1	-5.0954154787e-16
1116.929	7	2	-6.6212728983e-14
1116.929	7	3	-1.1976437111e-12
1116.929	7	4	-7.9781886872e-12
1116.929	7	5	-2.1838623888e-11
1116.929	7	6	1.1004996041e-11
1116.929	7	7	2.7635957698e-10
1116.929	7	8	9.8995056580e-10
1116.929	7	9	2.1061570921e-09
1116.929	7	10	3.5956794280e-09
1116.929	8	1	-8.0988756654e-18
1116.929	8	2	-2.4112175135e-15
1116.929	8	3	-8.8309492661e-14
1116.929	8	4	-1.2180259501e-12
1116.929	8	5	-8.7429969711e-12
1116.929	8	6	-3.4758667747e-11
1116.929	8	7	-5.7382653843e-11
1116.929	8	8	1.3436953828e-10
1116.929	8	9	9.9854213327e-10
1116.929	8	10	2.6865957548e-09
1116.929	9	1	-3.4896773709e-20
1116.929	9	2	-2.4999399400e-17
1116.929	9	3	-1.8810371126e-15
1116.929	9	4	-5.0982325218e-14
1116.929	9	5	-7.4675872098e-13
1116.929	9	6	-6.9661029790e-12
1116.929	9	7	-4.2912110162e-11
1116.929	9	8	-1.5467722733e-10
1116.929	9	9	-9.4701221226e-11
1116.929	9	10	1.4776407782e-09
1116.929	10	1	-7.7783705223e-24
1116.929	10	2	-1.5111185850e-20
1116.929	10	3	-2.7148158814e-18
1116.929	10	4	-1.6617947115e-16
1116.929	10	5	-5.4386910309e-15
1116.929	10	6	-1.1815440097e-13
1116.929	10	7	-1.8964740545e-12
1116.929	10	8	-2.3071836016e-11
1116.929	10	9	-1.8989801539e-10
1116.929	10	10	-1.3496954229e-10
1485.530	1	1	1.4191376105e-09
1485.530	1	2	3.4376040957e-09
1485.530	1	3	4.6312626819e-09
1485.530	1	4	5.4078787606e-09
1485.530	1	5	5.9708777970e-09
1485.530	1	6	6.4185568906e-09
1485.530	1	7	6.8021135859e-09
1485.530	1	8	7.1551955379e-09
1485.530	1	9	7.5135120358e-09
1485.530	1	10	7.9805087865e-09
1485.530	2	1	9.9758779917e-11
1485.530	2	2	7.8796515576e-10
1485.530	2	3	1.8574863970e-09
1485.530	2	4	2.8678690644e-09
1485.530	2	5	3.6841338192e-09
1485.530	2	6	4.3415391134e-09
1485.530	2	7	4.9034418111e-09
1485.530	2	8	5.4202740870e-09
1485.530	2	9	5.9447256595e-09
1485.530	2	10	6.6282438383e-09
1485.530	3	1	6.0400392736e-12
1485.530	3	2	1.2095428626e-10
1485.530	3	3	5.4979678690e-10
1485.530	3	4	1.2983611915e-09
1485.530	3	5	2.1335508339e-09
1485.530	3	6	2.8772220200e-09
1485.530	3	7	3.5175810978e-09
1485.530	3	8	4.1041477762e-09
1485.530	3	9	4.6986968029e-09
1485.530	3	10	5.4734987043e-09
1485.530	4	1	-2.0747514818e-13
1485.530	4	2	2.6898529306e-12
1485.530	4	3	7.6796304069e-11
1485.530	4	4	3.9797979968e-10
1485.530	4	5	1.0135313617e-09
1485.530	4	6	1.7415579631e-09
1485.530	4	7	2.4312000911e-09
1485.530	4	8	3.0681029506e-09
1485.530	4	9	3.7106598263e-09
1485.530	4	10	4.5471111041e-09
1485.530	5	1	-9.8349617414e-14
1485.530	5	2	-3.0422808663e-12
1485.530	5	3	-8.1016191557e-12
1485.530	5	4	5.3266513857e-11
1485.530	5	5	3.2637398723e-10
1485.530	5	6	8.5572218601e-10
1485.530	5	7	1.5214033561e-09
1485.530	5	8	2.1994405009e-09
1485.530	5	9	2.8851443910e-09
1485.530	5	10	3.7723864539e-09
1485.530	6	1	-9.3084373298e-15
1485.530	6	2	-5.8290484203e-13
1485.530	6	3	-5.0523916775e-12
1485.530	6	4	-9.8881741672e-12
1485.530	6	5	3.9707697842e-11
1485.530	6	6	2.6552996353e-10
1485.530	6	7	7.4868352820e-10
1485.530	6	8	1.4154275710e-09
1485.530	6	9	2.1490711356e-09
1485.530	6	10	3.0865344442e-09
1485.530	7	1	-3.6210753630e-16
1485.530	7	2	-4.6665579774e-14
1485.530	7	3	-8.3701462549e-13
1485.530	7	4	-5.5160991663e-12
1485.530	7	5	-1.4785107376e-11
1485.530	7	6	9.0789248777e-12
1485.530	7	7	1.9318014949e-10
1485.530	7	8	6.8095087228e-10
1485.530	7	9	1.4369461480e-09
1485.530	7	10	2.4433326535e-09
1485.530	8	1	-5.6624063424e-18
1485.530	8	2	-1.6716168127e-15
1485.530	8	3	-6.0764246385e-14
1485.530	8	4	-8.3172575942e-13
1485.530	8	5	-5.9168132304e-12
1485.530	8	6	-2.3222098971e-11
1485.530	8	7	-3.7041315924e-11
1485.530	8	8	9.4588604463e-11
1485.530	8	9	6.7129776395e-10
1485.530	8	10	1.7861570657e-09
1485.530	9	1	-2.3881400120e-20
1485.530	9	2	-1.6988554018e-17
1485.530	9	3	-1.2702421327e-15
1485.530	9	4	-3.4213888305e-14
1485.530	9	5	-4.9780200820e-13
1485.530	9	6	-4.6075587634e-12
1485.530	9	7	-2.8103695593e-11
1485.530	9	8	-9.9852240012e-11
1485.530	9	9	-5.6037454667e-11
1485.530	9	10	9.6183836901e-10
1485.530	10	1	-5.1654579584e-24
1485.530	10	2	-9.9850084520e-21
1485.530	10	3	-1.7854809139e-18
1485.530	10	4	-1.0879065001e-16
1485.530	10	5	-3.5439892355e-15
1485.530	10	6	-7.6618170580e-14
1485.530	10	7	-1.2230235846e-12
1485.530	10	8	-1.4773078617e-11
1485.530	10	9	-1.2011430422e-10
1485.530	10	10	-7.8904962359e-11
1975.775	1	1	9.1132287739e-10
1975.775	1	2	2.2726893543e-09
1975.775	1	3	3.0957187605e-09
1975.775	1	4	3.6332655996e-09
1975.775	1	5	4.0231470479e-09
1975.775	1	6	4.3331700174e-09
1975.775	1	7	4.5987850316e-09
1975.775	1	8	4.8432959033e-09
1975.775	1	9	5.0914317042e-09
1975.775	1	10	5.4148290608e-09
1975.775	2	1	7.0324043850e-11
1975.775	2	2	5.6149789213e-10
1975.775	2	3	1.3312774307e-09
1975.775	2	4	2.0612184982e-09
1975.775	2	5	2.6515063690e-09
1975.775	2	6	3.1269365764e-09
1975.775	2	7	3.5332851511e-09
1975.775	2	8	3.9070385955e-09
1975.775	2	9	4.2863021424e-09
1975.775	2	10	4.7805966638e-09
1975.775	3	1	4.3361579713e-12
1975.775	3	2	8.7475957318e-11
1975.775	3	3	3.9920564325e-10
1975.775	3	4	9.4435986895e-10
1975.775	3	5	1.5526223216e-09
1975.775	3	6	2.0939463240e-09
1975.775	3	7	2.5599388347e-09
1975.775	3	8	2.9867765923e-09
1975.775	3	9	3.4194290842e-09
1975.775	3	10	3.9832528345e-09
1975.775	4	1	-1.5247228162e-13
1975.775	4	2	1.9517419617e-12
1975.775	4	3	5.6044267547e-11
1975.775	4	4	2.9025020867e-10
1975.775	4	5	7.3820410362e-10
1975.775	4	6	1.2668137060e-09
1975.775	4	7	1.7667547586e-09
1975.775	4	8	2.2282349554e-09
1975.775	4	9	2.6938254465e-09
1975.775	4	10	3.2999292821e-09
1975.775	5	1	-7.1636565715e-14
1975.775	5	2	-2.2096531606e-12
1975.775	5	3	-5.8182171921e-12
1975.775	5	4	3.9014283156e-11
1975.775	5	5	2.3723914181e-10
1975.775	5	6	6.1962932757e-10
1975.775	5	7	1.0985299714e-09
1975.775	5	8	1.5851304155e-09
1975.775	5	9	2.0770079498e-09
1975.775	5	10	2.7135465765e-09
1975.775	6	1	-6.7598926424e-15
1975.775	6	2	-4.2179091664e-13
1975.775	6	3	-3.6364560209e-12
1975.775	6	4	-6.9895945659e-12
1975.775	6	5	2.9117808359e-11
1975.775	6	6	1.9152768838e-10
1975.775	6	7	5.3631694049e-10
1975.775	6	8	1.0092889827e-09
1975.775	6	9	1.5282225262e-09
1975.775	6	10	2.1913365089e-09
1975.775	7	1	-2.6142680955e-16
1975.775	7	2	-3.3518402746e-14
1975.775	7	3	-5.9778500231e-13
1975.775	7	4	-3.9086538927e-12
1975.775	7	5	-1.0304543096e-11
1975.775	7	6	7.2598186843e-12
1975.775	7	7	1.3811769106e-10
1975.775	7	8	4.8054003369e-10
1975.775	7	9	1.0068736641e-09
1975.775	7	10	1.7059218592e-09
1975.775	8	1	-4.0451283338e-18
1975.775	8	2	-1.1867779729e-15
1975.775	8	3	-4.2887850594e-14
1975.775	8	4	-5.8335813883e-13
1975.775	8	5	-4.1177244234e-12
1975.775	8	6	-1.5970298486e-11
1975.775	8	7	-2.4620579367e-11
1975.775	8	8	6.8214630911e-11
1975.775	8	9	4.6432190128e-10
1975.775	8	10	1.2220395072e-09
1975.775	9	1	-1.6780821335e-20
1975.775	9	2	-1.1865809138e-17
1975.775	9	3	-8.8219106256e-16
1975.775	9	4	-2.3623509806e-14
1975.775	9	5	-3.4150649897e-13
1975.775	9	6	-3.1367034856e-12
1975.775	9	7	-1.8942193905e-11
1975.775	9	8	-6.6261003491e-11
1975.775	9	9	-3.3135669497e-11
1975.775	9	10	6.4373208561e-10
1975.775	10	1	-3.5304298238e-24
1975.775	10	2	-6.7908374730e-21
1975.775	10	3	-1.2086330248e-18
1975.775	10	4	-7.3296211872e-17
1975.775	10	5	-2.3759015582e-15
1975.775	10	6	-5.1080962729e-14
1975.775	10	7	-8.0985431362e-13
1975.775	10	8	-9.6905546789e-12
1975.775	10	9	-7.7601483627e-11
1975.775	10	10	-4.5736886218e-11
2627.808	1	1	5.6190105739e-10
2627.808	1	2	1.4410058602e-09
2627.808	1	3	1.9854856355e-09
2627.808	1	4	2.3429031165e-09
2627.808	1	5	2.6023286843e-09
2627.808	1	6	2.8086196999e-09
2627.808	1	7	2.9853588041e-09
2627.808	1	8	3.1480550124e-09
2627.808	1	9	3.3131632052e-09
2627.808	1	10	3.5283500124e-09
2627.808	2	1	4.7552171883e-11
2627.808	2	2	3.8536798412e-10
2627.808	2	3	9.2185750236e-10
2627.808	2	4	1.4342741760e-09
2627.808	2	5	1.8497465733e-09
2627.808	2	6	2.1845080823e-09
2627.808	2	7	2.4706102637e-09
2627.808	2	8	2.7337564214e-09
2627.808	2	9	3.0007814215e-09
2627.808	2	10	3.3487953107e-09
2627.808	3	1	3.0016590567e-12
2627.808	3	2	6.1355908087e-11
2627.808	3	3	2.8250026873e-10
2627.808	3	4	6.7195403025e-10
2627.808	3	5	1.1080334034e-09
2627.808	3	6	1.4965504682e-09
2627.808	3	7	1.8310200529e-09
2627.808	3	8	2.1373685012e-09
2627.808	3	9	2.4478870620e-09
2627.808	3	10	2.8525483191e-09
2627.808	4	1	-1.1285665105e-13
2627.808	4	2	1.3099978853e-12
2627.808	4	3	3.9934360421e-11
2627.808	4	4	2.0851498655e-10
2627.808	4	5	5.3193049348e-10
2627.808	4	6	9.1396510023e-10
2627.808	4	7	1.2752868138e-09
2627.808	4	8	1.6087604828e-09
2627.808	4	9	1.9451964781e-09
2627.808	4	10	2.3831708402e-09
2627.808	5	1	-5.1778271711e-14
2627.808	5	2	-1.6016607158e-12
2627.808	5	3	-4.2455926287e-12
2627.808	5	4	2.8143006709e-11
2627.808	5	5	1.7164903639e-10
2627.808	5	6	4.4847076430e-10
2627.808	5	7	7.9483937642e-10
2627.808	5	8	1.1464543847e-09
2627.808	5	9	1.5017899980e-09
2627.808	5	10	1.9616547186e-09
2627.808	6	1	-4.8920479168e-15
2627.808	6	2	-3.0543574505e-13
2627.808	6	3	-2.6325186059e-12
2627.808	6	4	-5.0419555979e-12
2627.808	6	5	2.1181077725e-11
2627.808	6	6	1.3875573016e-10
2627.808	6	7	3.8762341975e-10
2627.808	6	8	7.2802395201e-10
2627.808	6	9	1.1008804266e-09
2627.808	6	10	1.5773131178e-09
2627.808	7	1	-1.8927387275e-16
2627.808	7	2	-2.4243902011e-14
2627.808	7	3	-4.3159717944e-13
2627.808	7	4	-2.8129465160e-12
2627.808	7	5	-7.3561213104e-12
2627.808	7	6	5.5338970819e-12
2627.808	7	7	9.9902719807e-11
2627.808	7	8	3.4507670511e-10
2627.808	7	9	7.1989027081e-10
2627.808	7	10	1.2168549835e-09
2627.808	8	1	-2.9208419120e-18
2627.808	8	2	-8.5469480044e-16
2627.808	8	3	-3.0797196334e-14
2627.808	8	4	-4.1744069128e-13
2627.808	8	5	-2.9326022993e-12
2627.808	8	6	-1.1284535668e-11
2627.808	8	7	-1.6971038507e-11
2627.808	8	8	4.9807968126e-11
2627.808	8	9	3.2935583225e-10
2627.808	8	10	8.5963398610e-10
2627.808	9	1	-1.2020763337e-20
2627.808	9	2	-8.4694050712e-18
2627.808	9	3	-6.2737847149e-16
2627.808	9	4	-1.6733256851e-14
2627.808	9	5	-2.4078112693e-13
2627.808	9	6	-2.1987196704e-12
2627.808	9	7	-1.3172022886e-11
2627.808	9	8	-4.5465163871e-11
2627.808	9	9	-2.0248215172e-11
2627.808	9	10	4.4487809496e-10
2627.808	10	1	-2.4822273872e-24
2627.808	10	2	-4.7564584006e-21
2627.808	10	3	-8.4339178226e-19
2627.808	10	4	-5.0947900921e-17
2627.808	10	5	-1.6445260146e-15
2627.808	10	6	-3.5185144261e-14
2627.808	10	7	-5.5441496871e-13
2627.808	10	8	-6.5756482909e-12
2627.808	10	9	-5.1866047828e-11
2627.808	10	10	-2.6807790804e-11
