#ell	tomo_i	tomo_j	Cell_ll
11.650	1	1	8.9655852258e-09
11.650	1	2	1.2545206253e-08
11.650	1	3	1.3756619061e-08
11.650	1	4	1.4484182521e-08
11.650	1	5	1.5006599525e-08
11.650	1	6	1.5421954571e-08
11.650	1	7	1.5777879224e-08
11.650	1	8	1.6105532154e-08
11.650	1	9	1.6438040635e-08
11.650	1	10	1.6871403338e-08
11.650	2	1	1.2545206253e-08
11.650	2	2	1.9314845214e-08
11.650	2	3	2.2047570787e-08
11.650	2	4	2.3727753189e-08
11.650	2	5	2.4934916021e-08
11.650	2	6	2.5894188917e-08
11.650	2	7	2.6716223422e-08
11.650	2	8	2.7472981079e-08
11.650	2	9	2.8240958362e-08
11.650	2	10	2.9241871532e-08
11.650	3	1	1.3756619061e-08
11.650	3	2	2.2047570787e-08
11.650	3	3	2.5808237419e-08
11.650	3	4	2.8228500849e-08
11.650	3	5	2.9982130034e-08
11.650	3	6	3.1373646543e-08
11.650	3	7	3.2565415284e-08
11.650	3	8	3.3662576833e-08
11.650	3	9	3.4776032054e-08
11.650	3	10	3.6227213155e-08
11.650	4	1	1.4484182521e-08
11.650	4	2	2.3727753189e-08
11.650	4	3	2.8228500849e-08
11.650	4	4	3.1281093899e-08
11.650	4	5	3.3552955219e-08
11.650	4	6	3.5361653012e-08
11.650	4	7	3.6907370732e-08
11.650	4	8	3.8329460564e-08
11.650	4	9	3.9772700275e-08
11.650	4	10	4.1653738945e-08
11.650	5	1	1.5006599525e-08
11.650	5	2	2.4934916021e-08
11.650	5	3	2.9982130034e-08
11.650	5	4	3.3552955219e-08
11.650	5	5	3.6315191991e-08
11.650	5	6	3.8552881868e-08
11.650	5	7	4.0465700775e-08
11.650	5	8	4.2221232739e-08
11.650	5	9	4.4001967058e-08
11.650	5	10	4.6323089704e-08
11.650	6	1	1.5421954571e-08
11.650	6	2	2.5894188917e-08
11.650	6	3	3.1373646543e-08
11.650	6	4	3.5361653012e-08
11.650	6	5	3.8552881868e-08
11.650	6	6	4.1212340767e-08
11.650	6	7	4.3512230602e-08
11.650	6	8	4.5619863278e-08
11.650	6	9	4.7751910030e-08
11.650	6	10	5.0530649186e-08
11.650	7	1	1.5777879224e-08
11.650	7	2	2.6716223422e-08
11.650	7	3	3.2565415284e-08
11.650	7	4	3.6907370732e-08
11.650	7	5	4.0465700775e-08
11.650	7	6	4.3512230602e-08
11.650	7	7	4.6210872433e-08
11.650	7	8	4.8707676399e-08
11.650	7	9	5.1220831561e-08
11.650	7	10	5.4486887498e-08
11.650	8	1	1.6105532154e-08
11.650	8	2	2.7472981079e-08
11.650	8	3	3.3662576833e-08
11.650	8	4	3.8329460564e-08
11.650	8	5	4.2221232739e-08
11.650	8	6	4.5619863278e-08
11.650	8	7	4.8707676399e-08
11.650	8	8	5.1642239832e-08
11.650	8	9	5.4613977535e-08
11.650	8	10	5.8426407993e-08
11.650	9	1	1.6438040635e-08
11.650	9	2	2.8240958362e-08
11.650	9	3	3.4776032054e-08
11.650	9	4	3.9772700275e-08
11.650	9	5	4.4001967058e-08
11.650	9	6	4.7751910030e-08
11.650	9	7	5.1220831561e-08
11.650	9	8	5.4613977535e-08
11.650	9	9	5.8193313255e-08
11.650	9	10	6.2743296990e-08
11.650	10	1	1.6871403338e-08
11.650	10	2	2.9241871532e-08
11.650	10	3	3.6227213155e-08
11.650	10	4	4.1653738945e-08
11.650	10	5	4.6323089704e-08
11.650	10	6	5.0530649186e-08
11.650	10	7	5.4486887498e-08
11.650	10	8	5.8426407993e-08
11.650	10	9	6.2743296990e-08
11.650	10	10	6.8750319896e-08
15.495	1	1	7.1468529140e-09
15.495	1	2	1.0241918498e-08
15.495	1	3	1.1317529016e-08
15.495	1	4	1.1964152077e-08
15.495	1	5	1.2428438931e-08
15.495	1	6	1.2797574353e-08
15.495	1	7	1.3113893383e-08
15.495	1	8	1.3405086673e-08
15.495	1	9	1.3700595484e-08
15.495	1	10	1.4085735864e-08
15.495	2	1	1.0241918498e-08
15.495	2	2	1.6352894515e-08
15.495	2	3	1.8924514251e-08
15.495	2	4	2.0512702997e-08
15.495	2	5	2.1653827949e-08
15.495	2	6	2.2560515489e-08
15.495	2	7	2.3337491871e-08
15.495	2	8	2.4052773709e-08
15.495	2	9	2.4778661260e-08
15.495	2	10	2.5724718101e-08
15.495	3	1	1.1317529016e-08
15.495	3	2	1.8924514251e-08
15.495	3	3	2.2557827299e-08
15.495	3	4	2.4920297589e-08
15.495	3	5	2.6634314216e-08
15.495	3	6	2.7993899283e-08
15.495	3	7	2.9158200639e-08
15.495	3	8	3.0230085231e-08
15.495	3	9	3.1317894436e-08
15.495	3	10	3.2735651106e-08
15.495	4	1	1.1964152077e-08
15.495	4	2	2.0512702997e-08
15.495	4	3	2.4920297589e-08
15.495	4	4	2.7958991776e-08
15.495	4	5	3.0231792448e-08
15.495	4	6	3.2041580112e-08
15.495	4	7	3.3587552690e-08
15.495	4	8	3.5009727707e-08
15.495	4	9	3.6453065754e-08
15.495	4	10	3.8334241581e-08
15.495	5	1	1.2428438931e-08
15.495	5	2	2.1653827949e-08
15.495	5	3	2.6634314216e-08
15.495	5	4	3.0231792448e-08
15.495	5	5	3.3041643473e-08
15.495	5	6	3.5323836429e-08
15.495	5	7	3.7274067665e-08
15.495	5	8	3.9063097223e-08
15.495	5	9	4.0877669913e-08
15.495	5	10	4.3242945723e-08
15.495	6	1	1.2797574353e-08
15.495	6	2	2.2560515489e-08
15.495	6	3	2.7993899283e-08
15.495	6	4	3.2041580112e-08
15.495	6	5	3.5323836429e-08
15.495	6	6	3.8075706548e-08
15.495	6	7	4.0458615326e-08
15.495	6	8	4.2640978880e-08
15.495	6	9	4.4847562234e-08
15.495	6	10	4.7723442015e-08
15.495	7	1	1.3113893383e-08
15.495	7	2	2.3337491871e-08
15.495	7	3	2.9158200639e-08
15.495	7	4	3.3587552690e-08
15.495	7	5	3.7274067665e-08
15.495	7	6	4.0458615326e-08
15.495	7	7	4.3291448431e-08
15.495	7	8	4.5914256815e-08
15.495	7	9	4.8551276340e-08
15.495	7	10	5.1976858030e-08
15.495	8	1	1.3405086673e-08
15.495	8	2	2.4052773709e-08
15.495	8	3	3.0230085231e-08
15.495	8	4	3.5009727707e-08
15.495	8	5	3.9063097223e-08
15.495	8	6	4.2640978880e-08
15.495	8	7	4.5914256815e-08
15.495	8	8	4.9037250797e-08
15.495	8	9	5.2198999722e-08
15.495	8	10	5.6246560335e-08
15.495	9	1	1.3700595484e-08
15.495	9	2	2.4778661260e-08
15.495	9	3	3.1317894436e-08
15.495	9	4	3.6453065754e-08
15.495	9	5	4.0877669913e-08
15.495	9	6	4.4847562234e-08
15.495	9	7	4.8551276340e-08
15.495	9	8	5.2198999722e-08
15.495	9	9	5.6064256456e-08
15.495	9	10	6.0962617543e-08
15.495	10	1	1.4085735864e-08
15.495	10	2	2.5724718101e-08
15.495	10	3	3.2735651106e-08
15.495	10	4	3.8334241581e-08
15.495	10	5	4.3242945723e-08
15.495	10	6	4.7723442015e-08
15.495	10	7	5.1976858030e-08
15.495	10	8	5.6246560335e-08
15.495	10	9	6.0962617543e-08
15.495	10	10	6.7571311097e-08
20.608	1	1	5.4768831809e-09
20.608	1	2	8.0024210379e-09
20.608	1	3	8.9010596924e-09
20.608	1	4	9.4419127369e-09
20.608	1	5	9.8302406756e-09
20.608	1	6	1.0138981181e-08
20.608	1	7	1.0403547453e-08
20.608	1	8	1.0647098828e-08
20.608	1	9	1.0894259880e-08
20.608	1	10	1.1216387948e-08
20.608	2	1	8.0024210379e-09
20.608	2	2	1.3179786485e-08
20.608	2	3	1.5450014772e-08
20.608	2	4	1.6859624662e-08
20.608	2	5	1.7872475979e-08
20.608	2	6	1.8677110187e-08
20.608	2	7	1.9366637622e-08
20.608	2	8	2.0001419582e-08
20.608	2	9	2.0645614596e-08
20.608	2	10	2.1485200567e-08
20.608	3	1	8.9010596924e-09
20.608	3	2	1.5450014772e-08
20.608	3	3	1.8748611523e-08
20.608	3	4	2.0920243422e-08
20.608	3	5	2.2498371400e-08
20.608	3	6	2.3749548201e-08
20.608	3	7	2.4820861876e-08
20.608	3	8	2.5807151729e-08
20.608	3	9	2.6808102182e-08
20.608	3	10	2.8112655478e-08
20.608	4	1	9.4419127369e-09
20.608	4	2	1.6859624662e-08
20.608	4	3	2.0920243422e-08
20.608	4	4	2.3775698560e-08
20.608	4	5	2.5924798831e-08
20.608	4	6	2.7636493810e-08
20.608	4	7	2.9097825346e-08
20.608	4	8	3.0441944922e-08
20.608	4	9	3.1806080395e-08
20.608	4	10	3.3584039673e-08
20.608	5	1	9.8302406756e-09
20.608	5	2	1.7872475979e-08
20.608	5	3	2.2498371400e-08
20.608	5	4	2.5924798831e-08
20.608	5	5	2.8633544478e-08
20.608	5	6	3.0840978724e-08
20.608	5	7	3.2726554118e-08
20.608	5	8	3.4455194877e-08
20.608	5	9	3.6208330548e-08
20.608	5	10	3.8493584834e-08
20.608	6	1	1.0138981181e-08
20.608	6	2	1.8677110187e-08
20.608	6	3	2.3749548201e-08
20.608	6	4	2.7636493810e-08
20.608	6	5	3.0840978724e-08
20.608	6	6	3.3548348675e-08
20.608	6	7	3.5896733602e-08
20.608	6	8	3.8045747131e-08
20.608	6	9	4.0217208559e-08
20.608	6	10	4.3047304535e-08
20.608	7	1	1.0403547453e-08
20.608	7	2	1.9366637622e-08
20.608	7	3	2.4820861876e-08
20.608	7	4	2.9097825346e-08
20.608	7	5	3.2726554118e-08
20.608	7	6	3.5896733602e-08
20.608	7	7	3.8732168267e-08
20.608	7	8	4.1359829239e-08
20.608	7	9	4.3997790344e-08
20.608	7	10	4.7422639720e-08
20.608	8	1	1.0647098828e-08
20.608	8	2	2.0001419582e-08
20.608	8	3	2.5807151729e-08
20.608	8	4	3.0441944922e-08
20.608	8	5	3.4455194877e-08
20.608	8	6	3.8045747131e-08
20.608	8	7	4.1359829239e-08
20.608	8	8	4.4537775705e-08
20.608	8	9	4.7754095326e-08
20.608	8	10	5.1859818379e-08
20.608	9	1	1.0894259880e-08
20.608	9	2	2.0645614596e-08
20.608	9	3	2.6808102182e-08
20.608	9	4	3.1806080395e-08
20.608	9	5	3.6208330548e-08
20.608	9	6	4.0217208559e-08
20.608	9	7	4.3997790344e-08
20.608	9	8	4.7754095326e-08
20.608	9	9	5.1757815111e-08
20.608	9	10	5.6811146105e-08
20.608	10	1	1.1216387948e-08
20.608	10	2	2.1485200567e-08
20.608	10	3	2.8112655478e-08
20.608	10	4	3.3584039673e-08
20.608	10	5	3.8493584834e-08
20.608	10	6	4.3047304535e-08
20.608	10	7	4.7422639720e-08
20.608	10	8	5.1859818379e-08
20.608	10	9	5.6811146105e-08
20.608	10	10	6.3812766685e-08
27.409	1	1	4.0806670464e-09
27.409	1	2	6.0503432765e-09
27.409	1	3	6.7625763442e-09
27.409	1	4	7.1917170076e-09
27.409	1	5	7.4998207442e-09
27.409	1	6	7.7447756047e-09
27.409	1	7	7.9546835456e-09
27.409	1	8	8.1479182247e-09
27.409	1	9	8.3440169304e-09
27.409	1	10	8.5995947547e-09
27.409	2	1	6.0503432765e-09
27.409	2	2	1.0192871736e-08
27.409	2	3	1.2069509579e-08
27.409	2	4	1.3241440395e-08
27.409	2	5	1.4083507553e-08
27.409	2	6	1.4752320699e-08
27.409	2	7	1.5325461564e-08
27.409	2	8	1.5853103428e-08
27.409	2	9	1.6388570391e-08
27.409	2	10	1.7086449924e-08
27.409	3	1	6.7625763442e-09
27.409	3	2	1.2069509579e-08
27.409	3	3	1.4867169373e-08
27.409	3	4	1.6734695088e-08
27.409	3	5	1.8094400328e-08
27.409	3	6	1.9171705672e-08
27.409	3	7	2.0093969123e-08
27.409	3	8	2.0943050781e-08
27.409	3	9	2.1804762137e-08
27.409	3	10	2.2927844253e-08
27.409	4	1	7.1917170076e-09
27.409	4	2	1.3241440395e-08
27.409	4	3	1.6734695088e-08
27.409	4	4	1.9247105470e-08
27.409	4	5	2.1152200307e-08
27.409	4	6	2.2669979140e-08
27.409	4	7	2.3964783864e-08
27.409	4	8	2.5155503651e-08
27.409	4	9	2.6363971102e-08
27.409	4	10	2.7939054076e-08
27.409	5	1	7.4998207442e-09
27.409	5	2	1.4083507553e-08
27.409	5	3	1.8094400328e-08
27.409	5	4	2.1152200307e-08
27.409	5	5	2.3604866555e-08
27.409	5	6	2.5611952491e-08
27.409	5	7	2.7325530074e-08
27.409	5	8	2.8895201669e-08
27.409	5	9	3.0486884438e-08
27.409	5	10	3.2561756261e-08
27.409	6	1	7.7447756047e-09
27.409	6	2	1.4752320699e-08
27.409	6	3	1.9171705672e-08
27.409	6	4	2.2669979140e-08
27.409	6	5	2.5611952491e-08
27.409	6	6	2.8121313580e-08
27.409	6	7	3.0302777168e-08
27.409	6	8	3.2296972174e-08
27.409	6	9	3.4310258509e-08
27.409	6	10	3.6934186435e-08
27.409	7	1	7.9546835456e-09
27.409	7	2	1.5325461564e-08
27.409	7	3	2.0093969123e-08
27.409	7	4	2.3964783864e-08
27.409	7	5	2.7325530074e-08
27.409	7	6	3.0302777168e-08
27.409	7	7	3.2984157602e-08
27.409	7	8	3.5472103307e-08
27.409	7	9	3.7964886127e-08
27.409	7	10	4.1198748365e-08
27.409	8	1	8.1479182247e-09
27.409	8	2	1.5853103428e-08
27.409	8	3	2.0943050781e-08
27.409	8	4	2.5155503651e-08
27.409	8	5	2.8895201669e-08
27.409	8	6	3.2296972174e-08
27.409	8	7	3.5472103307e-08
27.409	8	8	3.8536657163e-08
27.409	8	9	4.1636891975e-08
27.409	8	10	4.5579408130e-08
27.409	9	1	8.3440169304e-09
27.409	9	2	1.6388570391e-08
27.409	9	3	2.1804762137e-08
27.409	9	4	2.6363971102e-08
27.409	9	5	3.0486884438e-08
27.409	9	6	3.4310258509e-08
27.409	9	7	3.7964886127e-08
27.409	9	8	4.1636891975e-08
27.409	9	9	4.5580540626e-08
27.409	9	10	5.0531543876e-08
27.409	10	1	8.5995947547e-09
27.409	10	2	1.7086449924e-08
27.409	10	3	2.2927844253e-08
27.409	10	4	2.7939054076e-08
27.409	10	5	3.2561756261e-08
27.409	10	6	3.6934186435e-08
27.409	10	7	4.1198748365e-08
27.409	10	8	4.5579408130e-08
27.409	10	9	5.0531543876e-08
27.409	10	10	5.7616773694e-08
36.455	1	1	2.9671363449e-09
36.455	1	2	4.4602006061e-09
36.455	1	3	5.0053910974e-09
36.455	1	4	5.3341114543e-09
36.455	1	5	5.5701030098e-09
36.455	1	6	5.7577231105e-09
36.455	1	7	5.9185001314e-09
36.455	1	8	6.0665064391e-09
36.455	1	9	6.2167065681e-09
36.455	1	10	6.4124641699e-09
36.455	2	1	4.4602006061e-09
36.455	2	2	7.6501356661e-09
36.455	2	3	9.1215142055e-09
36.455	2	4	1.0044237111e-08
36.455	2	5	1.0707147626e-08
36.455	2	6	1.1233532840e-08
36.455	2	7	1.1684623071e-08
36.455	2	8	1.2099908704e-08
36.455	2	9	1.2521354065e-08
36.455	2	10	1.3070627997e-08
36.455	3	1	5.0053910974e-09
36.455	3	2	9.1215142055e-09
36.455	3	3	1.1352143725e-08
36.455	3	4	1.2858244346e-08
36.455	3	5	1.3956622125e-08
36.455	3	6	1.4826200447e-08
36.455	3	7	1.5570459804e-08
36.455	3	8	1.6255673293e-08
36.455	3	9	1.6951087916e-08
36.455	3	10	1.7857434079e-08
36.455	4	1	5.3341114543e-09
36.455	4	2	1.0044237111e-08
36.455	4	3	1.2858244346e-08
36.455	4	4	1.4922863234e-08
36.455	4	5	1.6500469443e-08
36.455	4	6	1.7757723855e-08
36.455	4	7	1.8829302938e-08
36.455	4	8	1.9814498064e-08
36.455	4	9	2.0814393492e-08
36.455	4	10	2.2117646009e-08
36.455	5	1	5.5701030098e-09
36.455	5	2	1.0707147626e-08
36.455	5	3	1.3956622125e-08
36.455	5	4	1.6500469443e-08
36.455	5	5	1.8572904073e-08
36.455	5	6	2.0277140884e-08
36.455	5	7	2.1731328972e-08
36.455	5	8	2.3062023447e-08
36.455	5	9	2.4411118085e-08
36.455	5	10	2.6169842122e-08
36.455	6	1	5.7577231105e-09
36.455	6	2	1.1233532840e-08
36.455	6	3	1.4826200447e-08
36.455	6	4	1.7757723855e-08
36.455	6	5	2.0277140884e-08
36.455	6	6	2.2450292810e-08
36.455	6	7	2.4344708707e-08
36.455	6	8	2.6074272266e-08
36.455	6	9	2.7818432782e-08
36.455	6	10	3.0091578814e-08
36.455	7	1	5.9185001314e-09
36.455	7	2	1.1684623071e-08
36.455	7	3	1.5570459804e-08
36.455	7	4	1.8829302938e-08
36.455	7	5	2.1731328972e-08
36.455	7	6	2.4344708707e-08
36.455	7	7	2.6718362186e-08
36.455	7	8	2.8924185450e-08
36.455	7	9	3.1128688800e-08
36.455	7	10	3.3985610850e-08
36.455	8	1	6.0665064391e-09
36.455	8	2	1.2099908704e-08
36.455	8	3	1.6255673293e-08
36.455	8	4	1.9814498064e-08
36.455	8	5	2.3062023447e-08
36.455	8	6	2.6074272266e-08
36.455	8	7	2.8924185450e-08
36.455	8	8	3.1697112250e-08
36.455	8	9	3.4500794893e-08
36.455	8	10	3.8048304712e-08
36.455	9	1	6.2167065681e-09
36.455	9	2	1.2521354065e-08
36.455	9	3	1.6951087916e-08
36.455	9	4	2.0814393492e-08
36.455	9	5	2.4411118085e-08
36.455	9	6	2.7818432782e-08
36.455	9	7	3.1128688800e-08
36.455	9	8	3.4500794893e-08
36.455	9	9	3.8157340054e-08
36.455	9	10	4.2715914050e-08
36.455	10	1	6.4124641699e-09
36.455	10	2	1.3070627997e-08
36.455	10	3	1.7857434079e-08
36.455	10	4	2.2117646009e-08
36.455	10	5	2.6169842122e-08
36.455	10	6	3.0091578814e-08
36.455	10	7	3.3985610850e-08
36.455	10	8	3.8048304712e-08
36.455	10	9	4.2715914050e-08
36.455	10	10	4.9494885463e-08
48.485	1	1	2.1035006470e-09
48.485	1	2	3.2044041351e-09
48.485	1	3	3.6118504837e-09
48.485	1	4	3.8575821501e-09
48.485	1	5	4.0339855811e-09
48.485	1	6	4.1742297718e-09
48.485	1	7	4.2944093504e-09
48.485	1	8	4.4050429382e-09
48.485	1	9	4.5173165958e-09
48.485	1	10	4.6636439764e-09
48.485	2	1	3.2044041351e-09
48.485	2	2	5.6059640255e-09
48.485	2	3	6.7279080234e-09
48.485	2	4	7.4324700901e-09
48.485	2	5	7.9385326930e-09
48.485	2	6	8.3402913369e-09
48.485	2	7	8.6845822837e-09
48.485	2	8	9.0015489156e-09
48.485	2	9	9.3232177462e-09
48.485	2	10	9.7424516803e-09
48.485	3	1	3.6118504837e-09
48.485	3	2	6.7279080234e-09
48.485	3	3	8.4411657334e-09
48.485	3	4	9.6038397810e-09
48.485	3	5	1.0452448535e-08
48.485	3	6	1.1123832418e-08
48.485	3	7	1.1698333860e-08
48.485	3	8	1.2227261804e-08
48.485	3	9	1.2764070963e-08
48.485	3	10	1.3463704719e-08
48.485	4	1	3.8575821501e-09
48.485	4	2	7.4324700901e-09
48.485	4	3	9.6038397810e-09
48.485	4	4	1.1213815383e-08
48.485	4	5	1.2450465339e-08
48.485	4	6	1.3436159088e-08
48.485	4	7	1.4275563702e-08
48.485	4	8	1.5047096436e-08
48.485	4	9	1.5830152211e-08
48.485	4	10	1.6850793029e-08
48.485	5	1	4.0339855811e-09
48.485	5	2	7.9385326930e-09
48.485	5	3	1.0452448535e-08
48.485	5	4	1.2450465339e-08
48.485	5	5	1.4097072809e-08
48.485	5	6	1.5456801053e-08
48.485	5	7	1.6616419229e-08
48.485	5	8	1.7676396777e-08
48.485	5	9	1.8750786959e-08
48.485	5	10	2.0151474012e-08
48.485	6	1	4.1742297718e-09
48.485	6	2	8.3402913369e-09
48.485	6	3	1.1123832418e-08
48.485	6	4	1.3436159088e-08
48.485	6	5	1.5456801053e-08
48.485	6	6	1.7217283652e-08
48.485	6	7	1.8756371132e-08
48.485	6	8	2.0159602821e-08
48.485	6	9	2.1572801919e-08
48.485	6	10	2.3414567845e-08
48.485	7	1	4.2944093504e-09
48.485	7	2	8.6845822837e-09
48.485	7	3	1.1698333860e-08
48.485	7	4	1.4275563702e-08
48.485	7	5	1.6616419229e-08
48.485	7	6	1.8756371132e-08
48.485	7	7	2.0717410045e-08
48.485	7	8	2.2543171796e-08
48.485	7	9	2.4362313584e-08
48.485	7	10	2.6716752868e-08
48.485	8	1	4.4050429382e-09
48.485	8	2	9.0015489156e-09
48.485	8	3	1.2227261804e-08
48.485	8	4	1.5047096436e-08
48.485	8	5	1.7676396777e-08
48.485	8	6	2.0159602821e-08
48.485	8	7	2.2543171796e-08
48.485	8	8	2.4884192108e-08
48.485	8	9	2.7249699600e-08
48.485	8	10	3.0223908585e-08
48.485	9	1	4.5173165958e-09
48.485	9	2	9.3232177462e-09
48.485	9	3	1.2764070963e-08
48.485	9	4	1.5830152211e-08
48.485	9	5	1.8750786959e-08
48.485	9	6	2.1572801919e-08
48.485	9	7	2.4362313584e-08
48.485	9	8	2.7249699600e-08
48.485	9	9	3.0417328123e-08
48.485	9	10	3.4331916842e-08
48.485	10	1	4.6636439764e-09
48.485	10	2	9.7424516803e-09
48.485	10	3	1.3463704719e-08
48.485	10	4	1.6850793029e-08
48.485	10	5	2.0151474012e-08
48.485	10	6	2.3414567845e-08
48.485	10	7	2.6716752868e-08
48.485	10	8	3.0223908585e-08
48.485	10	9	3.4331916842e-08
48.485	10	10	4.0409033647e-08
64.486	1	1	1.4614990806e-09
64.486	1	2	2.2379475435e-09
64.486	1	3	2.5308448024e-09
64.486	1	4	2.7076269460e-09
64.486	1	5	2.8345297910e-09
64.486	1	6	2.9354192097e-09
64.486	1	7	3.0218745984e-09
64.486	1	8	3.1014628133e-09
64.486	1	9	3.1822307952e-09
64.486	1	10	3.2874966192e-09
64.486	2	1	2.2379475435e-09
64.486	2	2	3.9810125676e-09
64.486	2	3	4.8180760512e-09
64.486	2	4	5.3445674219e-09
64.486	2	5	5.7226816354e-09
64.486	2	6	6.0228320653e-09
64.486	2	7	6.2800477853e-09
64.486	2	8	6.5168511788e-09
64.486	2	9	6.7571676052e-09
64.486	2	10	7.0703744230e-09
64.486	3	1	2.5308448024e-09
64.486	3	2	4.8180760512e-09
64.486	3	3	6.1117036642e-09
64.486	3	4	6.9912523461e-09
64.486	3	5	7.6331994030e-09
64.486	3	6	8.1409055631e-09
64.486	3	7	8.5752918003e-09
64.486	3	8	8.9752189799e-09
64.486	3	9	9.3811079333e-09
64.486	3	10	9.9101117546e-09
64.486	4	1	2.7076269460e-09
64.486	4	2	5.3445674219e-09
64.486	4	3	6.9912523461e-09
64.486	4	4	8.2151933476e-09
64.486	4	5	9.1564447160e-09
64.486	4	6	9.9066464788e-09
64.486	4	7	1.0545196133e-08
64.486	4	8	1.1132005803e-08
64.486	4	9	1.1727582261e-08
64.486	4	10	1.2503870072e-08
64.486	5	1	2.8345297910e-09
64.486	5	2	5.7226816354e-09
64.486	5	3	7.6331994030e-09
64.486	5	4	9.1564447160e-09
64.486	5	5	1.0416229783e-08
64.486	5	6	1.1458582825e-08
64.486	5	7	1.2347275739e-08
64.486	5	8	1.3158972976e-08
64.486	5	9	1.3981547337e-08
64.486	5	10	1.5053987224e-08
64.486	6	1	2.9354192097e-09
64.486	6	2	6.0228320653e-09
64.486	6	3	8.1409055631e-09
64.486	6	4	9.9066464788e-09
64.486	6	5	1.1458582825e-08
64.486	6	6	1.2817986917e-08
64.486	6	7	1.4008798716e-08
64.486	6	8	1.5093379643e-08
64.486	6	9	1.6184414435e-08
64.486	6	10	1.7606258855e-08
64.486	7	1	3.0218745984e-09
64.486	7	2	6.2800477853e-09
64.486	7	3	8.5752918003e-09
64.486	7	4	1.0545196133e-08
64.486	7	5	1.2347275739e-08
64.486	7	6	1.4008798716e-08
64.486	7	7	1.5541101067e-08
64.486	7	8	1.6969822242e-08
64.486	7	9	1.8389447389e-08
64.486	7	10	2.0224366261e-08
64.486	8	1	3.1014628133e-09
64.486	8	2	6.5168511788e-09
64.486	8	3	8.9752189799e-09
64.486	8	4	1.1132005803e-08
64.486	8	5	1.3158972976e-08
64.486	8	6	1.5093379643e-08
64.486	8	7	1.6969822242e-08
64.486	8	8	1.8827160973e-08
64.486	8	9	2.0702672824e-08
64.486	8	10	2.3045112556e-08
64.486	9	1	3.1822307952e-09
64.486	9	2	6.7571676052e-09
64.486	9	3	9.3811079333e-09
64.486	9	4	1.1727582261e-08
64.486	9	5	1.3981547337e-08
64.486	9	6	1.6184414435e-08
64.486	9	7	1.8389447389e-08
64.486	9	8	2.0702672824e-08
64.486	9	9	2.3269136809e-08
64.486	9	10	2.6409833087e-08
64.486	10	1	3.2874966192e-09
64.486	10	2	7.0703744230e-09
64.486	10	3	9.9101117546e-09
64.486	10	4	1.2503870072e-08
64.486	10	5	1.5053987224e-08
64.486	10	6	1.7606258855e-08
64.486	10	7	2.0224366261e-08
64.486	10	8	2.3045112556e-08
64.486	10	9	2.6409833087e-08
64.486	10	10	3.1489949446e-08
85.767	1	1	1.0167289814e-09
85.767	1	2	1.5489613715e-09
85.767	1	3	1.7508468139e-09
85.767	1	4	1.8728671481e-09
85.767	1	5	1.9604572495e-09
85.767	1	6	2.0300917879e-09
85.767	1	7	2.0897640494e-09
85.767	1	8	2.1446965213e-09
85.767	1	9	2.2004433439e-09
85.767	1	10	2.2730987405e-09
85.767	2	1	1.5489613715e-09
85.767	2	2	2.7542017941e-09
85.767	2	3	3.3478657972e-09
85.767	2	4	3.7237065094e-09
85.767	2	5	3.9936818542e-09
85.767	2	6	4.2079652672e-09
85.767	2	7	4.3915973021e-09
85.767	2	8	4.5606574160e-09
85.767	2	9	4.7322258163e-09
85.767	2	10	4.9558324951e-09
85.767	3	1	1.7508468139e-09
85.767	3	2	3.3478657972e-09
85.767	3	3	4.2872821390e-09
85.767	3	4	4.9338239696e-09
85.767	3	5	5.4063529569e-09
85.767	3	6	5.7799877420e-09
85.767	3	7	6.0996410482e-09
85.767	3	8	6.3939366374e-09
85.767	3	9	6.6926204038e-09
85.767	3	10	7.0819014330e-09
85.767	4	1	1.8728671481e-09
85.767	4	2	3.7237065094e-09
85.767	4	3	4.9338239696e-09
85.767	4	4	5.8474107012e-09
85.767	4	5	6.5519553184e-09
85.767	4	6	7.1134953631e-09
85.767	4	7	7.5913642212e-09
85.767	4	8	8.0304794835e-09
85.767	4	9	8.4761538112e-09
85.767	4	10	9.0570581822e-09
85.767	5	1	1.9604572495e-09
85.767	5	2	3.9936818542e-09
85.767	5	3	5.4063529569e-09
85.767	5	4	6.5519553184e-09
85.767	5	5	7.5027079347e-09
85.767	5	6	8.2896495747e-09
85.767	5	7	8.9604547314e-09
85.767	5	8	9.5729769680e-09
85.767	5	9	1.0193649533e-08
85.767	5	10	1.1002869608e-08
85.767	6	1	2.0300917879e-09
85.767	6	2	4.2079652672e-09
85.767	6	3	5.7799877420e-09
85.767	6	4	7.1134953631e-09
85.767	6	5	8.2896495747e-09
85.767	6	6	9.3205792735e-09
85.767	6	7	1.0223850231e-08
85.767	6	8	1.1046206352e-08
85.767	6	9	1.1873018774e-08
85.767	6	10	1.2950479575e-08
85.767	7	1	2.0897640494e-09
85.767	7	2	4.3915973021e-09
85.767	7	3	6.0996410482e-09
85.767	7	4	7.5913642212e-09
85.767	7	5	8.9604547314e-09
85.767	7	6	1.0223850231e-08
85.767	7	7	1.1390373301e-08
85.767	7	8	1.2478465569e-08
85.767	7	9	1.3558101354e-08
85.767	7	10	1.4952415780e-08
85.767	8	1	2.1446965213e-09
85.767	8	2	4.5606574160e-09
85.767	8	3	6.3939366374e-09
85.767	8	4	8.0304794835e-09
85.767	8	5	9.5729769680e-09
85.767	8	6	1.1046206352e-08
85.767	8	7	1.2478465569e-08
85.767	8	8	1.3900377329e-08
85.767	8	9	1.5335511534e-08
85.767	8	10	1.7120020870e-08
85.767	9	1	2.2004433439e-09
85.767	9	2	4.7322258163e-09
85.767	9	3	6.6926204038e-09
85.767	9	4	8.4761538112e-09
85.767	9	5	1.0193649533e-08
85.767	9	6	1.1873018774e-08
85.767	9	7	1.3558101354e-08
85.767	9	8	1.5335511534e-08
85.767	9	9	1.7320760767e-08
85.767	9	10	1.9732895113e-08
85.767	10	1	2.2730987405e-09
85.767	10	2	4.9558324951e-09
85.767	10	3	7.0819014330e-09
85.767	10	4	9.0570581822e-09
85.767	10	5	1.1002869608e-08
85.767	10	6	1.2950479575e-08
85.767	10	7	1.4952415780e-08
85.767	10	8	1.7120020870e-08
85.767	10	9	1.9732895113e-08
85.767	10	10	2.3738769676e-08
114.071	1	1	7.1246758163e-10
114.071	1	2	1.0772050038e-09
114.071	1	3	1.2150438523e-09
114.071	1	4	1.2983272416e-09
114.071	1	5	1.3581047215e-09
114.071	1	6	1.4056272605e-09
114.071	1	7	1.4463511671e-09
114.071	1	8	1.4838404241e-09
114.071	1	9	1.5218854084e-09
114.071	1	10	1.5714698497e-09
114.071	2	1	1.0772050038e-09
114.071	2	2	1.8982991321e-09
114.071	2	3	2.3006187743e-09
114.071	2	4	2.5558291886e-09
114.071	2	5	2.7391051650e-09
114.071	2	6	2.8845287158e-09
114.071	2	7	3.0091528593e-09
114.071	2	8	3.1238895289e-09
114.071	2	9	3.2403286444e-09
114.071	2	10	3.3920848958e-09
114.071	3	1	1.2150438523e-09
114.071	3	2	2.3006187743e-09
114.071	3	3	2.9399653828e-09
114.071	3	4	3.3848694640e-09
114.071	3	5	3.7108054426e-09
114.071	3	6	3.9683085618e-09
114.071	3	7	4.1885584222e-09
114.071	3	8	4.3913415680e-09
114.071	3	9	4.5971507215e-09
114.071	3	10	4.8653866578e-09
114.071	4	1	1.2983272416e-09
114.071	4	2	2.5558291886e-09
114.071	4	3	3.3848694640e-09
114.071	4	4	4.0249881235e-09
114.071	4	5	4.5235656248e-09
114.071	4	6	4.9211605647e-09
114.071	4	7	5.2592391485e-09
114.071	4	8	5.5698467076e-09
114.071	4	9	5.8850981073e-09
114.071	4	10	6.2960087700e-09
114.071	5	1	1.3581047215e-09
114.071	5	2	2.7391051650e-09
114.071	5	3	3.7108054426e-09
114.071	5	4	4.5235656248e-09
114.071	5	5	5.2103781899e-09
114.071	5	6	5.7814165655e-09
114.071	5	7	6.2679425109e-09
114.071	5	8	6.7119365889e-09
114.071	5	9	7.1618001233e-09
114.071	5	10	7.7483338203e-09
114.071	6	1	1.4056272605e-09
114.071	6	2	2.8845287158e-09
114.071	6	3	3.9683085618e-09
114.071	6	4	4.9211605647e-09
114.071	6	5	5.7814165655e-09
114.071	6	6	6.5418138277e-09
114.071	6	7	7.2088211403e-09
114.071	6	8	7.8157195179e-09
114.071	6	9	8.4256888054e-09
114.071	6	10	9.2205589846e-09
114.071	7	1	1.4463511671e-09
114.071	7	2	3.0091528593e-09
114.071	7	3	4.1885584222e-09
114.071	7	4	5.2592391485e-09
114.071	7	5	6.2679425109e-09
114.071	7	6	7.2088211403e-09
114.071	7	7	8.0800501836e-09
114.071	7	8	8.8928132863e-09
114.071	7	9	9.6987872720e-09
114.071	7	10	1.0739380535e-08
114.071	8	1	1.4838404241e-09
114.071	8	2	3.1238895289e-09
114.071	8	3	4.3913415680e-09
114.071	8	4	5.5698467076e-09
114.071	8	5	6.7119365889e-09
114.071	8	6	7.8157195179e-09
114.071	8	7	8.8928132863e-09
114.071	8	8	9.9631475958e-09
114.071	8	9	1.1043155416e-08
114.071	8	10	1.2384406314e-08
114.071	9	1	1.5218854084e-09
114.071	9	2	3.2403286444e-09
114.071	9	3	4.5971507215e-09
114.071	9	4	5.8850981073e-09
114.071	9	5	7.1618001233e-09
114.071	9	6	8.4256888054e-09
114.071	9	7	9.6987872720e-09
114.071	9	8	1.1043155416e-08
114.071	9	9	1.2546311905e-08
114.071	9	10	1.4368456778e-08
114.071	10	1	1.5714698497e-09
114.071	10	2	3.3920848958e-09
114.071	10	3	4.8653866578e-09
114.071	10	4	6.2960087700e-09
114.071	10	5	7.7483338203e-09
114.071	10	6	9.2205589846e-09
114.071	10	7	1.0739380535e-08
114.071	10	8	1.2384406314e-08
114.071	10	9	1.4368456778e-08
114.071	10	10	1.7423739842e-08
151.717	1	1	5.0601364194e-10
151.717	1	2	7.5680310456e-10
151.717	1	3	8.5120834589e-10
151.717	1	4	9.0825404386e-10
151.717	1	5	9.4919854344e-10
151.717	1	6	9.8174881401e-10
151.717	1	7	1.0096423865e-09
151.717	1	8	1.0353204331e-09
151.717	1	9	1.0613791107e-09
151.717	1	10	1.0953416704e-09
151.717	2	1	7.5680310456e-10
151.717	2	2	1.3179247603e-09
151.717	2	3	1.5929811436e-09
151.717	2	4	1.7671597501e-09
151.717	2	5	1.8921757360e-09
151.717	2	6	1.9913563636e-09
151.717	2	7	2.0763500849e-09
151.717	2	8	2.1546012725e-09
151.717	2	9	2.2340136734e-09
151.717	2	10	2.3375126500e-09
151.717	3	1	8.5120834589e-10
151.717	3	2	1.5929811436e-09
151.717	3	3	2.0287433324e-09
151.717	3	4	2.3300652381e-09
151.717	3	5	2.5504093891e-09
151.717	3	6	2.7243604803e-09
151.717	3	7	2.8731054451e-09
151.717	3	8	3.0100550785e-09
151.717	3	9	3.1490506804e-09
151.717	3	10	3.3302073784e-09
151.717	4	1	9.0825404386e-10
151.717	4	2	1.7671597501e-09
151.717	4	3	2.3300652381e-09
151.717	4	4	2.7609569695e-09
151.717	4	5	3.0964489936e-09
151.717	4	6	3.3639570442e-09
151.717	4	7	3.5911870393e-09
151.717	4	8	3.7998783733e-09
151.717	4	9	4.0116954621e-09
151.717	4	10	4.2877917611e-09
151.717	5	1	9.4919854344e-10
151.717	5	2	1.8921757360e-09
151.717	5	3	2.5504093891e-09
151.717	5	4	3.0964489936e-09
151.717	5	5	3.5602697367e-09
151.717	5	6	3.9478351038e-09
151.717	5	7	4.2779296710e-09
151.717	5	8	4.5787255160e-09
151.717	5	9	4.8834124551e-09
151.717	5	10	5.2806956264e-09
151.717	6	1	9.8174881401e-10
151.717	6	2	1.9913563636e-09
151.717	6	3	2.7243604803e-09
151.717	6	4	3.3639570442e-09
151.717	6	5	3.9478351038e-09
151.717	6	6	4.4707803364e-09
151.717	6	7	4.9316628465e-09
151.717	6	8	5.3503431612e-09
151.717	6	9	5.7704902393e-09
151.717	6	10	6.3180048396e-09
151.717	7	1	1.0096423865e-09
151.717	7	2	2.0763500849e-09
151.717	7	3	2.8731054451e-09
151.717	7	4	3.5911870393e-09
151.717	7	5	4.2779296710e-09
151.717	7	6	4.9316628465e-09
151.717	7	7	5.5448180012e-09
151.717	7	8	6.1183183109e-09
151.717	7	9	6.6853339714e-09
151.717	7	10	7.4166217823e-09
151.717	8	1	1.0353204331e-09
151.717	8	2	2.1546012725e-09
151.717	8	3	3.0100550785e-09
151.717	8	4	3.7998783733e-09
151.717	8	5	4.5787255160e-09
151.717	8	6	5.3503431612e-09
151.717	8	7	6.1183183109e-09
151.717	8	8	6.8894703254e-09
151.717	8	9	7.6673868775e-09
151.717	8	10	8.6295093625e-09
151.717	9	1	1.0613791107e-09
151.717	9	2	2.2340136734e-09
151.717	9	3	3.1490506804e-09
151.717	9	4	4.0116954621e-09
151.717	9	5	4.8834124551e-09
151.717	9	6	5.7704902393e-09
151.717	9	7	6.6853339714e-09
151.717	9	8	7.6673868775e-09
151.717	9	9	8.7739439122e-09
151.717	9	10	1.0110454825e-08
151.717	10	1	1.0953416704e-09
151.717	10	2	2.3375126500e-09
151.717	10	3	3.3302073784e-09
151.717	10	4	4.2877917611e-09
151.717	10	5	5.2806956264e-09
151.717	10	6	6.3180048396e-09
151.717	10	7	7.4166217823e-09
151.717	10	8	8.6295093625e-09
151.717	10	9	1.0110454825e-08
151.717	10	10	1.2402508631e-08
201.785	1	1	3.6441274280e-10
201.785	1	2	5.3976044090e-10
201.785	1	3	6.0500270749e-10
201.785	1	4	6.4440597967e-10
201.785	1	5	6.7268826858e-10
201.785	1	6	6.9517246067e-10
201.785	1	7	7.1443999773e-10
201.785	1	8	7.3217715699e-10
201.785	1	9	7.5017722319e-10
201.785	1	10	7.7363691472e-10
201.785	2	1	5.3976044090e-10
201.785	2	2	9.2514441383e-10
201.785	2	3	1.1113900129e-09
201.785	2	4	1.2293980909e-09
201.785	2	5	1.3141376012e-09
201.785	2	6	1.3813730037e-09
201.785	2	7	1.4389909487e-09
201.785	2	8	1.4920376381e-09
201.785	2	9	1.5458714561e-09
201.785	2	10	1.6160336176e-09
201.785	3	1	6.0500270749e-10
201.785	3	2	1.1113900129e-09
201.785	3	3	1.4056516142e-09
201.785	3	4	1.6101162249e-09
201.785	3	5	1.7598733182e-09
201.785	3	6	1.8781508307e-09
201.785	3	7	1.9792973140e-09
201.785	3	8	2.0724197439e-09
201.785	3	9	2.1669326645e-09
201.785	3	10	2.2901139239e-09
201.785	4	1	6.4440597967e-10
201.785	4	2	1.2293980909e-09
201.785	4	3	1.6101162249e-09
201.785	4	4	1.9037383006e-09
201.785	4	5	2.1324663699e-09
201.785	4	6	2.3147953290e-09
201.785	4	7	2.4697119597e-09
201.785	4	8	2.6119858331e-09
201.785	4	9	2.7563859124e-09
201.785	4	10	2.9446072304e-09
201.785	5	1	6.7268826858e-10
201.785	5	2	1.3141376012e-09
201.785	5	3	1.7598733182e-09
201.785	5	4	2.1324663699e-09
201.785	5	5	2.4478165669e-09
201.785	5	6	2.7103848998e-09
201.785	5	7	2.9339420594e-09
201.785	5	8	3.1376294119e-09
201.785	5	9	3.3439129811e-09
201.785	5	10	3.6128935414e-09
201.785	6	1	6.9517246067e-10
201.785	6	2	1.3813730037e-09
201.785	6	3	1.8781508307e-09
201.785	6	4	2.3147953290e-09
201.785	6	5	2.7103848998e-09
201.785	6	6	3.0620886282e-09
201.785	6	7	3.3715689749e-09
201.785	6	8	3.6525324820e-09
201.785	6	9	3.9341528545e-09
201.785	6	10	4.3011100055e-09
201.785	7	1	7.1443999773e-10
201.785	7	2	1.4389909487e-09
201.785	7	3	1.9792973140e-09
201.785	7	4	2.4697119597e-09
201.785	7	5	2.9339420594e-09
201.785	7	6	3.3715689749e-09
201.785	7	7	3.7815443428e-09
201.785	7	8	4.1652888590e-09
201.785	7	9	4.5433910980e-09
201.785	7	10	5.0300716189e-09
201.785	8	1	7.3217715699e-10
201.785	8	2	1.4920376381e-09
201.785	8	3	2.0724197439e-09
201.785	8	4	2.6119858331e-09
201.785	8	5	3.1376294119e-09
201.785	8	6	3.6525324820e-09
201.785	8	7	4.1652888590e-09
201.785	8	8	4.6838696359e-09
201.785	8	9	5.2065202297e-09
201.785	8	10	5.8463934823e-09
201.785	9	1	7.5017722319e-10
201.785	9	2	1.5458714561e-09
201.785	9	3	2.1669326645e-09
201.785	9	4	2.7563859124e-09
201.785	9	5	3.3439129811e-09
201.785	9	6	3.9341528545e-09
201.785	9	7	4.5433910980e-09
201.785	9	8	5.2065202297e-09
201.785	9	9	5.9659995413e-09
201.785	9	10	6.8708739385e-09
201.785	10	1	7.7363691472e-10
201.785	10	2	1.6160336176e-09
201.785	10	3	2.2901139239e-09
201.785	10	4	2.9446072304e-09
201.785	10	5	3.6128935414e-09
201.785	10	6	4.3011100055e-09
201.785	10	7	5.0300716189e-09
201.785	10	8	5.8463934823e-09
201.785	10	9	6.8708739385e-09
201.785	10	10	8.5005301030e-09
268.377	1	1	2.6439799838e-10
268.377	1	2	3.8955564144e-10
268.377	1	3	4.3556836012e-10
268.377	1	4	4.6334397633e-10
268.377	1	5	4.8328098658e-10
268.377	1	6	4.9913076765e-10
268.377	1	7	5.1271300284e-10
268.377	1	8	5.2521643806e-10
268.377	1	9	5.3790519202e-10
268.377	1	10	5.5444259809e-10
268.377	2	1	3.8955564144e-10
268.377	2	2	6.5958677707e-10
268.377	2	3	7.8787715445e-10
268.377	2	4	8.6896296598e-10
268.377	2	5	9.2717152181e-10
268.377	2	6	9.7335414347e-10
268.377	2	7	1.0129303709e-09
268.377	2	8	1.0493668953e-09
268.377	2	9	1.0863440864e-09
268.377	2	10	1.1345368465e-09
268.377	3	1	4.3556836012e-10
268.377	3	2	7.8787715445e-10
268.377	3	3	9.8837472891e-10
268.377	3	4	1.1267322080e-09
268.377	3	5	1.2278751883e-09
268.377	3	6	1.3077283907e-09
268.377	3	7	1.3760116228e-09
268.377	3	8	1.4388798650e-09
268.377	3	9	1.5026872567e-09
268.377	3	10	1.5858491580e-09
268.377	4	1	4.6334397633e-10
268.377	4	2	8.6896296598e-10
268.377	4	3	1.1267322080e-09
268.377	4	4	1.3234483590e-09
268.377	4	5	1.4763331992e-09
268.377	4	6	1.5982118766e-09
268.377	4	7	1.7017466482e-09
268.377	4	8	1.7968345254e-09
268.377	4	9	1.8933461199e-09
268.377	4	10	2.0191457663e-09
268.377	5	1	4.8328098658e-10
268.377	5	2	9.2717152181e-10
268.377	5	3	1.2278751883e-09
268.377	5	4	1.4763331992e-09
268.377	5	5	1.6867630771e-09
268.377	5	6	1.8625471971e-09
268.377	5	7	2.0122869467e-09
268.377	5	8	2.1487246230e-09
268.377	5	9	2.2869165560e-09
268.377	5	10	2.4671057144e-09
268.377	6	1	4.9913076765e-10
268.377	6	2	9.7335414347e-10
268.377	6	3	1.3077283907e-09
268.377	6	4	1.5982118766e-09
268.377	6	5	1.8625471971e-09
268.377	6	6	2.0993481434e-09
268.377	6	7	2.3081515090e-09
268.377	6	8	2.4977895665e-09
268.377	6	9	2.6879917223e-09
268.377	6	10	2.9358229980e-09
268.377	7	1	5.1271300284e-10
268.377	7	2	1.0129303709e-09
268.377	7	3	1.3760116228e-09
268.377	7	4	1.7017466482e-09
268.377	7	5	2.0122869467e-09
268.377	7	6	2.3081515090e-09
268.377	7	7	2.5859875322e-09
268.377	7	8	2.8458847942e-09
268.377	7	9	3.1023860658e-09
268.377	7	10	3.4327164554e-09
268.377	8	1	5.2521643806e-10
268.377	8	2	1.0493668953e-09
268.377	8	3	1.4388798650e-09
268.377	8	4	1.7968345254e-09
268.377	8	5	2.1487246230e-09
268.377	8	6	2.4977895665e-09
268.377	8	7	2.8458847942e-09
268.377	8	8	3.1961687729e-09
268.377	8	9	3.5490844793e-09
268.377	8	10	3.9818651078e-09
268.377	9	1	5.3790519202e-10
268.377	9	2	1.0863440864e-09
268.377	9	3	1.5026872567e-09
268.377	9	4	1.8933461199e-09
268.377	9	5	2.2869165560e-09
268.377	9	6	2.6879917223e-09
268.377	9	7	3.1023860658e-09
268.377	9	8	3.5490844793e-09
268.377	9	9	4.0572762950e-09
268.377	9	10	4.6611296741e-09
268.377	10	1	5.5444259809e-10
268.377	10	2	1.1345368465e-09
268.377	10	3	1.5858491580e-09
268.377	10	4	2.0191457663e-09
268.377	10	5	2.4671057144e-09
268.377	10	6	2.9358229980e-09
268.377	10	7	3.4327164554e-09
268.377	10	8	3.9818651078e-09
268.377	10	9	4.6611296741e-09
268.377	10	10	5.7469370906e-09
356.945	1	1	1.9178842865e-10
356.945	1	2	2.8295037588e-10
356.945	1	3	3.1614743625e-10
356.945	1	4	3.3617300584e-10
356.945	1	5	3.5054749455e-10
356.945	1	6	3.6197523507e-10
356.945	1	7	3.7176805058e-10
356.945	1	8	3.8078304677e-10
356.945	1	9	3.8993165214e-10
356.945	1	10	4.0185514418e-10
356.945	2	1	2.8295037588e-10
356.945	2	2	4.7678588191e-10
356.945	2	3	5.6719213682e-10
356.945	2	4	6.2414635644e-10
356.945	2	5	6.6503189562e-10
356.945	2	6	6.9747609866e-10
356.945	2	7	7.2527946457e-10
356.945	2	8	7.5087685974e-10
356.945	2	9	7.7685403755e-10
356.945	2	10	8.1071036944e-10
356.945	3	1	3.1614743625e-10
356.945	3	2	5.6719213682e-10
356.945	3	3	7.0660392818e-10
356.945	3	4	8.0218049854e-10
356.945	3	5	8.7201696964e-10
356.945	3	6	9.2718578213e-10
356.945	3	7	9.7436991204e-10
356.945	3	8	1.0178112706e-09
356.945	3	9	1.0619010379e-09
356.945	3	10	1.1193643997e-09
356.945	4	1	3.3617300584e-10
356.945	4	2	6.2414635644e-10
356.945	4	3	8.0218049854e-10
356.945	4	4	9.3685986698e-10
356.945	4	5	1.0413224312e-09
356.945	4	6	1.1246120232e-09
356.945	4	7	1.1954002723e-09
356.945	4	8	1.2604169093e-09
356.945	4	9	1.3264045386e-09
356.945	4	10	1.4124171098e-09
356.945	5	1	3.5054749455e-10
356.945	5	2	6.6503189562e-10
356.945	5	3	8.7201696964e-10
356.945	5	4	1.0413224312e-09
356.945	5	5	1.1840285638e-09
356.945	5	6	1.3029080647e-09
356.945	5	7	1.4041468819e-09
356.945	5	8	1.4964039515e-09
356.945	5	9	1.5898379627e-09
356.945	5	10	1.7116682072e-09
356.945	6	1	3.6197523507e-10
356.945	6	2	6.9747609866e-10
356.945	6	3	9.2718578213e-10
356.945	6	4	1.1246120232e-09
356.945	6	5	1.3029080647e-09
356.945	6	6	1.4615100448e-09
356.945	6	7	1.6009912578e-09
356.945	6	8	1.7276174248e-09
356.945	6	9	1.8545478674e-09
356.945	6	10	2.0199373708e-09
356.945	7	1	3.7176805058e-10
356.945	7	2	7.2527946457e-10
356.945	7	3	9.7436991204e-10
356.945	7	4	1.1954002723e-09
356.945	7	5	1.4041468819e-09
356.945	7	6	1.6009912578e-09
356.945	7	7	1.7850350383e-09
356.945	7	8	1.9571554986e-09
356.945	7	9	2.1267278667e-09
356.945	7	10	2.3449738364e-09
356.945	8	1	3.8078304677e-10
356.945	8	2	7.5087685974e-10
356.945	8	3	1.0178112706e-09
356.945	8	4	1.2604169093e-09
356.945	8	5	1.4964039515e-09
356.945	8	6	1.7276174248e-09
356.945	8	7	1.9571554986e-09
356.945	8	8	2.1889523707e-09
356.945	8	9	2.4225250544e-09
356.945	8	10	2.7082542859e-09
356.945	9	1	3.8993165214e-10
356.945	9	2	7.7685403755e-10
356.945	9	3	1.0619010379e-09
356.945	9	4	1.3264045386e-09
356.945	9	5	1.5898379627e-09
356.945	9	6	1.8545478674e-09
356.945	9	7	2.1267278667e-09
356.945	9	8	2.4225250544e-09
356.945	9	9	2.7618396045e-09
356.945	9	10	3.1655878555e-09
356.945	10	1	4.0185514418e-10
356.945	10	2	8.1071036944e-10
356.945	10	3	1.1193643997e-09
356.945	10	4	1.4124171098e-09
356.945	10	5	1.7116682072e-09
356.945	10	6	2.0199373708e-09
356.945	10	7	2.3449738364e-09
356.945	10	8	2.7082542859e-09
356.945	10	9	3.1655878555e-09
356.945	10	10	3.8971033339e-09
474.742	1	1	1.3711441381e-10
474.742	1	2	2.0395540720e-10
474.742	1	3	2.2819592895e-10
474.742	1	4	2.4281125867e-10
474.742	1	5	2.5330274433e-10
474.742	1	6	2.6164359076e-10
474.742	1	7	2.6879112373e-10
474.742	1	8	2.7537094109e-10
474.742	1	9	2.8204827532e-10
474.742	1	10	2.9075093003e-10
474.742	2	1	2.0395540720e-10
474.742	2	2	3.4521114872e-10
474.742	2	3	4.1024086455e-10
474.742	2	4	4.5109327222e-10
474.742	2	5	4.8042479963e-10
474.742	2	6	5.0370490017e-10
474.742	2	7	5.2365485896e-10
474.742	2	8	5.4202175975e-10
474.742	2	9	5.6066114338e-10
474.742	2	10	5.8495405096e-10
474.742	3	1	2.2819592895e-10
474.742	3	2	4.1024086455e-10
474.742	3	3	5.0937266576e-10
474.742	3	4	5.7686597923e-10
474.742	3	5	6.2613910768e-10
474.742	3	6	6.6508390205e-10
474.742	3	7	6.9839680353e-10
474.742	3	8	7.2906676113e-10
474.742	3	9	7.6019427787e-10
474.742	3	10	8.0076355925e-10
474.742	4	1	2.4281125867e-10
474.742	4	2	4.5109327222e-10
474.742	4	3	5.7686597923e-10
474.742	4	4	6.7090933796e-10
474.742	4	5	7.4352043706e-10
474.742	4	6	8.0139797116e-10
474.742	4	7	8.5061220796e-10
474.742	4	8	8.9581980892e-10
474.742	4	9	9.4170266933e-10
474.742	4	10	1.0015089565e-09
474.742	5	1	2.5330274433e-10
474.742	5	2	4.8042479963e-10
474.742	5	3	6.2613910768e-10
474.742	5	4	7.4352043706e-10
474.742	5	5	8.4156676265e-10
474.742	5	6	9.2301056321e-10
474.742	5	7	9.9238548754e-10
474.742	5	8	1.0556390025e-09
474.742	5	9	1.1197105954e-09
474.742	5	10	1.2032529513e-09
474.742	6	1	2.6164359076e-10
474.742	6	2	5.0370490017e-10
474.742	6	3	6.6508390205e-10
474.742	6	4	8.0139797116e-10
474.742	6	5	9.2301056321e-10
474.742	6	6	1.0305944652e-09
474.742	6	7	1.1251239597e-09
474.742	6	8	1.2110125580e-09
474.742	6	9	1.2971852841e-09
474.742	6	10	1.4094748242e-09
474.742	7	1	2.6879112373e-10
474.742	7	2	5.2365485896e-10
474.742	7	3	6.9839680353e-10
474.742	7	4	8.5061220796e-10
474.742	7	5	9.9238548754e-10
474.742	7	6	1.1251239597e-09
474.742	7	7	1.2489530673e-09
474.742	7	8	1.3647745756e-09
474.742	7	9	1.4791460554e-09
474.742	7	10	1.6264922698e-09
474.742	8	1	2.7537094109e-10
474.742	8	2	5.4202175975e-10
474.742	8	3	7.2906676113e-10
474.742	8	4	8.9581980892e-10
474.742	8	5	1.0556390025e-09
474.742	8	6	1.2110125580e-09
474.742	8	7	1.3647745756e-09
474.742	8	8	1.5196399836e-09
474.742	8	9	1.6758647087e-09
474.742	8	10	1.8677175273e-09
474.742	9	1	2.8204827532e-10
474.742	9	2	5.6066114338e-10
474.742	9	3	7.6019427787e-10
474.742	9	4	9.4170266933e-10
474.742	9	5	1.1197105954e-09
474.742	9	6	1.2971852841e-09
474.742	9	7	1.4791460554e-09
474.742	9	8	1.6758647087e-09
474.742	9	9	1.9000277273e-09
474.742	9	10	2.1669059818e-09
474.742	10	1	2.9075093003e-10
474.742	10	2	5.8495405096e-10
474.742	10	3	8.0076355925e-10
474.742	10	4	1.0015089565e-09
474.742	10	5	1.2032529513e-09
474.742	10	6	1.4094748242e-09
474.742	10	7	1.6264922698e-09
474.742	10	8	1.8677175273e-09
474.742	10	9	2.1669059818e-09
474.742	10	10	2.6434584360e-09
631.413	1	1	9.5886446611e-11
631.413	1	2	1.4466738253e-10
631.413	1	3	1.6240601957e-10
631.413	1	4	1.7309894231e-10
631.413	1	5	1.8077504283e-10
631.413	1	6	1.8687768289e-10
631.413	1	7	1.9210721768e-10
631.413	1	8	1.9692137575e-10
631.413	1	9	2.0180688442e-10
631.413	1	10	2.0817422928e-10
631.413	2	1	1.4466738253e-10
631.413	2	2	2.4822279815e-10
631.413	2	3	2.9572549988e-10
631.413	2	4	3.2551199136e-10
631.413	2	5	3.4690180839e-10
631.413	2	6	3.6388147975e-10
631.413	2	7	3.7843219931e-10
631.413	2	8	3.9182818302e-10
631.413	2	9	4.0542289085e-10
631.413	2	10	4.2314101634e-10
631.413	3	1	1.6240601957e-10
631.413	3	2	2.9572549988e-10
631.413	3	3	3.6767052084e-10
631.413	3	4	4.1638821368e-10
631.413	3	5	4.5192888658e-10
631.413	3	6	4.8003383853e-10
631.413	3	7	5.0407827052e-10
631.413	3	8	5.2621503849e-10
631.413	3	9	5.4868187038e-10
631.413	3	10	5.7796341706e-10
631.413	4	1	1.7309894231e-10
631.413	4	2	3.2551199136e-10
631.413	4	3	4.1638821368e-10
631.413	4	4	4.8366849163e-10
631.413	4	5	5.3539745861e-10
631.413	4	6	5.7662153773e-10
631.413	4	7	6.1169768862e-10
631.413	4	8	6.4392547621e-10
631.413	4	9	6.7663444293e-10
631.413	4	10	7.1926859853e-10
631.413	5	1	1.8077504283e-10
631.413	5	2	3.4690180839e-10
631.413	5	3	4.5192888658e-10
631.413	5	4	5.3539745861e-10
631.413	5	5	6.0450653282e-10
631.413	5	6	6.6175074231e-10
631.413	5	7	7.1053865546e-10
631.413	5	8	7.5505988221e-10
631.413	5	9	8.0016492928e-10
631.413	5	10	8.5897415066e-10
631.413	6	1	1.8687768289e-10
631.413	6	2	3.6388147975e-10
631.413	6	3	4.8003383853e-10
631.413	6	4	5.7662153773e-10
631.413	6	5	6.6175074231e-10
631.413	6	6	7.3659544434e-10
631.413	6	7	8.0225960772e-10
631.413	6	8	8.6198205955e-10
631.413	6	9	9.2195832747e-10
631.413	6	10	1.0001106658e-09
631.413	7	1	1.9210721768e-10
631.413	7	2	3.7843219931e-10
631.413	7	3	5.0407827052e-10
631.413	7	4	6.1169768862e-10
631.413	7	5	7.1053865546e-10
631.413	7	6	8.0225960772e-10
631.413	7	7	8.8736997057e-10
631.413	7	8	9.6686579927e-10
631.413	7	9	1.0455093656e-09
631.413	7	10	1.1468934510e-09
631.413	8	1	1.9692137575e-10
631.413	8	2	3.9182818302e-10
631.413	8	3	5.2621503849e-10
631.413	8	4	6.4392547621e-10
631.413	8	5	7.5505988221e-10
631.413	8	6	8.6198205955e-10
631.413	8	7	9.6686579927e-10
631.413	8	8	1.0718368202e-09
631.413	8	9	1.1777142152e-09
631.413	8	10	1.3080646152e-09
631.413	9	1	2.0180688442e-10
631.413	9	2	4.0542289085e-10
631.413	9	3	5.4868187038e-10
631.413	9	4	6.7663444293e-10
631.413	9	5	8.0016492928e-10
631.413	9	6	9.2195832747e-10
631.413	9	7	1.0455093656e-09
631.413	9	8	1.1777142152e-09
631.413	9	9	1.3275179734e-09
631.413	9	10	1.5062994863e-09
631.413	10	1	2.0817422928e-10
631.413	10	2	4.2314101634e-10
631.413	10	3	5.7796341706e-10
631.413	10	4	7.1926859853e-10
631.413	10	5	8.5897415066e-10
631.413	10	6	1.0001106658e-09
631.413	10	7	1.1468934510e-09
631.413	10	8	1.3080646152e-09
631.413	10	9	1.5062994863e-09
631.413	10	10	1.8207050642e-09
839.787	1	1	6.4907418736e-11
839.787	1	2	9.9773718106e-11
839.787	1	3	1.1256764583e-10
839.787	1	4	1.2028082922e-10
839.787	1	5	1.2581798412e-10
839.787	1	6	1.3022014472e-10
839.787	1	7	1.3399248614e-10
839.787	1	8	1.3746519133e-10
839.787	1	9	1.4098936818e-10
839.787	1	10	1.4558247063e-10
839.787	2	1	9.9773718106e-11
839.787	2	2	1.7485637816e-10
839.787	2	3	2.0952751894e-10
839.787	2	4	2.3125841151e-10
839.787	2	5	2.4686559555e-10
839.787	2	6	2.5925628650e-10
839.787	2	7	2.6987449440e-10
839.787	2	8	2.7964998856e-10
839.787	2	9	2.8957049335e-10
839.787	2	10	3.0249998857e-10
839.787	3	1	1.1256764583e-10
839.787	3	2	2.0952751894e-10
839.787	3	3	2.6204714503e-10
839.787	3	4	2.9752189629e-10
839.787	3	5	3.2339196746e-10
839.787	3	6	3.4385796886e-10
839.787	3	7	3.6136949970e-10
839.787	3	8	3.7749163800e-10
839.787	3	9	3.9385404481e-10
839.787	3	10	4.1517952277e-10
839.787	4	1	1.2028082922e-10
839.787	4	2	2.3125841151e-10
839.787	4	3	2.9752189629e-10
839.787	4	4	3.4630667326e-10
839.787	4	5	3.8370942337e-10
839.787	4	6	4.1351456473e-10
839.787	4	7	4.3888836679e-10
839.787	4	8	4.6220612533e-10
839.787	4	9	4.8587191177e-10
839.787	4	10	5.1671848484e-10
839.787	5	1	1.2581798412e-10
839.787	5	2	2.4686559555e-10
839.787	5	3	3.2339196746e-10
839.787	5	4	3.8370942337e-10
839.787	5	5	4.3332677355e-10
839.787	5	6	4.7432307518e-10
839.787	5	7	5.0927607290e-10
839.787	5	8	5.4119751510e-10
839.787	5	9	5.7354316324e-10
839.787	5	10	6.1571454620e-10
839.787	6	1	1.3022014472e-10
839.787	6	2	2.5925628650e-10
839.787	6	3	3.4385796886e-10
839.787	6	4	4.1351456473e-10
839.787	6	5	4.7432307518e-10
839.787	6	6	5.2746473437e-10
839.787	6	7	5.7400869833e-10
839.787	6	8	6.1638345277e-10
839.787	6	9	6.5897912307e-10
839.787	6	10	7.1448498315e-10
839.787	7	1	1.3399248614e-10
839.787	7	2	2.6987449440e-10
839.787	7	3	3.6136949970e-10
839.787	7	4	4.3888836679e-10
839.787	7	5	5.0927607290e-10
839.787	7	6	5.7400869833e-10
839.787	7	7	6.3374405106e-10
839.787	7	8	6.8946377296e-10
839.787	7	9	7.4470159550e-10
839.787	7	10	8.1598913727e-10
839.787	8	1	1.3746519133e-10
839.787	8	2	2.7964998856e-10
839.787	8	3	3.7749163800e-10
839.787	8	4	4.6220612533e-10
839.787	8	5	5.4119751510e-10
839.787	8	6	6.1638345277e-10
839.787	8	7	6.8946377296e-10
839.787	8	8	7.6212398299e-10
839.787	8	9	8.3543461008e-10
839.787	8	10	9.2617418281e-10
839.787	9	1	1.4098936818e-10
839.787	9	2	2.8957049335e-10
839.787	9	3	3.9385404481e-10
839.787	9	4	4.8587191177e-10
839.787	9	5	5.7354316324e-10
839.787	9	6	6.5897912307e-10
839.787	9	7	7.4470159550e-10
839.787	9	8	8.3543461008e-10
839.787	9	9	9.3744914942e-10
839.787	9	10	1.0601804617e-09
839.787	10	1	1.4558247063e-10
839.787	10	2	3.0249998857e-10
839.787	10	3	4.1517952277e-10
839.787	10	4	5.1671848484e-10
839.787	10	5	6.1571454620e-10
839.787	10	6	7.1448498315e-10
839.787	10	7	8.1598913727e-10
839.787	10	8	9.2617418281e-10
839.787	10	9	1.0601804617e-09
839.787	10	10	1.2699231405e-09
1116.929	1	1	4.2324419613e-11
1116.929	1	2	6.6462133800e-11
1116.929	1	3	7.5445481118e-11
1116.929	1	4	8.0863778433e-11
1116.929	1	5	8.4753483593e-11
1116.929	1	6	8.7845885801e-11
1116.929	1	7	9.0495858364e-11
1116.929	1	8	9.2935342718e-11
1116.929	1	9	9.5410986897e-11
1116.929	1	10	9.8637522585e-11
1116.929	2	1	6.6462133800e-11
1116.929	2	2	1.1959658433e-10
1116.929	2	3	1.4452262135e-10
1116.929	2	4	1.6016235172e-10
1116.929	2	5	1.7139611454e-10
1116.929	2	6	1.8031506004e-10
1116.929	2	7	1.8795817780e-10
1116.929	2	8	1.9499468393e-10
1116.929	2	9	2.0213557032e-10
1116.929	2	10	2.1144235814e-10
1116.929	3	1	7.5445481118e-11
1116.929	3	2	1.4452262135e-10
1116.929	3	3	1.8253881716e-10
1116.929	3	4	2.0824380785e-10
1116.929	3	5	2.2699121763e-10
1116.929	3	6	2.4182549424e-10
1116.929	3	7	2.5451930869e-10
1116.929	3	8	2.6620599257e-10
1116.929	3	9	2.7806679512e-10
1116.929	3	10	2.9352522029e-10
1116.929	4	1	8.0863778433e-11
1116.929	4	2	1.6016235172e-10
1116.929	4	3	2.0824380785e-10
1116.929	4	4	2.4364496544e-10
1116.929	4	5	2.7076172546e-10
1116.929	4	6	2.9237061684e-10
1116.929	4	7	3.1077293132e-10
1116.929	4	8	3.2768624478e-10
1116.929	4	9	3.4485197080e-10
1116.929	4	10	3.6722602901e-10
1116.929	5	1	8.4753483593e-11
1116.929	5	2	1.7139611454e-10
1116.929	5	3	2.2699121763e-10
1116.929	5	4	2.7076172546e-10
1116.929	5	5	3.0666309380e-10
1116.929	5	6	3.3628393626e-10
1116.929	5	7	3.6154389724e-10
1116.929	5	8	3.8462581419e-10
1116.929	5	9	4.0801790285e-10
1116.929	5	10	4.3851494158e-10
1116.929	6	1	8.7845885801e-11
1116.929	6	2	1.8031506004e-10
1116.929	6	3	2.4182549424e-10
1116.929	6	4	2.9237061684e-10
1116.929	6	5	3.3628393626e-10
1116.929	6	6	3.7451088145e-10
1116.929	6	7	4.0794633586e-10
1116.929	6	8	4.3841046668e-10
1116.929	6	9	4.6905992216e-10
1116.929	6	10	5.0900005487e-10
1116.929	7	1	9.0495858364e-11
1116.929	7	2	1.8795817780e-10
1116.929	7	3	2.5451930869e-10
1116.929	7	4	3.1077293132e-10
1116.929	7	5	3.6154389724e-10
1116.929	7	6	4.0794633586e-10
1116.929	7	7	4.5057778678e-10
1116.929	7	8	4.9030484741e-10
1116.929	7	9	5.2976999307e-10
1116.929	7	10	5.8075353119e-10
1116.929	8	1	9.2935342718e-11
1116.929	8	2	1.9499468393e-10
1116.929	8	3	2.6620599257e-10
1116.929	8	4	3.2768624478e-10
1116.929	8	5	3.8462581419e-10
1116.929	8	6	4.3841046668e-10
1116.929	8	7	4.9030484741e-10
1116.929	8	8	5.4161419534e-10
1116.929	8	9	5.9340120494e-10
1116.929	8	10	6.5783580567e-10
1116.929	9	1	9.5410986897e-11
1116.929	9	2	2.0213557032e-10
1116.929	9	3	2.7806679512e-10
1116.929	9	4	3.4485197080e-10
1116.929	9	5	4.0801790285e-10
1116.929	9	6	4.6905992216e-10
1116.929	9	7	5.2976999307e-10
1116.929	9	8	5.9340120494e-10
1116.929	9	9	6.6432567444e-10
1116.929	9	10	7.5037140356e-10
1116.929	10	1	9.8637522585e-11
1116.929	10	2	2.1144235814e-10
1116.929	10	3	2.9352522029e-10
1116.929	10	4	3.6722602901e-10
1116.929	10	5	4.3851494158e-10
1116.929	10	6	5.0900005487e-10
1116.929	10	7	5.8075353119e-10
1116.929	10	8	6.5783580567e-10
1116.929	10	9	7.5037140356e-10
1116.929	10	10	8.9305404986e-10
1485.530	1	1	2.6570290648e-11
1485.530	1	2	4.2648349940e-11
1485.530	1	3	4.8737419949e-11
1485.530	1	4	5.2412732021e-11
1485.530	1	5	5.5051130692e-11
1485.530	1	6	5.7148706449e-11
1485.530	1	7	5.8946185483e-11
1485.530	1	8	6.0600889769e-11
1485.530	1	9	6.2280122809e-11
1485.530	1	10	6.4468685724e-11
1485.530	2	1	4.2648349940e-11
1485.530	2	2	7.8999847836e-11
1485.530	2	3	9.6440817821e-11
1485.530	2	4	1.0741075437e-10
1485.530	2	5	1.1529086115e-10
1485.530	2	6	1.2154697396e-10
1485.530	2	7	1.2690819408e-10
1485.530	2	8	1.3184391888e-10
1485.530	2	9	1.3685286304e-10
1485.530	2	10	1.4338106808e-10
1485.530	3	1	4.8737419949e-11
1485.530	3	2	9.6440817821e-11
1485.530	3	3	1.2336955832e-10
1485.530	3	4	1.4165740484e-10
1485.530	3	5	1.5500278466e-10
1485.530	3	6	1.6556238517e-10
1485.530	3	7	1.7459840950e-10
1485.530	3	8	1.8291755982e-10
1485.530	3	9	1.9136065327e-10
1485.530	3	10	2.0236470364e-10
1485.530	4	1	5.2412732021e-11
1485.530	4	2	1.0741075437e-10
1485.530	4	3	1.4165740484e-10
1485.530	4	4	1.6701459627e-10
1485.530	4	5	1.8645979524e-10
1485.530	4	6	2.0195666843e-10
1485.530	4	7	2.1515491930e-10
1485.530	4	8	2.2728589007e-10
1485.530	4	9	2.3959793044e-10
1485.530	4	10	2.5564556290e-10
1485.530	5	1	5.5051130692e-11
1485.530	5	2	1.1529086115e-10
1485.530	5	3	1.5500278466e-10
1485.530	5	4	1.8645979524e-10
1485.530	5	5	2.1229125698e-10
1485.530	5	6	2.3360030511e-10
1485.530	5	7	2.5177343119e-10
1485.530	5	8	2.6838394069e-10
1485.530	5	9	2.8521909622e-10
1485.530	5	10	3.0716729505e-10
1485.530	6	1	5.7148706449e-11
1485.530	6	2	1.2154697396e-10
1485.530	6	3	1.6556238517e-10
1485.530	6	4	2.0195666843e-10
1485.530	6	5	2.3360030511e-10
1485.530	6	6	2.6111790084e-10
1485.530	6	7	2.8517142569e-10
1485.530	6	8	3.0709658335e-10
1485.530	6	9	3.2916701692e-10
1485.530	6	10	3.5792858602e-10
1485.530	7	1	5.8946185483e-11
1485.530	7	2	1.2690819408e-10
1485.530	7	3	1.7459840950e-10
1485.530	7	4	2.1515491930e-10
1485.530	7	5	2.5177343119e-10
1485.530	7	6	2.8517142569e-10
1485.530	7	7	3.1578474479e-10
1485.530	7	8	3.4429456000e-10
1485.530	7	9	3.7265739706e-10
1485.530	7	10	4.0932745095e-10
1485.530	8	1	6.0600889769e-11
1485.530	8	2	1.3184391888e-10
1485.530	8	3	1.8291755982e-10
1485.530	8	4	2.2728589007e-10
1485.530	8	5	2.6838394069e-10
1485.530	8	6	3.0709658335e-10
1485.530	8	7	3.4429456000e-10
1485.530	8	8	3.8093561215e-10
1485.530	8	9	4.1793445476e-10
1485.530	8	10	4.6416540216e-10
1485.530	9	1	6.2280122809e-11
1485.530	9	2	1.3685286304e-10
1485.530	9	3	1.9136065327e-10
1485.530	9	4	2.3959793044e-10
1485.530	9	5	2.8521909622e-10
1485.530	9	6	3.2916701692e-10
1485.530	9	7	3.7265739706e-10
1485.530	9	8	4.1793445476e-10
1485.530	9	9	4.6806344874e-10
1485.530	9	10	5.2928927526e-10
1485.530	10	1	6.4468685724e-11
1485.530	10	2	1.4338106808e-10
1485.530	10	3	2.0236470364e-10
1485.530	10	4	2.5564556290e-10
1485.530	10	5	3.0716729505e-10
1485.530	10	6	3.5792858602e-10
1485.530	10	7	4.0932745095e-10
1485.530	10	8	4.6416540216e-10
1485.530	10	9	5.2928927526e-10
1485.530	10	10	6.2827661793e-10
1975.775	1	1	1.6007978291e-11
1975.775	1	2	2.6240836975e-11
1975.775	1	3	3.0190717450e-11
1975.775	1	4	3.2577142991e-11
1975.775	1	5	3.4290222587e-11
1975.775	1	6	3.5652139177e-11
1975.775	1	7	3.6819212002e-11
1975.775	1	8	3.7893583808e-11
1975.775	1	9	3.8983882535e-11
1975.775	1	10	4.0404880387e-11
1975.775	2	1	2.6240836975e-11
1975.775	2	2	5.0053463248e-11
1975.775	2	3	6.1787989337e-11
1975.775	2	4	6.9195019719e-11
1975.775	2	5	7.4515892282e-11
1975.775	2	6	7.8739728747e-11
1975.775	2	7	8.2359396822e-11
1975.775	2	8	8.5691807792e-11
1975.775	2	9	8.9073656582e-11
1975.775	2	10	9.3481251942e-11
1975.775	3	1	3.0190717450e-11
1975.775	3	2	6.1787989337e-11
1975.775	3	3	8.0202409259e-11
1975.775	3	4	9.2797960488e-11
1975.775	3	5	1.0199820850e-10
1975.775	3	6	1.0927619673e-10
1975.775	3	7	1.1550371647e-10
1975.775	3	8	1.2123722816e-10
1975.775	3	9	1.2705618007e-10
1975.775	3	10	1.3464013560e-10
1975.775	4	1	3.2577142991e-11
1975.775	4	2	6.9195019719e-11
1975.775	4	3	9.2797960488e-11
1975.775	4	4	1.1045666873e-10
1975.775	4	5	1.2403881843e-10
1975.775	4	6	1.3486470046e-10
1975.775	4	7	1.4408309039e-10
1975.775	4	8	1.5255582424e-10
1975.775	4	9	1.6115507732e-10
1975.775	4	10	1.7236343204e-10
1975.775	5	1	3.4290222587e-11
1975.775	5	2	7.4515892282e-11
1975.775	5	3	1.0199820850e-10
1975.775	5	4	1.2403881843e-10
1975.775	5	5	1.4222740351e-10
1975.775	5	6	1.5724803572e-10
1975.775	5	7	1.7005706479e-10
1975.775	5	8	1.8176412982e-10
1975.775	5	9	1.9362977018e-10
1975.775	5	10	2.0909914176e-10
1975.775	6	1	3.5652139177e-11
1975.775	6	2	7.8739728747e-11
1975.775	6	3	1.0927619673e-10
1975.775	6	4	1.3486470046e-10
1975.775	6	5	1.5724803572e-10
1975.775	6	6	1.7674930681e-10
1975.775	6	7	1.9379850723e-10
1975.775	6	8	2.0933969402e-10
1975.775	6	9	2.2498658199e-10
1975.775	6	10	2.4537771023e-10
1975.775	7	1	3.6819212002e-11
1975.775	7	2	8.2359396822e-11
1975.775	7	3	1.1550371647e-10
1975.775	7	4	1.4408309039e-10
1975.775	7	5	1.7005706479e-10
1975.775	7	6	1.9379850723e-10
1975.775	7	7	2.1556234134e-10
1975.775	7	8	2.3582768792e-10
1975.775	7	9	2.5600138523e-10
1975.775	7	10	2.8209510460e-10
1975.775	8	1	3.7893583808e-11
1975.775	8	2	8.5691807792e-11
1975.775	8	3	1.2123722816e-10
1975.775	8	4	1.5255582424e-10
1975.775	8	5	1.8176412982e-10
1975.775	8	6	2.0933969402e-10
1975.775	8	7	2.3582768792e-10
1975.775	8	8	2.6188359363e-10
1975.775	8	9	2.8820092172e-10
1975.775	8	10	3.2117030519e-10
1975.775	9	1	3.8983882535e-11
1975.775	9	2	8.9073656582e-11
1975.775	9	3	1.2705618007e-10
1975.775	9	4	1.6115507732e-10
1975.775	9	5	1.9362977018e-10
1975.775	9	6	2.2498658199e-10
1975.775	9	7	2.5600138523e-10
1975.775	9	8	2.8820092172e-10
1975.775	9	9	3.2370851642e-10
1975.775	9	10	3.6728319766e-10
1975.775	10	1	4.0404880387e-11
1975.775	10	2	9.3481251942e-11
1975.775	10	3	1.3464013560e-10
1975.775	10	4	1.7236343204e-10
1975.775	10	5	2.0909914176e-10
1975.775	10	6	2.4537771023e-10
1975.775	10	7	2.8209510460e-10
1975.775	10	8	3.2117030519e-10
1975.775	10	9	3.6728319766e-10
1975.775	10	10	4.3662130206e-10
2627.808	1	1	9.3524492980e-12
2627.808	1	2	1.5611964463e-11
2627.808	1	3	1.8072691539e-11
2627.808	1	4	1.9561036967e-11
2627.808	1	5	2.0629373052e-11
2627.808	1	6	2.1478699132e-11
2627.808	1	7	2.2206518553e-11
2627.808	1	8	2.2876527440e-11
2627.808	1	9	2.3556469175e-11
2627.808	1	10	2.4442644212e-11
2627.808	2	1	1.5611964463e-11
2627.808	2	2	3.0582964885e-11
2627.808	2	3	3.8166032506e-11
2627.808	2	4	4.2973089736e-11
2627.808	2	5	4.6426129089e-11
2627.808	2	6	4.9166739358e-11
2627.808	2	7	5.1515354359e-11
2627.808	2	8	5.3677603640e-11
2627.808	2	9	5.5871933631e-11
2627.808	2	10	5.8731824345e-11
2627.808	3	1	1.8072691539e-11
2627.808	3	2	3.8166032506e-11
2627.808	3	3	5.0282705810e-11
2627.808	3	4	5.8646333443e-11
2627.808	3	5	6.4762950922e-11
2627.808	3	6	6.9599433229e-11
2627.808	3	7	7.3737318774e-11
2627.808	3	8	7.7547005678e-11
2627.808	3	9	8.1413490611e-11
2627.808	3	10	8.6452760349e-11
2627.808	4	1	1.9561036967e-11
2627.808	4	2	4.2973089736e-11
2627.808	4	3	5.8646333443e-11
2627.808	4	4	7.0535664759e-11
2627.808	4	5	7.9721360344e-11
2627.808	4	6	8.7044350038e-11
2627.808	4	7	9.3277323201e-11
2627.808	4	8	9.9005552171e-11
2627.808	4	9	1.0481937381e-10
2627.808	4	10	1.1239720412e-10
2627.808	5	1	2.0629373052e-11
2627.808	5	2	4.6426129089e-11
2627.808	5	3	6.4762950922e-11
2627.808	5	4	7.9721360344e-11
2627.808	5	5	9.2165171156e-11
2627.808	5	6	1.0246421705e-10
2627.808	5	7	1.1124485653e-10
2627.808	5	8	1.1926727892e-10
2627.808	5	9	1.2739800108e-10
2627.808	5	10	1.3799827199e-10
2627.808	6	1	2.1478699132e-11
2627.808	6	2	4.9166739358e-11
2627.808	6	3	6.9599433229e-11
2627.808	6	4	8.7044350038e-11
2627.808	6	5	1.0246421705e-10
2627.808	6	6	1.1595888245e-10
2627.808	6	7	1.2776761753e-10
2627.808	6	8	1.3852822947e-10
2627.808	6	9	1.4935984647e-10
2627.808	6	10	1.6347592264e-10
2627.808	7	1	2.2206518553e-11
2627.808	7	2	5.1515354359e-11
2627.808	7	3	7.3737318774e-11
2627.808	7	4	9.3277323201e-11
2627.808	7	5	1.1124485653e-10
2627.808	7	6	1.2776761753e-10
2627.808	7	7	1.4295052163e-10
2627.808	7	8	1.5709277592e-10
2627.808	7	9	1.7116786305e-10
2627.808	7	10	1.8937406571e-10
2627.808	8	1	2.2876527440e-11
2627.808	8	2	5.3677603640e-11
2627.808	8	3	7.7547005678e-11
2627.808	8	4	9.9005552171e-11
2627.808	8	5	1.1926727892e-10
2627.808	8	6	1.3852822947e-10
2627.808	8	7	1.5709277592e-10
2627.808	8	8	1.7537531444e-10
2627.808	8	9	1.9384257935e-10
2627.808	8	10	2.1699322343e-10
2627.808	9	1	2.3556469175e-11
2627.808	9	2	5.5871933631e-11
2627.808	9	3	8.1413490611e-11
2627.808	9	4	1.0481937381e-10
2627.808	9	5	1.2739800108e-10
2627.808	9	6	1.4935984647e-10
2627.808	9	7	1.7116786305e-10
2627.808	9	8	1.9384257935e-10
2627.808	9	9	2.1882897468e-10
2627.808	9	10	2.4955593945e-10
2627.808	10	1	2.4442644212e-11
2627.808	10	2	5.8731824345e-11
2627.808	10	3	8.6452760349e-11
2627.808	10	4	1.1239720412e-10
2627.808	10	5	1.3799827199e-10
2627.808	10	6	1.6347592264e-10
2627.808	10	7	1.8937406571e-10
2627.808	10	8	2.1699322343e-10
2627.808	10	9	2.4955593945e-10
2627.808	10	10	2.9825133847e-10
