#ell	tomo_i	tomo_j	Cell_gg
11.650	1	1	2.9313582996e-05
11.650	1	2	7.5149068303e-06
11.650	1	3	1.1708244672e-06
11.650	1	4	1.2841901084e-07
11.650	1	5	1.0240569372e-08
11.650	1	6	5.4439388024e-10
11.650	1	7	1.6391187434e-11
11.650	1	8	2.0893134204e-13
11.650	1	9	6.0873734221e-16
11.650	1	10	6.5699611643e-20
11.650	2	1	7.5149068303e-06
11.650	2	2	1.4890356511e-05
11.650	2	3	7.3144967294e-06
11.650	2	4	1.9350184601e-06
11.650	2	5	3.2537376427e-07
11.650	2	6	3.4871444566e-08
11.650	2	7	2.1358716624e-09
11.650	2	8	5.7796077326e-11
11.650	2	9	3.8595609198e-13
11.650	2	10	1.1166941409e-16
11.650	3	1	1.1708244672e-06
11.650	3	2	7.3144967294e-06
11.650	3	3	9.5631702229e-06
11.650	3	4	5.6193749056e-06
11.650	3	5	1.8620652834e-06
11.650	3	6	3.6595221810e-07
11.650	3	7	4.0043203171e-08
11.650	3	8	1.9759796368e-09
11.650	3	9	2.5932801722e-11
11.650	3	10	1.7614899681e-14
11.650	4	1	1.2841901084e-07
11.650	4	2	1.9350184601e-06
11.650	4	3	5.6193749056e-06
11.650	4	4	6.7666527759e-06
11.650	4	5	4.2846337102e-06
11.650	4	6	1.5285558911e-06
11.650	4	7	2.9462639960e-07
11.650	4	8	2.5639265173e-08
11.650	4	9	6.2640893238e-10
11.650	4	10	9.4501214091e-13
11.650	5	1	1.0240569372e-08
11.650	5	2	3.2537376427e-07
11.650	5	3	1.8620652834e-06
11.650	5	4	4.2846337102e-06
11.650	5	5	5.0377334423e-06
11.650	5	6	3.2618035158e-06
11.650	5	7	1.1265920647e-06
11.650	5	8	1.7638856474e-07
11.650	5	9	8.0843629577e-09
11.650	5	10	2.6965073521e-11
11.650	6	1	5.4439388024e-10
11.650	6	2	3.4871444566e-08
11.650	6	3	3.6595221810e-07
11.650	6	4	1.5285558911e-06
11.650	6	5	3.2618035158e-06
11.650	6	6	3.8447631991e-06
11.650	6	7	2.4417341475e-06
11.650	6	8	7.1880402538e-07
11.650	6	9	6.5083017406e-08
11.650	6	10	5.0469897856e-10
11.650	7	1	1.6391187434e-11
11.650	7	2	2.1358716624e-09
11.650	7	3	4.0043203171e-08
11.650	7	4	2.9462639960e-07
11.650	7	5	1.1265920647e-06
11.650	7	6	2.4417341475e-06
11.650	7	7	2.9514476696e-06
11.650	7	8	1.7368677401e-06
11.650	7	9	3.3869952110e-07
11.650	7	10	6.8088472928e-09
11.650	8	1	2.0893134204e-13
11.650	8	2	5.7796077326e-11
11.650	8	3	1.9759796368e-09
11.650	8	4	2.5639265173e-08
11.650	8	5	1.7638856474e-07
11.650	8	6	7.1880402538e-07
11.650	8	7	1.7368677401e-06
11.650	8	8	2.2256605330e-06
11.650	8	9	1.0681359195e-06
11.650	8	10	6.6480366750e-08
11.650	9	1	6.0873734221e-16
11.650	9	2	3.8595609198e-13
11.650	9	3	2.5932801722e-11
11.650	9	4	6.2640893238e-10
11.650	9	5	8.0843629577e-09
11.650	9	6	6.5083017406e-08
11.650	9	7	3.3869952110e-07
11.650	9	8	1.0681359195e-06
11.650	9	9	1.5614216128e-06
11.650	9	10	4.1223886679e-07
11.650	10	1	6.5699611643e-20
11.650	10	2	1.1166941409e-16
11.650	10	3	1.7614899681e-14
11.650	10	4	9.4501214091e-13
11.650	10	5	2.6965073521e-11
11.650	10	6	5.0469897856e-10
11.650	10	7	6.8088472928e-09
11.650	10	8	6.6480366750e-08
11.650	10	9	4.1223886679e-07
11.650	10	10	7.2655819805e-07
15.495	1	1	2.8453301077e-05
15.495	1	2	8.0590970521e-06
15.495	1	3	1.2922481346e-06
15.495	1	4	1.4441015689e-07
15.495	1	5	1.1676171106e-08
15.495	1	6	6.2768365304e-10
15.495	1	7	1.9083482187e-11
15.495	1	8	2.4547064783e-13
15.495	1	9	7.2175788632e-16
15.495	1	10	7.8694801556e-20
15.495	2	1	8.0590970521e-06
15.495	2	2	1.6361728568e-05
15.495	2	3	8.1878516496e-06
15.495	2	4	2.1967707687e-06
15.495	2	5	3.7362145119e-07
15.495	2	6	4.0433648339e-08
15.495	2	7	2.4981188725e-09
15.495	2	8	6.8149395842e-11
15.495	2	9	4.5877396694e-13
15.495	2	10	1.3396227946e-16
15.495	3	1	1.2922481346e-06
15.495	3	2	8.1878516496e-06
15.495	3	3	1.0836626577e-05
15.495	3	4	6.4340317387e-06
15.495	3	5	2.1514321138e-06
15.495	3	6	4.2630428339e-07
15.495	3	7	4.7005540595e-08
15.495	3	8	2.3366415347e-09
15.495	3	9	3.0890149767e-11
15.495	3	10	2.1161523516e-14
15.495	4	1	1.4441015689e-07
15.495	4	2	2.1967707687e-06
15.495	4	3	6.4340317387e-06
15.495	4	4	7.8082540653e-06
15.495	4	5	4.9799045745e-06
15.495	4	6	1.7887311947e-06
15.495	4	7	3.4705621577e-07
15.495	4	8	3.0398962815e-08
15.495	4	9	7.4759834896e-10
15.495	4	10	1.1368854217e-12
15.495	5	1	1.1676171106e-08
15.495	5	2	3.7362145119e-07
15.495	5	3	2.1514321138e-06
15.495	5	4	4.9799045745e-06
15.495	5	5	5.8889358796e-06
15.495	5	6	3.8344340672e-06
15.495	5	7	1.3317939003e-06
15.495	5	8	2.0969117399e-07
15.495	5	9	9.6673885390e-09
15.495	5	10	3.2487220165e-11
15.495	6	1	6.2768365304e-10
15.495	6	2	4.0433648339e-08
15.495	6	3	4.2630428339e-07
15.495	6	4	1.7887311947e-06
15.495	6	5	3.8344340672e-06
15.495	6	6	4.5405914857e-06
15.495	6	7	2.8971090566e-06
15.495	6	8	8.5693956612e-07
15.495	6	9	7.7996801685e-08
15.495	6	10	6.0901782129e-10
15.495	7	1	1.9083482187e-11
15.495	7	2	2.4981188725e-09
15.495	7	3	4.7005540595e-08
15.495	7	4	3.4705621577e-07
15.495	7	5	1.3317939003e-06
15.495	7	6	2.8971090566e-06
15.495	7	7	3.5152572247e-06
15.495	7	8	2.0771121590e-06
15.495	7	9	4.0695323928e-07
15.495	7	10	8.2314266326e-09
15.495	8	1	2.4547064783e-13
15.495	8	2	6.8149395842e-11
15.495	8	3	2.3366415347e-09
15.495	8	4	3.0398962815e-08
15.495	8	5	2.0969117399e-07
15.495	8	6	8.5693956612e-07
15.495	8	7	2.0771121590e-06
15.495	8	8	2.6712226704e-06
15.495	8	9	1.2874921265e-06
15.495	8	10	8.0562595105e-08
15.495	9	1	7.2175788632e-16
15.495	9	2	4.5877396694e-13
15.495	9	3	3.0890149767e-11
15.495	9	4	7.4759834896e-10
15.495	9	5	9.6673885390e-09
15.495	9	6	7.7996801685e-08
15.495	9	7	4.0695323928e-07
15.495	9	8	1.2874921265e-06
15.495	9	9	1.8896743305e-06
15.495	9	10	5.0132677923e-07
15.495	10	1	7.8694801556e-20
15.495	10	2	1.3396227946e-16
15.495	10	3	2.1161523516e-14
15.495	10	4	1.1368854217e-12
15.495	10	5	3.2487220165e-11
15.495	10	6	6.0901782129e-10
15.495	10	7	8.2314266326e-09
15.495	10	8	8.0562595105e-08
15.495	10	9	5.0132677923e-07
15.495	10	10	8.8841115597e-07
20.608	1	1	2.5636101682e-05
20.608	1	2	8.1123846013e-06
20.608	1	3	1.3501920888e-06
20.608	1	4	1.5467459807e-07
20.608	1	5	1.2741498302e-08
20.608	1	6	6.9531874382e-10
20.608	1	7	2.1416292597e-11
20.608	1	8	2.7883116420e-13
20.608	1	9	8.2994421897e-16
20.608	1	10	9.1785706962e-20
20.608	2	1	8.1123846013e-06
20.608	2	2	1.6997201402e-05
20.608	2	3	8.7163507672e-06
20.608	2	4	2.3832909258e-06
20.608	2	5	4.1161455480e-07
20.608	2	6	4.5129727779e-08
20.608	2	7	2.8206734878e-09
20.608	2	8	7.7784238046e-11
20.608	2	9	5.2938421501e-13
20.608	2	10	1.5657403805e-16
20.608	3	1	1.3501920888e-06
20.608	3	2	8.7163507672e-06
20.608	3	3	1.1727238024e-05
20.608	3	4	7.0608170514e-06
20.608	3	5	2.3899371368e-06
20.608	3	6	4.7878388334e-07
20.608	3	7	5.3332705115e-08
20.608	3	8	2.6772726835e-09
20.608	3	9	3.5749149595e-11
20.608	3	10	2.4780640327e-14
20.608	4	1	1.5467459807e-07
20.608	4	2	2.3832909258e-06
20.608	4	3	7.0608170514e-06
20.608	4	4	8.6590758989e-06
20.608	4	5	5.5759929973e-06
20.608	4	6	2.0210906181e-06
20.608	4	7	3.9559518236e-07
20.608	4	8	3.4955103141e-08
20.608	4	9	8.6755579903e-10
20.608	4	10	1.3337933770e-12
20.608	5	1	1.2741498302e-08
20.608	5	2	4.1161455480e-07
20.608	5	3	2.3899371368e-06
20.608	5	4	5.5759929973e-06
20.608	5	5	6.6445000771e-06
20.608	5	6	4.3588717170e-06
20.608	5	7	1.5252841755e-06
20.608	5	8	2.4200537115e-07
20.608	5	9	1.1249562371e-08
20.608	5	10	3.8186023154e-11
20.608	6	1	6.9531874382e-10
20.608	6	2	4.5129727779e-08
20.608	6	3	4.7878388334e-07
20.608	6	4	2.0210906181e-06
20.608	6	5	4.3588717170e-06
20.608	6	6	5.1933964144e-06
20.608	6	7	3.3346030439e-06
20.608	6	8	9.9292542225e-07
20.608	6	9	9.1035653005e-08
20.608	6	10	7.1730634918e-10
20.608	7	1	2.1416292597e-11
20.608	7	2	2.8206734878e-09
20.608	7	3	5.3332705115e-08
20.608	7	4	3.9559518236e-07
20.608	7	5	1.5252841755e-06
20.608	7	6	3.3346030439e-06
20.608	7	7	4.0675805968e-06
20.608	7	8	2.4172878935e-06
20.608	7	9	4.7663868394e-07
20.608	7	10	9.7179951519e-09
20.608	8	1	2.7883116420e-13
20.608	8	2	7.7784238046e-11
20.608	8	3	2.6772726835e-09
20.608	8	4	3.4955103141e-08
20.608	8	5	2.4200537115e-07
20.608	8	6	9.9292542225e-07
20.608	8	7	2.4172878935e-06
20.608	8	8	3.1240331644e-06
20.608	8	9	1.5142656080e-06
20.608	8	10	9.5401029371e-08
20.608	9	1	8.2994421897e-16
20.608	9	2	5.2938421501e-13
20.608	9	3	3.5749149595e-11
20.608	9	4	8.6755579903e-10
20.608	9	5	1.1249562371e-08
20.608	9	6	9.1035653005e-08
20.608	9	7	4.7663868394e-07
20.608	9	8	1.5142656080e-06
20.608	9	9	2.2339866074e-06
20.608	9	10	5.9625685939e-07
20.608	10	1	9.1785706962e-20
20.608	10	2	1.5657403805e-16
20.608	10	3	2.4780640327e-14
20.608	10	4	1.3337933770e-12
20.608	10	5	3.8186023154e-11
20.608	10	6	7.1730634918e-10
20.608	10	7	9.7179951519e-09
20.608	10	8	9.5401029371e-08
20.608	10	9	5.9625685939e-07
20.608	10	10	1.0633579546e-06
27.409	1	1	2.1352698931e-05
27.409	1	2	7.4874346599e-06
27.409	1	3	1.3119484064e-06
27.409	1	4	1.5542616598e-07
27.409	1	5	1.3111556317e-08
27.409	1	6	7.2956031274e-10
27.409	1	7	2.2866117236e-11
27.409	1	8	3.0261849485e-13
27.409	1	9	9.1570652398e-16
27.409	1	10	1.0320985020e-19
27.409	2	1	7.4874346599e-06
27.409	2	2	1.6381905551e-05
27.409	2	3	8.6887794274e-06
27.409	2	4	2.4345248964e-06
27.409	2	5	4.2880115282e-07
27.409	2	6	4.7832701408e-08
27.409	2	7	3.0366394447e-09
27.409	2	8	8.4969306979e-11
27.409	2	9	5.8682375558e-13
27.409	2	10	1.7655165757e-16
27.409	3	1	1.3119484064e-06
27.409	3	2	8.6887794274e-06
27.409	3	3	1.1941177301e-05
27.409	3	4	7.3187039017e-06
27.409	3	5	2.5170370764e-06
27.409	3	6	5.1173397312e-07
27.409	3	7	5.7793613337e-08
27.409	3	8	2.9397599892e-09
27.409	3	9	3.9783698180e-11
27.409	3	10	2.8013229147e-14
27.409	4	1	1.5542616598e-07
27.409	4	2	2.4345248964e-06
27.409	4	3	7.3187039017e-06
27.409	4	4	9.0988472929e-06
27.409	4	5	5.9353156574e-06
27.409	4	6	2.1778808247e-06
27.409	4	7	4.3136409213e-07
27.409	4	8	3.8566710416e-08
27.409	4	9	9.6898340013e-10
27.409	4	10	1.5114966036e-12
27.409	5	1	1.3111556317e-08
27.409	5	2	4.2880115282e-07
27.409	5	3	2.5170370764e-06
27.409	5	4	5.9353156574e-06
27.409	5	5	7.1462445733e-06
27.409	5	6	4.7356268009e-06
27.409	5	7	1.6738604697e-06
27.409	5	8	2.6832461392e-07
27.409	5	9	1.2611006249e-08
27.409	5	10	4.3381821911e-11
27.409	6	1	7.2956031274e-10
27.409	6	2	4.7832701408e-08
27.409	6	3	5.1173397312e-07
27.409	6	4	2.1778808247e-06
27.409	6	5	4.7356268009e-06
27.409	6	6	5.6891426918e-06
27.409	6	7	3.6839922138e-06
27.409	6	8	1.1067566947e-06
27.409	6	9	1.0246253874e-07
27.409	6	10	8.1709796322e-10
27.409	7	1	2.2866117236e-11
27.409	7	2	3.0366394447e-09
27.409	7	3	5.7793613337e-08
27.409	7	4	4.3136409213e-07
27.409	7	5	1.6738604697e-06
27.409	7	6	3.6839922138e-06
27.409	7	7	4.5257157087e-06
27.409	7	8	2.7101816644e-06
27.409	7	9	5.3894730842e-07
27.409	7	10	1.1104545883e-08
27.409	8	1	3.0261849485e-13
27.409	8	2	8.4969306979e-11
27.409	8	3	2.9397599892e-09
27.409	8	4	3.8566710416e-08
27.409	8	5	2.6832461392e-07
27.409	8	6	1.1067566947e-06
27.409	8	7	2.7101816644e-06
27.409	8	8	3.5255356144e-06
27.409	8	9	1.7217005906e-06
27.409	8	10	1.0945005374e-07
27.409	9	1	9.1570652398e-16
27.409	9	2	5.8682375558e-13
27.409	9	3	3.9783698180e-11
27.409	9	4	9.6898340013e-10
27.409	9	5	1.2611006249e-08
27.409	9	6	1.0246253874e-07
27.409	9	7	5.3894730842e-07
27.409	9	8	1.7217005906e-06
27.409	9	9	2.5573321427e-06
27.409	9	10	6.8804534613e-07
27.409	10	1	1.0320985020e-19
27.409	10	2	1.7655165757e-16
27.409	10	3	2.8013229147e-14
27.409	10	4	1.5114966036e-12
27.409	10	5	4.3381821911e-11
27.409	10	6	8.1709796322e-10
27.409	10	7	1.1104545883e-08
27.409	10	8	1.0945005374e-07
27.409	10	9	6.8804534613e-07
27.409	10	10	1.2377385362e-06
36.455	1	1	1.6768905496e-05
36.455	1	2	6.2493562429e-06
36.455	1	3	1.1533067554e-06
36.455	1	4	1.4241354748e-07
36.455	1	5	1.2435768494e-08
36.455	1	6	7.1197698999e-10
36.455	1	7	2.2846971439e-11
36.455	1	8	3.0872439806e-13
36.455	1	9	9.5388239434e-16
36.455	1	10	1.1030180955e-19
36.455	2	1	6.2493562429e-06
36.455	2	2	1.4274530336e-05
36.455	2	3	7.8773347100e-06
36.455	2	4	2.2838386763e-06
36.455	2	5	4.1417468287e-07
36.455	2	6	4.7330798539e-08
36.455	2	7	3.0665352054e-09
36.455	2	8	8.7389198379e-11
36.455	2	9	6.1509284756e-13
36.455	2	10	1.8939721509e-16
36.455	3	1	1.1533067554e-06
36.455	3	2	7.8773347100e-06
36.455	3	3	1.1149185217e-05
36.455	3	4	7.0169152291e-06
36.455	3	5	2.4691702348e-06
36.455	3	6	5.1200061471e-07
36.455	3	7	5.8846770741e-08
36.455	3	8	3.0434042689e-09
36.455	3	9	4.1921484894e-11
36.455	3	10	3.0154901733e-14
36.455	4	1	1.4241354748e-07
36.455	4	2	2.2838386763e-06
36.455	4	3	7.0169152291e-06
36.455	4	4	8.8976710007e-06
36.455	4	5	5.9066025995e-06
36.455	4	6	2.2019466830e-06
36.455	4	7	4.4266305781e-07
36.455	4	8	4.0175393490e-08
36.455	4	9	1.0261118213e-09
36.455	4	10	1.6324948548e-12
36.455	5	1	1.2435768494e-08
36.455	5	2	4.1417468287e-07
36.455	5	3	2.4691702348e-06
36.455	5	4	5.9066025995e-06
36.455	5	5	7.2076320589e-06
36.455	5	6	4.8374639881e-06
36.455	5	7	1.7316047597e-06
36.455	5	8	2.8134285578e-07
36.455	5	9	1.3421485269e-08
36.455	5	10	4.7013593334e-11
36.455	6	1	7.1197698999e-10
36.455	6	2	4.7330798539e-08
36.455	6	3	5.1200061471e-07
36.455	6	4	2.2019466830e-06
36.455	6	5	4.8374639881e-06
36.455	6	6	5.8720647235e-06
36.455	6	7	3.8442862387e-06
36.455	6	8	1.1687760878e-06
36.455	6	9	1.0964379962e-07
36.455	6	10	8.8872851212e-10
36.455	7	1	2.2846971439e-11
36.455	7	2	3.0665352054e-09
36.455	7	3	5.8846770741e-08
36.455	7	4	4.4266305781e-07
36.455	7	5	1.7316047597e-06
36.455	7	6	3.8442862387e-06
36.455	7	7	4.7676271892e-06
36.455	7	8	2.8848655158e-06
36.455	7	9	5.8034809139e-07
36.455	7	10	1.2129082432e-08
36.455	8	1	3.0872439806e-13
36.455	8	2	8.7389198379e-11
36.455	8	3	3.0434042689e-09
36.455	8	4	4.0175393490e-08
36.455	8	5	2.8134285578e-07
36.455	8	6	1.1687760878e-06
36.455	8	7	2.8848655158e-06
36.455	8	8	3.7863067264e-06
36.455	8	9	1.8678977014e-06
36.455	8	10	1.2019623655e-07
36.455	9	1	9.5388239434e-16
36.455	9	2	6.1509284756e-13
36.455	9	3	4.1921484894e-11
36.455	9	4	1.0261118213e-09
36.455	9	5	1.3421485269e-08
36.455	9	6	1.0964379962e-07
36.455	9	7	5.8034809139e-07
36.455	9	8	1.8678977014e-06
36.455	9	9	2.8001030302e-06
36.455	9	10	7.6152829969e-07
36.455	10	1	1.1030180955e-19
36.455	10	2	1.8939721509e-16
36.455	10	3	3.0154901733e-14
36.455	10	4	1.6324948548e-12
36.455	10	5	4.7013593334e-11
36.455	10	6	8.8872851212e-10
36.455	10	7	1.2129082432e-08
36.455	10	8	1.2019623655e-07
36.455	10	9	7.6152829969e-07
36.455	10	10	1.3859566927e-06
48.485	1	1	1.2934362045e-05
48.485	1	2	4.8436823102e-06
48.485	1	3	9.1942307215e-07
48.485	1	4	1.1769854552e-07
48.485	1	5	1.0626371688e-08
48.485	1	6	6.2703464520e-10
48.485	1	7	2.0715721254e-11
48.485	1	8	2.8851928630e-13
48.485	1	9	9.2073004632e-16
48.485	1	10	1.1025284609e-19
48.485	2	1	4.8436823102e-06
48.485	2	2	1.1307587203e-05
48.485	2	3	6.4471293711e-06
48.485	2	4	1.9306514628e-06
48.485	2	5	3.6069058828e-07
48.485	2	6	4.2384873657e-08
48.485	2	7	2.8224476404e-09
48.485	2	8	8.2717621197e-11
48.485	2	9	5.9901936203e-13
48.485	2	10	1.9023999095e-16
48.485	3	1	9.1942307215e-07
48.485	3	2	6.4471293711e-06
48.485	3	3	9.3814614207e-06
48.485	3	4	6.0630073946e-06
48.485	3	5	2.1880740183e-06
48.485	3	6	4.6517121757e-07
48.485	3	7	5.4838407267e-08
48.485	3	8	2.9102936396e-09
48.485	3	9	4.1124990700e-11
48.485	3	10	3.0422207089e-14
48.485	4	1	1.1769854552e-07
48.485	4	2	1.9306514628e-06
48.485	4	3	6.0630073946e-06
48.485	4	4	7.8554625260e-06
48.485	4	5	5.3279359117e-06
48.485	4	6	2.0302761127e-06
48.485	4	7	4.1754001067e-07
48.485	4	8	3.8778279982e-08
48.485	4	9	1.0133379657e-09
48.485	4	10	1.6538959634e-12
48.485	5	1	1.0626371688e-08
48.485	5	2	3.6069058828e-07
48.485	5	3	2.1880740183e-06
48.485	5	4	5.3279359117e-06
48.485	5	5	6.6220356962e-06
48.485	5	6	4.5302908724e-06
48.485	5	7	1.6539925756e-06
48.485	5	8	2.7410846349e-07
48.485	5	9	1.3342522915e-08
48.485	5	10	4.7830818560e-11
48.485	6	1	6.2703464520e-10
48.485	6	2	4.2384873657e-08
48.485	6	3	4.6517121757e-07
48.485	6	4	2.0302761127e-06
48.485	6	5	4.5302908724e-06
48.485	6	6	5.5892428853e-06
48.485	6	7	3.7200003971e-06
48.485	6	8	1.1499561763e-06
48.485	6	9	1.0977714166e-07
48.485	6	10	9.0824650446e-10
48.485	7	1	2.0715721254e-11
48.485	7	2	2.8224476404e-09
48.485	7	3	5.4838407267e-08
48.485	7	4	4.1754001067e-07
48.485	7	5	1.6539925756e-06
48.485	7	6	3.7200003971e-06
48.485	7	7	4.6752992057e-06
48.485	7	8	2.8685576382e-06
48.485	7	9	5.8573756578e-07
48.485	7	10	1.2460403531e-08
48.485	8	1	2.8851928630e-13
48.485	8	2	8.2717621197e-11
48.485	8	3	2.9102936396e-09
48.485	8	4	3.8778279982e-08
48.485	8	5	2.7410846349e-07
48.485	8	6	1.1499561763e-06
48.485	8	7	2.8685576382e-06
48.485	8	8	3.8086065361e-06
48.485	8	9	1.9029738670e-06
48.485	8	10	1.2432438424e-07
48.485	9	1	9.2073004632e-16
48.485	9	2	5.9901936203e-13
48.485	9	3	4.1124990700e-11
48.485	9	4	1.0133379657e-09
48.485	9	5	1.3342522915e-08
48.485	9	6	1.0977714166e-07
48.485	9	7	5.8573756578e-07
48.485	9	8	1.9029738670e-06
48.485	9	9	2.8855024264e-06
48.485	9	10	7.9577741573e-07
48.485	10	1	1.1025284609e-19
48.485	10	2	1.9023999095e-16
48.485	10	3	3.0422207089e-14
48.485	10	4	1.6538959634e-12
48.485	10	5	4.7830818560e-11
48.485	10	6	9.0824650446e-10
48.485	10	7	1.2460403531e-08
48.485	10	8	1.2432438424e-07
48.485	10	9	7.9577741573e-07
48.485	10	10	1.4713430689e-06
64.486	1	1	9.7985986603e-06
64.486	1	2	3.7975206171e-06
64.486	1	3	7.0590063978e-07
64.486	1	4	9.0311713499e-08
64.486	1	5	8.2696028072e-09
64.486	1	6	4.9888503776e-10
64.486	1	7	1.6924149622e-11
64.486	1	8	2.4268607805e-13
64.486	1	9	8.0005649444e-16
64.486	1	10	9.9905652159e-20
64.486	2	1	3.7975206171e-06
64.486	2	2	8.7046345156e-06
64.486	2	3	4.9396207378e-06
64.486	2	4	1.4939646045e-06
64.486	2	5	2.8443856728e-07
64.486	2	6	3.4228613456e-08
64.486	2	7	2.3393487428e-09
64.486	2	8	7.0452160327e-11
64.486	2	9	5.2563786524e-13
64.486	2	10	1.7355213770e-16
64.486	3	1	7.0590063978e-07
64.486	3	2	4.9396207378e-06
64.486	3	3	7.2433704852e-06
64.486	3	4	4.7534941126e-06
64.486	3	5	1.7504326294e-06
64.486	3	6	3.8078676411e-07
64.486	3	7	4.6001312130e-08
64.486	3	8	2.5044409022e-09
64.486	3	9	3.6394153981e-11
64.486	3	10	2.7929387202e-14
64.486	4	1	9.0311713499e-08
64.486	4	2	1.4939646045e-06
64.486	4	3	4.7534941126e-06
64.486	4	4	6.2638207979e-06
64.486	4	5	4.3317552275e-06
64.486	4	6	1.6856729854e-06
64.486	4	7	3.5442265339e-07
64.486	4	8	3.3698942649e-08
64.486	4	9	9.0405566139e-10
64.486	4	10	1.5279562496e-12
64.486	5	1	8.2696028072e-09
64.486	5	2	2.8443856728e-07
64.486	5	3	1.7504326294e-06
64.486	5	4	4.3317552275e-06
64.486	5	5	5.4791200808e-06
64.486	5	6	3.8185081532e-06
64.486	5	7	1.4217073562e-06
64.486	5	8	2.4067034500e-07
64.486	5	9	1.2004358783e-08
64.486	5	10	4.4478135764e-11
64.486	6	1	4.9888503776e-10
64.486	6	2	3.4228613456e-08
64.486	6	3	3.8078676411e-07
64.486	6	4	1.6856729854e-06
64.486	6	5	3.8185081532e-06
64.486	6	6	4.7871734412e-06
64.486	6	7	3.2415040088e-06
64.486	6	8	1.0213287792e-06
64.486	6	9	9.9711675058e-08
64.486	6	10	8.5065288904e-10
64.486	7	1	1.6924149622e-11
64.486	7	2	2.3393487428e-09
64.486	7	3	4.6001312130e-08
64.486	7	4	3.5442265339e-07
64.486	7	5	1.4217073562e-06
64.486	7	6	3.2415040088e-06
64.486	7	7	4.1358185143e-06
64.486	7	8	2.5816411811e-06
64.486	7	9	5.3814492323e-07
64.486	7	10	1.1769581634e-08
64.486	8	1	2.4268607805e-13
64.486	8	2	7.0452160327e-11
64.486	8	3	2.5044409022e-09
64.486	8	4	3.3698942649e-08
64.486	8	5	2.4067034500e-07
64.486	8	6	1.0213287792e-06
64.486	8	7	2.5816411811e-06
64.486	8	8	3.4820399123e-06
64.486	8	9	1.7735807886e-06
64.486	8	10	1.1872970547e-07
64.486	9	1	8.0005649444e-16
64.486	9	2	5.2563786524e-13
64.486	9	3	3.6394153981e-11
64.486	9	4	9.0405566139e-10
64.486	9	5	1.2004358783e-08
64.486	9	6	9.9711675058e-08
64.486	9	7	5.3814492323e-07
64.486	9	8	1.7735807886e-06
64.486	9	9	2.7392634346e-06
64.486	9	10	7.7182195389e-07
64.486	10	1	9.9905652159e-20
64.486	10	2	1.7355213770e-16
64.486	10	3	2.7929387202e-14
64.486	10	4	1.5279562496e-12
64.486	10	5	4.4478135764e-11
64.486	10	6	8.5065288904e-10
64.486	10	7	1.1769581634e-08
64.486	10	8	1.1872970547e-07
64.486	10	9	7.7182195389e-07
64.486	10	10	1.4581598352e-06
85.767	1	1	6.8759409496e-06
85.767	1	2	2.9671852676e-06
85.767	1	3	5.6680324585e-07
85.767	1	4	7.1396843701e-08
85.767	1	5	6.4096142147e-09
85.767	1	6	3.8203816224e-10
85.767	1	7	1.2933712219e-11
85.767	1	8	1.8698299926e-13
85.767	1	9	6.2870126324e-16
85.767	1	10	8.1492805761e-20
85.767	2	1	2.9671852676e-06
85.767	2	2	6.9863204092e-06
85.767	2	3	3.9269148791e-06
85.767	2	4	1.1650951610e-06
85.767	2	5	2.1862028301e-07
85.767	2	6	2.6154954491e-08
85.767	2	7	1.7930786272e-09
85.767	2	8	5.4630611930e-11
85.767	2	9	4.1632836836e-13
85.767	2	10	1.4248024117e-16
85.767	3	1	5.6680324585e-07
85.767	3	2	3.9269148791e-06
85.767	3	3	5.6643581855e-06
85.767	3	4	3.6650058824e-06
85.767	3	5	1.3390959909e-06
85.767	3	6	2.9115228826e-07
85.767	3	7	3.5409061756e-08
85.767	3	8	1.9546485891e-09
85.767	3	9	2.9039698121e-11
85.767	3	10	2.3068359918e-14
85.767	4	1	7.1396843701e-08
85.767	4	2	1.1650951610e-06
85.767	4	3	3.6650058824e-06
85.767	4	4	4.7950190829e-06
85.767	4	5	3.3099016201e-06
85.767	4	6	1.2927753652e-06
85.767	4	7	2.7434880084e-07
85.767	4	8	2.6487410776e-08
85.767	4	9	7.2672206298e-10
85.767	4	10	1.2696805407e-12
85.767	5	1	6.4096142147e-09
85.767	5	2	2.1862028301e-07
85.767	5	3	1.3390959909e-06
85.767	5	4	3.3099016201e-06
85.767	5	5	4.1978237376e-06
85.767	5	6	2.9452860498e-06
85.767	5	7	1.1087808317e-06
85.767	5	8	1.9073794891e-07
85.767	5	9	9.7261942371e-09
85.767	5	10	3.7192797302e-11
85.767	6	1	3.8203816224e-10
85.767	6	2	2.6154954491e-08
85.767	6	3	2.9115228826e-07
85.767	6	4	1.2927753652e-06
85.767	6	5	2.9452860498e-06
85.767	6	6	3.7248035386e-06
85.767	6	7	2.5530729061e-06
85.767	6	8	8.1762212224e-07
85.767	6	9	8.1522583442e-08
85.767	6	10	7.1621997764e-10
85.767	7	1	1.2933712219e-11
85.767	7	2	1.7930786272e-09
85.767	7	3	3.5409061756e-08
85.767	7	4	2.7434880084e-07
85.767	7	5	1.1087808317e-06
85.767	7	6	2.5530729061e-06
85.767	7	7	3.2990188334e-06
85.767	7	8	2.0923038228e-06
85.767	7	9	4.4481971211e-07
85.767	7	10	9.9899527933e-09
85.767	8	1	1.8698299926e-13
85.767	8	2	5.4630611930e-11
85.767	8	3	1.9546485891e-09
85.767	8	4	2.6487410776e-08
85.767	8	5	1.9073794891e-07
85.767	8	6	8.1762212224e-07
85.767	8	7	2.0923038228e-06
85.767	8	8	2.8646759322e-06
85.767	8	9	1.4863197150e-06
85.767	8	10	1.0184321219e-07
85.767	9	1	6.2870126324e-16
85.767	9	2	4.1632836836e-13
85.767	9	3	2.9039698121e-11
85.767	9	4	7.2672206298e-10
85.767	9	5	9.7261942371e-09
85.767	9	6	8.1522583442e-08
85.767	9	7	4.4481971211e-07
85.767	9	8	1.4863197150e-06
85.767	9	9	2.3363267327e-06
85.767	9	10	6.7263004211e-07
85.767	10	1	8.1492805761e-20
85.767	10	2	1.4248024117e-16
85.767	10	3	2.3068359918e-14
85.767	10	4	1.2696805407e-12
85.767	10	5	3.7192797302e-11
85.767	10	6	7.1621997764e-10
85.767	10	7	9.9899527933e-09
85.767	10	8	1.0184321219e-07
85.767	10	9	6.7263004211e-07
85.767	10	10	1.3043874460e-06
114.071	1	1	4.6477904128e-06
114.071	1	2	1.9914382115e-06
114.071	1	3	4.1163897881e-07
114.071	1	4	5.5655549093e-08
114.071	1	5	5.1573592151e-09
114.071	1	6	3.0821060355e-10
114.071	1	7	1.0295294012e-11
114.071	1	8	1.4597425298e-13
114.071	1	9	4.8223550637e-16
114.071	1	10	6.2109165382e-20
114.071	2	1	1.9914382115e-06
114.071	2	2	4.9906848332e-06
114.071	2	3	3.0130333644e-06
114.071	2	4	9.3074961337e-07
114.071	2	5	1.7655433293e-07
114.071	2	6	2.0959959852e-08
114.071	2	7	1.4136607400e-09
114.071	2	8	4.2323089871e-11
114.071	2	9	3.1826122510e-13
114.071	2	10	1.0869310551e-16
114.071	3	1	4.1163897881e-07
114.071	3	2	3.0130333644e-06
114.071	3	3	4.5081964177e-06
114.071	3	4	2.9582732780e-06
114.071	3	5	1.0779199424e-06
114.071	3	6	2.3144011923e-07
114.071	3	7	2.7693861243e-08
114.071	3	8	1.5059922532e-09
114.071	3	9	2.2155355043e-11
114.071	3	10	1.7622175292e-14
114.071	4	1	5.5655549093e-08
114.071	4	2	9.3074961337e-07
114.071	4	3	2.9582732780e-06
114.071	4	4	3.8647485523e-06
114.071	4	5	2.6423888979e-06
114.071	4	6	1.0180520445e-06
114.071	4	7	2.1298155050e-07
114.071	4	8	2.0319141746e-08
114.071	4	9	5.5385520457e-10
114.071	4	10	9.7167525115e-13
114.071	5	1	5.1573592151e-09
114.071	5	2	1.7655433293e-07
114.071	5	3	1.0779199424e-06
114.071	5	4	2.6423888979e-06
114.071	5	5	3.3134539594e-06
114.071	5	6	2.2964017009e-06
114.071	5	7	8.5478382994e-07
114.071	5	8	1.4580696321e-07
114.071	5	9	7.4107497557e-09
114.071	5	10	2.8529102846e-11
114.071	6	1	3.0821060355e-10
114.071	6	2	2.0959959852e-08
114.071	6	3	2.3144011923e-07
114.071	6	4	1.0180520445e-06
114.071	6	5	2.2964017009e-06
114.071	6	6	2.8767992876e-06
114.071	6	7	1.9564216977e-06
114.071	6	8	6.2348445932e-07
114.071	6	9	6.2160550586e-08
114.071	6	10	5.5104410101e-10
114.071	7	1	1.0295294012e-11
114.071	7	2	1.4136607400e-09
114.071	7	3	2.7693861243e-08
114.071	7	4	2.1298155050e-07
114.071	7	5	8.5478382994e-07
114.071	7	6	1.9564216977e-06
114.071	7	7	2.5172883350e-06
114.071	7	8	1.5942148307e-06
114.071	7	9	3.3993725614e-07
114.071	7	10	7.7186684041e-09
114.071	8	1	1.4597425298e-13
114.071	8	2	4.2323089871e-11
114.071	8	3	1.5059922532e-09
114.071	8	4	2.0319141746e-08
114.071	8	5	1.4580696321e-07
114.071	8	6	6.2348445932e-07
114.071	8	7	1.5942148307e-06
114.071	8	8	2.1866886982e-06
114.071	8	9	1.1413268528e-06
114.071	8	10	7.9214117737e-08
114.071	9	1	4.8223550637e-16
114.071	9	2	3.1826122510e-13
114.071	9	3	2.2155355043e-11
114.071	9	4	5.5385520457e-10
114.071	9	5	7.4107497557e-09
114.071	9	6	6.2160550586e-08
114.071	9	7	3.3993725614e-07
114.071	9	8	1.1413268528e-06
114.071	9	9	1.8107637883e-06
114.071	9	10	5.2953079365e-07
114.071	10	1	6.2109165382e-20
114.071	10	2	1.0869310551e-16
114.071	10	3	1.7622175292e-14
114.071	10	4	9.7167525115e-13
114.071	10	5	2.8529102846e-11
114.071	10	6	5.5104410101e-10
114.071	10	7	7.7186684041e-09
114.071	10	8	7.9214117737e-08
114.071	10	9	5.2953079365e-07
114.071	10	10	1.0513753880e-06
151.717	1	1	3.1647587154e-06
151.717	1	2	1.3749103954e-06
151.717	1	3	2.7017863605e-07
151.717	1	4	3.6180534168e-08
151.717	1	5	3.5099269134e-09
151.717	1	6	2.2384187470e-10
151.717	1	7	7.9266491321e-12
151.717	1	8	1.1688739640e-13
151.717	1	9	3.9152374636e-16
151.717	1	10	4.9595410378e-20
151.717	2	1	1.3749103954e-06
151.717	2	2	3.3064471295e-06
151.717	2	3	1.9519871303e-06
151.717	2	4	6.2173538140e-07
151.717	2	5	1.2509144191e-07
151.717	2	6	1.5765247703e-08
151.717	2	7	1.1129937121e-09
151.717	2	8	3.4184961743e-11
151.717	2	9	2.5807546460e-13
151.717	2	10	8.6404562130e-17
151.717	3	1	2.7017863605e-07
151.717	3	2	1.9519871303e-06
151.717	3	3	2.9893319104e-06
151.717	3	4	2.0602671576e-06
151.717	3	5	7.9335258385e-07
151.717	3	6	1.7870770356e-07
151.717	3	7	2.2106655891e-08
151.717	3	8	1.2209752998e-09
151.717	3	9	1.7917398060e-11
151.717	3	10	1.3947824704e-14
151.717	4	1	3.6180534168e-08
151.717	4	2	6.2173538140e-07
151.717	4	3	2.0602671576e-06
151.717	4	4	2.8217473608e-06
151.717	4	5	2.0151378588e-06
151.717	4	6	8.0321962643e-07
151.717	4	7	1.7163631675e-07
151.717	4	8	1.6490739349e-08
151.717	4	9	4.4626982053e-10
151.717	4	10	7.6572877682e-13
151.717	5	1	3.5099269134e-09
151.717	5	2	1.2509144191e-07
151.717	5	3	7.9335258385e-07
151.717	5	4	2.0151378588e-06
151.717	5	5	2.6023506290e-06
151.717	5	6	1.8413452959e-06
151.717	5	7	6.9277500547e-07
151.717	5	8	1.1818482318e-07
151.717	5	9	5.9433868909e-09
151.717	5	10	2.2382177508e-11
151.717	6	1	2.2384187470e-10
151.717	6	2	1.5765247703e-08
151.717	6	3	1.7870770356e-07
151.717	6	4	8.0321962643e-07
151.717	6	5	1.8413452959e-06
151.717	6	6	2.3290727370e-06
151.717	6	7	1.5877667033e-06
151.717	6	8	5.0340980667e-07
151.717	6	9	4.9554500349e-08
151.717	6	10	4.3026871608e-10
151.717	7	1	7.9266491321e-12
151.717	7	2	1.1129937121e-09
151.717	7	3	2.2106655891e-08
151.717	7	4	1.7163631675e-07
151.717	7	5	6.9277500547e-07
151.717	7	6	1.5877667033e-06
151.717	7	7	2.0358720459e-06
151.717	7	8	1.2783093408e-06
151.717	7	9	2.6890907328e-07
151.717	7	10	5.9949763473e-09
151.717	8	1	1.1688739640e-13
151.717	8	2	3.4184961743e-11
151.717	8	3	1.2209752998e-09
151.717	8	4	1.6490739349e-08
151.717	8	5	1.1818482318e-07
151.717	8	6	5.0340980667e-07
151.717	8	7	1.2783093408e-06
151.717	8	8	1.7355976708e-06
151.717	8	9	8.9408061029e-07
151.717	8	10	6.1139601338e-08
151.717	9	1	3.9152374636e-16
151.717	9	2	2.5807546460e-13
151.717	9	3	1.7917398060e-11
151.717	9	4	4.4626982053e-10
151.717	9	5	5.9433868909e-09
151.717	9	6	4.9554500349e-08
151.717	9	7	2.6890907328e-07
151.717	9	8	8.9408061029e-07
151.717	9	9	1.4023337412e-06
151.717	9	10	4.0569975284e-07
151.717	10	1	4.9595410378e-20
151.717	10	2	8.6404562130e-17
151.717	10	3	1.3947824704e-14
151.717	10	4	7.6572877682e-13
151.717	10	5	2.2382177508e-11
151.717	10	6	4.3026871608e-10
151.717	10	7	5.9949763473e-09
151.717	10	8	6.1139601338e-08
151.717	10	9	4.0569975284e-07
151.717	10	10	8.0178963221e-07
201.785	1	1	2.1255607751e-06
201.785	1	2	9.0778881884e-07
201.785	1	3	1.8697342667e-07
201.785	1	4	2.5497521888e-08
201.785	1	5	2.3805155304e-09
201.785	1	6	1.4474237669e-10
201.785	1	7	5.0385792219e-12
201.785	1	8	7.6405821695e-14
201.785	1	9	2.7418451587e-16
201.785	1	10	3.8138618477e-20
201.785	2	1	9.0778881884e-07
201.785	2	2	2.2656019980e-06
201.785	2	3	1.3771142948e-06
201.785	2	4	4.2853540016e-07
201.785	2	5	8.2240580533e-08
201.785	2	6	1.0052650437e-08
201.785	2	7	7.1395756145e-10
201.785	2	8	2.2880325322e-11
201.785	2	9	1.8506250632e-13
201.785	2	10	6.7221188664e-17
201.785	3	1	1.8697342667e-07
201.785	3	2	1.3771142948e-06
201.785	3	3	2.0735195666e-06
201.785	3	4	1.3718528993e-06
201.785	3	5	5.0993138783e-07
201.785	3	6	1.1379588926e-07
201.785	3	7	1.4401059464e-08
201.785	3	8	8.3598492673e-10
201.785	3	9	1.3109307466e-11
201.785	3	10	1.0956237964e-14
201.785	4	1	2.5497521888e-08
201.785	4	2	4.2853540016e-07
201.785	4	3	1.3718528993e-06
201.785	4	4	1.8205791702e-06
201.785	4	5	1.2820736714e-06
201.785	4	6	5.1629586890e-07
201.785	4	7	1.1414498497e-07
201.785	4	8	1.1553826570e-08
201.785	4	9	3.3253515996e-10
201.785	4	10	6.0655380911e-13
201.785	5	1	2.3805155304e-09
201.785	5	2	8.2240580533e-08
201.785	5	3	5.0993138783e-07
201.785	5	4	1.2820736714e-06
201.785	5	5	1.6668621090e-06
201.785	5	6	1.2086078142e-06
201.785	5	7	4.7311695360e-07
201.785	5	8	8.4872386907e-08
201.785	5	9	4.5073859121e-09
201.785	5	10	1.7861641150e-11
201.785	6	1	1.4474237669e-10
201.785	6	2	1.0052650437e-08
201.785	6	3	1.1379588926e-07
201.785	6	4	5.1629586890e-07
201.785	6	5	1.2086078142e-06
201.785	6	6	1.5778650483e-06
201.785	6	7	1.1196178367e-06
201.785	6	8	3.7135024381e-07
201.785	6	9	3.8255726975e-08
201.785	6	10	3.4567078023e-10
201.785	7	1	5.0385792219e-12
201.785	7	2	7.1395756145e-10
201.785	7	3	1.4401059464e-08
201.785	7	4	1.1414498497e-07
201.785	7	5	4.7311695360e-07
201.785	7	6	1.1196178367e-06
201.785	7	7	1.4881476950e-06
201.785	7	8	9.7005011897e-07
201.785	7	9	2.1136141558e-07
201.785	7	10	4.8451499905e-09
201.785	8	1	7.6405821695e-14
201.785	8	2	2.2880325322e-11
201.785	8	3	8.3598492673e-10
201.785	8	4	1.1553826570e-08
201.785	8	5	8.4872386907e-08
201.785	8	6	3.7135024381e-07
201.785	8	7	9.7005011897e-07
201.785	8	8	1.3543891055e-06
201.785	8	9	7.1481524787e-07
201.785	8	10	4.9646781786e-08
201.785	9	1	2.7418451587e-16
201.785	9	2	1.8506250632e-13
201.785	9	3	1.3109307466e-11
201.785	9	4	3.3253515996e-10
201.785	9	5	4.5073859121e-09
201.785	9	6	3.8255726975e-08
201.785	9	7	2.1136141558e-07
201.785	9	8	7.1481524787e-07
201.785	9	9	1.1357433042e-06
201.785	9	10	3.2980353657e-07
201.785	10	1	3.8138618477e-20
201.785	10	2	6.7221188664e-17
201.785	10	3	1.0956237964e-14
201.785	10	4	6.0655380911e-13
201.785	10	5	1.7861641150e-11
201.785	10	6	3.4567078023e-10
201.785	10	7	4.8451499905e-09
201.785	10	8	4.9646781786e-08
201.785	10	9	3.2980353657e-07
201.785	10	10	6.4508668074e-07
268.377	1	1	1.4527870166e-06
268.377	1	2	6.0496837567e-07
268.377	1	3	1.2228832823e-07
268.377	1	4	1.6364640140e-08
268.377	1	5	1.5655124913e-09
268.377	1	6	1.0027782643e-10
268.377	1	7	3.5980959470e-12
268.377	1	8	5.3411129021e-14
268.377	1	9	1.7986250199e-16
268.377	1	10	2.3886741095e-20
268.377	2	1	6.0496837567e-07
268.377	2	2	1.4891041413e-06
268.377	2	3	8.8610369843e-07
268.377	2	4	2.7831232752e-07
268.377	2	5	5.5852514963e-08
268.377	2	6	7.1173924198e-09
268.377	2	7	5.0740922452e-10
268.377	2	8	1.5636597520e-11
268.377	2	9	1.1920623820e-13
268.377	2	10	4.2179401614e-17
268.377	3	1	1.2228832823e-07
268.377	3	2	8.8610369843e-07
268.377	3	3	1.3406662949e-06
268.377	3	4	9.1869074163e-07
268.377	3	5	3.5641917974e-07
268.377	3	6	8.1161898196e-08
268.377	3	7	1.0097604555e-08
268.377	3	8	5.5939077292e-10
268.377	3	9	8.3377668197e-12
268.377	3	10	6.9039590798e-15
268.377	4	1	1.6364640140e-08
268.377	4	2	2.7831232752e-07
268.377	4	3	9.1869074163e-07
268.377	4	4	1.2655565861e-06
268.377	4	5	9.1265877048e-07
268.377	4	6	3.6630230684e-07
268.377	4	7	7.8488708260e-08
268.377	4	8	7.5791941898e-09
268.377	4	9	2.0968405503e-10
268.377	4	10	3.8468352022e-13
268.377	5	1	1.5655124913e-09
268.377	5	2	5.5852514963e-08
268.377	5	3	3.5641917974e-07
268.377	5	4	9.1265877048e-07
268.377	5	5	1.1859095750e-06
268.377	5	6	8.4151345662e-07
268.377	5	7	3.1733546944e-07
268.377	5	8	5.4640322054e-08
268.377	5	9	2.8281288009e-09
268.377	5	10	1.1427751743e-11
268.377	6	1	1.0027782643e-10
268.377	6	2	7.1173924198e-09
268.377	6	3	8.1161898196e-08
268.377	6	4	3.6630230684e-07
268.377	6	5	8.4151345662e-07
268.377	6	6	1.0661456873e-06
268.377	6	7	7.3057562273e-07
268.377	6	8	2.3525399733e-07
268.377	6	9	2.3991457321e-08
268.377	6	10	2.2376713615e-10
268.377	7	1	3.5980959470e-12
268.377	7	2	5.0740922452e-10
268.377	7	3	1.0097604555e-08
268.377	7	4	7.8488708260e-08
268.377	7	5	3.1733546944e-07
268.377	7	6	7.3057562273e-07
268.377	7	7	9.4721268505e-07
268.377	7	8	6.0858365867e-07
268.377	7	9	1.3341242751e-07
268.377	7	10	3.1883552038e-09
268.377	8	1	5.3411129021e-14
268.377	8	2	1.5636597520e-11
268.377	8	3	5.5939077292e-10
268.377	8	4	7.5791941898e-09
268.377	8	5	5.4640322054e-08
268.377	8	6	2.3525399733e-07
268.377	8	7	6.0858365867e-07
268.377	8	8	8.5168813160e-07
268.377	8	9	4.5930727711e-07
268.377	8	10	3.3492725233e-08
268.377	9	1	1.7986250199e-16
268.377	9	2	1.1920623820e-13
268.377	9	3	8.3377668197e-12
268.377	9	4	2.0968405503e-10
268.377	9	5	2.8281288009e-09
268.377	9	6	2.3991457321e-08
268.377	9	7	1.3341242751e-07
268.377	9	8	4.5930727711e-07
268.377	9	9	7.5619165874e-07
268.377	9	10	2.3178217276e-07
268.377	10	1	2.3886741095e-20
268.377	10	2	4.2179401614e-17
268.377	10	3	6.9039590798e-15
268.377	10	4	3.8468352022e-13
268.377	10	5	1.1427751743e-11
268.377	10	6	2.2376713615e-10
268.377	10	7	3.1883552038e-09
268.377	10	8	3.3492725233e-08
268.377	10	9	2.3178217276e-07
268.377	10	10	4.8242980816e-07
356.945	1	1	1.0200586961e-06
356.945	1	2	4.0652021192e-07
356.945	1	3	8.0814236977e-08
356.945	1	4	1.0841493993e-08
356.945	1	5	1.0386580617e-09
356.945	1	6	6.5208480528e-11
356.945	1	7	2.2732796811e-12
356.945	1	8	3.3771490066e-14
356.945	1	9	1.2054377512e-16
356.945	1	10	1.7163276141e-20
356.945	2	1	4.0652021192e-07
356.945	2	2	9.8588671026e-07
356.945	2	3	5.8589852573e-07
356.945	2	4	1.8481827807e-07
356.945	2	5	3.6666617368e-08
356.945	2	6	4.5481391635e-09
356.945	2	7	3.1893818470e-10
356.945	2	8	1.0055520542e-11
356.945	2	9	8.1716474864e-14
356.945	2	10	3.0339742753e-17
356.945	3	1	8.0814236977e-08
356.945	3	2	5.8589852573e-07
356.945	3	3	8.9031517509e-07
356.945	3	4	6.0638603378e-07
356.945	3	5	2.3026335584e-07
356.945	3	6	5.1256183380e-08
356.945	3	7	6.3783191878e-09
356.945	3	8	3.6701205939e-10
356.945	3	9	5.8175879410e-12
356.945	3	10	4.9553322925e-15
356.945	4	1	1.0841493993e-08
356.945	4	2	1.8481827807e-07
356.945	4	3	6.0638603378e-07
356.945	4	4	8.2080230305e-07
356.945	4	5	5.7935950957e-07
356.945	4	6	2.3035951550e-07
356.945	4	7	5.0239866069e-08
356.945	4	8	5.0819924249e-09
356.945	4	9	1.4832389126e-10
356.945	4	10	2.7473927183e-13
356.945	5	1	1.0386580617e-09
356.945	5	2	3.6666617368e-08
356.945	5	3	2.3026335584e-07
356.945	5	4	5.7935950957e-07
356.945	5	5	7.4562925942e-07
356.945	5	6	5.3370034305e-07
356.945	5	7	2.0771474640e-07
356.945	5	8	3.7497398683e-08
356.945	5	9	2.0205760744e-09
356.945	5	10	8.0985102894e-12
356.945	6	1	6.5208480528e-11
356.945	6	2	4.5481391635e-09
356.945	6	3	5.1256183380e-08
356.945	6	4	2.3035951550e-07
356.945	6	5	5.3370034305e-07
356.945	6	6	6.9280356397e-07
356.945	6	7	4.9289304456e-07
356.945	6	8	1.6517372646e-07
356.945	6	9	1.7231645272e-08
356.945	6	10	1.5682988646e-10
356.945	7	1	2.2732796811e-12
356.945	7	2	3.1893818470e-10
356.945	7	3	6.3783191878e-09
356.945	7	4	5.0239866069e-08
356.945	7	5	2.0771474640e-07
356.945	7	6	4.9289304456e-07
356.945	7	7	6.6028545942e-07
356.945	7	8	4.3493563240e-07
356.945	7	9	9.5592921999e-08
356.945	7	10	2.1993515520e-09
356.945	8	1	3.3771490066e-14
356.945	8	2	1.0055520542e-11
356.945	8	3	3.6701205939e-10
356.945	8	4	5.0819924249e-09
356.945	8	5	3.7497398683e-08
356.945	8	6	1.6517372646e-07
356.945	8	7	4.3493563240e-07
356.945	8	8	6.1163863482e-07
356.945	8	9	3.2413699415e-07
356.945	8	10	2.2560641758e-08
356.945	9	1	1.2054377512e-16
356.945	9	2	8.1716474864e-14
356.945	9	3	5.8175879410e-12
356.945	9	4	1.4832389126e-10
356.945	9	5	2.0205760744e-09
356.945	9	6	1.7231645272e-08
356.945	9	7	9.5592921999e-08
356.945	9	8	3.2413699415e-07
356.945	9	9	5.1578773373e-07
356.945	9	10	1.5066384100e-07
356.945	10	1	1.7163276141e-20
356.945	10	2	3.0339742753e-17
356.945	10	3	4.9553322925e-15
356.945	10	4	2.7473927183e-13
356.945	10	5	8.0985102894e-12
356.945	10	6	1.5682988646e-10
356.945	10	7	2.1993515520e-09
356.945	10	8	2.2560641758e-08
356.945	10	9	1.5066384100e-07
356.945	10	10	3.0351933279e-07
474.742	1	1	7.3437719488e-07
474.742	1	2	2.8003082977e-07
474.742	1	3	5.4455979706e-08
474.742	1	4	7.1978981082e-09
474.742	1	5	6.7887335061e-10
474.742	1	6	4.2195472851e-11
474.742	1	7	1.4728142315e-12
474.742	1	8	2.2106917675e-14
474.742	1	9	7.8772988072e-17
474.742	1	10	1.0677951995e-20
474.742	2	1	2.8003082977e-07
474.742	2	2	6.6652953311e-07
474.742	2	3	3.9053362482e-07
474.742	2	4	1.2142649973e-07
474.742	2	5	2.3794448830e-08
474.742	2	6	2.9417789386e-09
474.742	2	7	2.0762346453e-10
474.742	2	8	6.6013620754e-12
474.742	2	9	5.2963935213e-14
474.742	2	10	1.8748563484e-17
474.742	3	1	5.4455979706e-08
474.742	3	2	3.9053362482e-07
474.742	3	3	5.8625703534e-07
474.742	3	4	3.9454446979e-07
474.742	3	5	1.4894107352e-07
474.742	3	6	3.3234106791e-08
474.742	3	7	4.1707623496e-09
474.742	3	8	2.4071820257e-10
474.742	3	9	3.7335551079e-12
474.742	3	10	3.0494281036e-15
474.742	4	1	7.1978981082e-09
474.742	4	2	1.2142649973e-07
474.742	4	3	3.9454446979e-07
474.742	4	4	5.3107611413e-07
474.742	4	5	3.7505234191e-07
474.742	4	6	1.5005424600e-07
474.742	4	7	3.2956637832e-08
474.742	4	8	3.3183739120e-09
474.742	4	9	9.4169637678e-11
474.742	4	10	1.6880094821e-13
474.742	5	1	6.7887335061e-10
474.742	5	2	2.3794448830e-08
474.742	5	3	1.4894107352e-07
474.742	5	4	3.7505234191e-07
474.742	5	5	4.8506905551e-07
474.742	5	6	3.4953512072e-07
474.742	5	7	1.3625939689e-07
474.742	5	8	2.4275283876e-08
474.742	5	9	1.2685035015e-09
474.742	5	10	4.9825062541e-12
474.742	6	1	4.2195472851e-11
474.742	6	2	2.9417789386e-09
474.742	6	3	3.3234106791e-08
474.742	6	4	1.5005424600e-07
474.742	6	5	3.4953512072e-07
474.742	6	6	4.5475803329e-07
474.742	6	7	3.2129571101e-07
474.742	6	8	1.0549227599e-07
474.742	6	9	1.0699546640e-08
474.742	6	10	9.6987263545e-11
474.742	7	1	1.4728142315e-12
474.742	7	2	2.0762346453e-10
474.742	7	3	4.1707623496e-09
474.742	7	4	3.2956637832e-08
474.742	7	5	1.3625939689e-07
474.742	7	6	3.2129571101e-07
474.742	7	7	4.2387953454e-07
474.742	7	8	2.7292361928e-07
474.742	7	9	5.8874025715e-08
474.742	7	10	1.3753564145e-09
474.742	8	1	2.2106917675e-14
474.742	8	2	6.6013620754e-12
474.742	8	3	2.4071820257e-10
474.742	8	4	3.3183739120e-09
474.742	8	5	2.4275283876e-08
474.742	8	6	1.0549227599e-07
474.742	8	7	2.7292361928e-07
474.742	8	8	3.7763223131e-07
474.742	8	9	1.9992079849e-07
474.742	8	10	1.4423482981e-08
474.742	9	1	7.8772988072e-17
474.742	9	2	5.2963935213e-14
474.742	9	3	3.7335551079e-12
474.742	9	4	9.4169637678e-11
474.742	9	5	1.2685035015e-09
474.742	9	6	1.0699546640e-08
474.742	9	7	5.8874025715e-08
474.742	9	8	1.9992079849e-07
474.742	9	9	3.2597719615e-07
474.742	9	10	1.0047720083e-07
474.742	10	1	1.0677951995e-20
474.742	10	2	1.8748563484e-17
474.742	10	3	3.0494281036e-15
474.742	10	4	1.6880094821e-13
474.742	10	5	4.9825062541e-12
474.742	10	6	9.6987263545e-11
474.742	10	7	1.3753564145e-09
474.742	10	8	1.4423482981e-08
474.742	10	9	1.0047720083e-07
474.742	10	10	2.1339138294e-07
631.413	1	1	5.3964395389e-07
631.413	1	2	1.9951804975e-07
631.413	1	3	3.7869809349e-08
631.413	1	4	4.9092338491e-09
631.413	1	5	4.5490739979e-10
631.413	1	6	2.7892121401e-11
631.413	1	7	9.6788866851e-13
631.413	1	8	1.4347336727e-14
631.413	1	9	5.0058505900e-17
631.413	1	10	6.7943611213e-21
631.413	2	1	1.9951804975e-07
631.413	2	2	4.6544122758e-07
631.413	2	3	2.6767105597e-07
631.413	2	4	8.1843962032e-08
631.413	2	5	1.5797494749e-08
631.413	2	6	1.9374714370e-09
631.413	2	7	1.3580373091e-10
631.413	2	8	4.2469563347e-12
631.413	2	9	3.3545497534e-14
631.413	2	10	1.1971382654e-17
631.413	3	1	3.7869809349e-08
631.413	3	2	2.6767105597e-07
631.413	3	3	3.9613733747e-07
631.413	3	4	2.6288716251e-07
631.413	3	5	9.8304382995e-08
631.413	3	6	2.1824198291e-08
631.413	3	7	2.7106718884e-09
631.413	3	8	1.5380457834e-10
631.413	3	9	2.3624485621e-12
631.413	3	10	1.9545237791e-15
631.413	4	1	4.9092338491e-09
631.413	4	2	8.1843962032e-08
631.413	4	3	2.6288716251e-07
631.413	4	4	3.5084876248e-07
631.413	4	5	2.4666925940e-07
631.413	4	6	9.8063058323e-08
631.413	4	7	2.1252760365e-08
631.413	4	8	2.1092947435e-09
631.413	4	9	5.9628881809e-11
631.413	4	10	1.0863156050e-13
631.413	5	1	4.5490739979e-10
631.413	5	2	1.5797494749e-08
631.413	5	3	9.8304382995e-08
631.413	5	4	2.4666925940e-07
631.413	5	5	3.1748751964e-07
631.413	5	6	2.2649837592e-07
631.413	5	7	8.7127009769e-08
631.413	5	8	1.5378065895e-08
631.413	5	9	8.0500993893e-10
631.413	5	10	3.2199520766e-12
631.413	6	1	2.7892121401e-11
631.413	6	2	1.9374714370e-09
631.413	6	3	2.1824198291e-08
631.413	6	4	9.8063058323e-08
631.413	6	5	2.2649837592e-07
631.413	6	6	2.9144762725e-07
631.413	6	7	2.0398410430e-07
631.413	6	8	6.6769981608e-08
631.413	6	9	6.8176976428e-09
631.413	6	10	6.2939657138e-11
631.413	7	1	9.6788866851e-13
631.413	7	2	1.3580373091e-10
631.413	7	3	2.7106718884e-09
631.413	7	4	2.1252760365e-08
631.413	7	5	8.7127009769e-08
631.413	7	6	2.0398410430e-07
631.413	7	7	2.6825362317e-07
631.413	7	8	1.7322083122e-07
631.413	7	9	3.7758415971e-08
631.413	7	10	8.9579781218e-10
631.413	8	1	1.4347336727e-14
631.413	8	2	4.2469563347e-12
631.413	8	3	1.5380457834e-10
631.413	8	4	2.1092947435e-09
631.413	8	5	1.5378065895e-08
631.413	8	6	6.6769981608e-08
631.413	8	7	1.7322083122e-07
631.413	8	8	2.4148298267e-07
631.413	8	9	1.2936303961e-07
631.413	8	10	9.4057344954e-09
631.413	9	1	5.0058505900e-17
631.413	9	2	3.3545497534e-14
631.413	9	3	2.3624485621e-12
631.413	9	4	5.9628881809e-11
631.413	9	5	8.0500993893e-10
631.413	9	6	6.8176976428e-09
631.413	9	7	3.7758415971e-08
631.413	9	8	1.2936303961e-07
631.413	9	9	2.1243053364e-07
631.413	9	10	6.4971120177e-08
631.413	10	1	6.7943611213e-21
631.413	10	2	1.1971382654e-17
631.413	10	3	1.9545237791e-15
631.413	10	4	1.0863156050e-13
631.413	10	5	3.2199520766e-12
631.413	10	6	6.2939657138e-11
631.413	10	7	8.9579781218e-10
631.413	10	8	9.4057344954e-09
631.413	10	9	6.4971120177e-08
631.413	10	10	1.3350357011e-07
839.787	1	1	3.9772634651e-07
839.787	1	2	1.4572734648e-07
839.787	1	3	2.7136529241e-08
839.787	1	4	3.4519870885e-09
839.787	1	5	3.1429781167e-10
839.787	1	6	1.8948942216e-11
839.787	1	7	6.4752341629e-13
839.787	1	8	9.4577193402e-15
839.787	1	9	3.2324686797e-17
839.787	1	10	4.3497908977e-21
839.787	2	1	1.4572734648e-07
839.787	2	2	3.3472199913e-07
839.787	2	3	1.8916390354e-07
839.787	2	4	5.6870515307e-08
839.787	2	5	1.0800010011e-08
839.787	2	6	1.3043360854e-09
839.787	2	7	9.0212150655e-11
839.787	2	8	2.7778150407e-12
839.787	2	9	2.1563616265e-14
839.787	2	10	7.6570338701e-18
839.787	3	1	2.7136529241e-08
839.787	3	2	1.8916390354e-07
839.787	3	3	2.7594016075e-07
839.787	3	4	1.8051664958e-07
839.787	3	5	6.6555213997e-08
839.787	3	6	1.4586527115e-08
839.787	3	7	1.7892881029e-09
839.787	3	8	9.9915814717e-11
839.787	3	9	1.5151961037e-12
839.787	3	10	1.2480565471e-15
839.787	4	1	3.4519870885e-09
839.787	4	2	5.6870515307e-08
839.787	4	3	1.8051664958e-07
839.787	4	4	2.3802673672e-07
839.787	4	5	1.6544415142e-07
839.787	4	6	6.5081977345e-08
839.787	4	7	1.3930168039e-08
839.787	4	8	1.3622805393e-09
839.787	4	9	3.8206306675e-11
839.787	4	10	6.9192996626e-14
839.787	5	1	3.1429781167e-10
839.787	5	2	1.0800010011e-08
839.787	5	3	6.6555213997e-08
839.787	5	4	1.6544415142e-07
839.787	5	5	2.1107400078e-07
839.787	5	6	1.4910635378e-07
839.787	5	7	5.6643524120e-08
839.787	5	8	9.8859819707e-09
839.787	5	9	5.1554299595e-10
839.787	5	10	2.0440225618e-12
839.787	6	1	1.8948942216e-11
839.787	6	2	1.3043360854e-09
839.787	6	3	1.4586527115e-08
839.787	6	4	6.5081977345e-08
839.787	6	5	1.4910635378e-07
839.787	6	6	1.8992064576e-07
839.787	6	7	1.3154959992e-07
839.787	6	8	4.2804856149e-08
839.787	6	9	4.3624405455e-09
839.787	6	10	3.9780370276e-11
839.787	7	1	6.4752341629e-13
839.787	7	2	9.0212150655e-11
839.787	7	3	1.7892881029e-09
839.787	7	4	1.3930168039e-08
839.787	7	5	5.6643524120e-08
839.787	7	6	1.3154959992e-07
839.787	7	7	1.7208242512e-07
839.787	7	8	1.1093595260e-07
839.787	7	9	2.4094772519e-08
839.787	7	10	5.6305226044e-10
839.787	8	1	9.4577193402e-15
839.787	8	2	2.7778150407e-12
839.787	8	3	9.9915814717e-11
839.787	8	4	1.3622805393e-09
839.787	8	5	9.8859819707e-09
839.787	8	6	4.2804856149e-08
839.787	8	7	1.1093595260e-07
839.787	8	8	1.5432939074e-07
839.787	8	9	8.1990868543e-08
839.787	8	10	5.8715794440e-09
839.787	9	1	3.2324686797e-17
839.787	9	2	2.1563616265e-14
839.787	9	3	1.5151961037e-12
839.787	9	4	3.8206306675e-11
839.787	9	5	5.1554299595e-10
839.787	9	6	4.3624405455e-09
839.787	9	7	2.4094772519e-08
839.787	9	8	8.1990868543e-08
839.787	9	9	1.3309176185e-07
839.787	9	10	4.0266659307e-08
839.787	10	1	4.3497908977e-21
839.787	10	2	7.6570338701e-18
839.787	10	3	1.2480565471e-15
839.787	10	4	6.9192996626e-14
839.787	10	5	2.0440225618e-12
839.787	10	6	3.9780370276e-11
839.787	10	7	5.6305226044e-10
839.787	10	8	5.8715794440e-09
839.787	10	9	4.0266659307e-08
839.787	10	10	8.2738664457e-08
1116.929	1	1	2.8921416504e-07
1116.929	1	2	1.0758340996e-07
1116.929	1	3	1.9858558854e-08
1116.929	1	4	2.4941981895e-09
1116.929	1	5	2.2387605686e-10
1116.929	1	6	1.3293731073e-11
1116.929	1	7	4.4688934433e-13
1116.929	1	8	6.4116864813e-15
1116.929	1	9	2.1473937803e-17
1116.929	1	10	2.8132853825e-21
1116.929	2	1	1.0758340996e-07
1116.929	2	2	2.4544380998e-07
1116.929	2	3	1.3717804989e-07
1116.929	2	4	4.0705446507e-08
1116.929	2	5	7.6210043879e-09
1116.929	2	6	9.0661264537e-10
1116.929	2	7	6.1710036147e-11
1116.929	2	8	1.8689190395e-12
1116.929	2	9	1.4228901727e-14
1116.929	2	10	4.9381576230e-18
1116.929	3	1	1.9858558854e-08
1116.929	3	2	1.3717804989e-07
1116.929	3	3	1.9790871317e-07
1116.929	3	4	1.2788830712e-07
1116.929	3	5	4.6532216409e-08
1116.929	3	6	1.0054431522e-08
1116.929	3	7	1.2150132375e-09
1116.929	3	8	6.6792215253e-11
1116.929	3	9	9.9390611571e-13
1116.929	3	10	8.0302382521e-16
1116.929	4	1	2.4941981895e-09
1116.929	4	2	4.0705446507e-08
1116.929	4	3	1.2788830712e-07
1116.929	4	4	1.6675748931e-07
1116.929	4	5	1.1451982838e-07
1116.929	4	6	4.4472401811e-08
1116.929	4	7	9.3913702937e-09
1116.929	4	8	9.0484571438e-10
1116.929	4	9	2.4927183212e-11
1116.929	4	10	4.4419160682e-14
1116.929	5	1	2.2387605686e-10
1116.929	5	2	7.6210043879e-09
1116.929	5	3	4.6532216409e-08
1116.929	5	4	1.1451982838e-07
1116.929	5	5	1.4453902433e-07
1116.929	5	6	1.0095562523e-07
1116.929	5	7	3.7892303380e-08
1116.929	5	8	6.5203459906e-09
1116.929	5	9	3.3468474542e-10
1116.929	5	10	1.3086907108e-12
1116.929	6	1	1.3293731073e-11
1116.929	6	2	9.0661264537e-10
1116.929	6	3	1.0054431522e-08
1116.929	6	4	4.4472401811e-08
1116.929	6	5	1.0095562523e-07
1116.929	6	6	1.2733619491e-07
1116.929	6	7	8.7219572421e-08
1116.929	6	8	2.8010420610e-08
1116.929	6	9	2.8188030806e-09
1116.929	6	10	2.5376829416e-11
1116.929	7	1	4.4688934433e-13
1116.929	7	2	6.1710036147e-11
1116.929	7	3	1.2150132375e-09
1116.929	7	4	9.3913702937e-09
1116.929	7	5	3.7892303380e-08
1116.929	7	6	8.7219572421e-08
1116.929	7	7	1.1290969428e-07
1116.929	7	8	7.2006666919e-08
1116.929	7	9	1.5498007276e-08
1116.929	7	10	3.5718345745e-10
1116.929	8	1	6.4116864813e-15
1116.929	8	2	1.8689190395e-12
1116.929	8	3	6.6792215253e-11
1116.929	8	4	9.0484571438e-10
1116.929	8	5	6.5203459906e-09
1116.929	8	6	2.8010420610e-08
1116.929	8	7	7.2006666919e-08
1116.929	8	8	9.9456334237e-08
1116.929	8	9	5.2422981869e-08
1116.929	8	10	3.6912007249e-09
1116.929	9	1	2.1473937803e-17
1116.929	9	2	1.4228901727e-14
1116.929	9	3	9.9390611571e-13
1116.929	9	4	2.4927183212e-11
1116.929	9	5	3.3468474542e-10
1116.929	9	6	2.8188030806e-09
1116.929	9	7	1.5498007276e-08
1116.929	9	8	5.2422981869e-08
1116.929	9	9	8.4062413597e-08
1116.929	9	10	2.5006133407e-08
1116.929	10	1	2.8132853825e-21
1116.929	10	2	4.9381576230e-18
1116.929	10	3	8.0302382521e-16
1116.929	10	4	4.4419160682e-14
1116.929	10	5	1.3086907108e-12
1116.929	10	6	2.5376829416e-11
1116.929	10	7	3.5718345745e-10
1116.929	10	8	3.6912007249e-09
1116.929	10	9	2.5006133407e-08
1116.929	10	10	5.1238843279e-08
1485.530	1	1	2.0456938731e-07
1485.530	1	2	7.8865091017e-08
1485.530	1	3	1.4604747961e-08
1485.530	1	4	1.8277219268e-09
1485.530	1	5	1.6285959588e-10
1485.530	1	6	9.5745156631e-12
1485.530	1	7	3.1784599969e-13
1485.530	1	8	4.4895201962e-15
1485.530	1	9	1.4734892155e-17
1485.530	1	10	1.8751124378e-21
1485.530	2	1	7.8865091017e-08
1485.530	2	2	1.8051066226e-07
1485.530	2	3	1.0066159838e-07
1485.530	2	4	2.9691438288e-08
1485.530	2	5	5.5108516889e-09
1485.530	2	6	6.4844766848e-10
1485.530	2	7	4.3563356655e-11
1485.530	2	8	1.2989254689e-12
1485.530	2	9	9.6988873734e-15
1485.530	2	10	3.2755026525e-18
1485.530	3	1	1.4604747961e-08
1485.530	3	2	1.0066159838e-07
1485.530	3	3	1.4451665717e-07
1485.530	3	4	9.2719928901e-08
1485.530	3	5	3.3429119468e-08
1485.530	3	6	7.1436135098e-09
1485.530	3	7	8.5203834214e-10
1485.530	3	8	4.6121135319e-11
1485.530	3	9	6.7352279602e-13
1485.530	3	10	5.3020344616e-16
1485.530	4	1	1.8277219268e-09
1485.530	4	2	2.9691438288e-08
1485.530	4	3	9.2719928901e-08
1485.530	4	4	1.1998015881e-07
1485.530	4	5	8.1642988673e-08
1485.530	4	6	3.1364967131e-08
1485.530	4	7	6.5403175308e-09
1485.530	4	8	6.2081074763e-10
1485.530	4	9	1.6796923086e-11
1485.530	4	10	2.9193073346e-14
1485.530	5	1	1.6285959588e-10
1485.530	5	2	5.5108516889e-09
1485.530	5	3	3.3429119468e-08
1485.530	5	4	8.1642988673e-08
1485.530	5	5	1.0212837302e-07
1485.530	5	6	7.0601985800e-08
1485.530	5	7	2.6184254084e-08
1485.530	5	8	4.4425298965e-09
1485.530	5	9	2.2419320450e-10
1485.530	5	10	8.5602165536e-13
1485.530	6	1	9.5745156631e-12
1485.530	6	2	6.4844766848e-10
1485.530	6	3	7.1436135098e-09
1485.530	6	4	3.1364967131e-08
1485.530	6	5	7.0601985800e-08
1485.530	6	6	8.8191813200e-08
1485.530	6	7	5.9733341000e-08
1485.530	6	8	1.8933726850e-08
1485.530	6	9	1.8754797092e-09
1485.530	6	10	1.6515422508e-11
1485.530	7	1	3.1784599969e-13
1485.530	7	2	4.3563356655e-11
1485.530	7	3	8.5203834214e-10
1485.530	7	4	6.5403175308e-09
1485.530	7	5	2.6184254084e-08
1485.530	7	6	5.9733341000e-08
1485.530	7	7	7.6533786680e-08
1485.530	7	8	4.8224518846e-08
1485.530	7	9	1.0226542828e-08
1485.530	7	10	2.3113756099e-10
1485.530	8	1	4.4895201962e-15
1485.530	8	2	1.2989254689e-12
1485.530	8	3	4.6121135319e-11
1485.530	8	4	6.2081074763e-10
1485.530	8	5	4.4425298965e-09
1485.530	8	6	1.8933726850e-08
1485.530	8	7	4.8224518846e-08
1485.530	8	8	6.5861997080e-08
1485.530	8	9	3.4235348720e-08
1485.530	8	10	2.3718173268e-09
1485.530	9	1	1.4734892155e-17
1485.530	9	2	9.6988873734e-15
1485.530	9	3	6.7352279602e-13
1485.530	9	4	1.6796923086e-11
1485.530	9	5	2.2419320450e-10
1485.530	9	6	1.8754797092e-09
1485.530	9	7	1.0226542828e-08
1485.530	9	8	3.4235348720e-08
1485.530	9	9	5.4221916551e-08
1485.530	9	10	1.5893254910e-08
1485.530	10	1	1.8751124378e-21
1485.530	10	2	3.2755026525e-18
1485.530	10	3	5.3020344616e-16
1485.530	10	4	2.9193073346e-14
1485.530	10	5	8.5602165536e-13
1485.530	10	6	1.6515422508e-11
1485.530	10	7	2.3113756099e-10
1485.530	10	8	2.3718173268e-09
1485.530	10	9	1.5893254910e-08
1485.530	10	10	3.1961521189e-08
1975.775	1	1	1.3883601610e-07
1975.775	1	2	5.6300050864e-08
1975.775	1	3	1.0575658593e-08
1975.775	1	4	1.3310879391e-09
1975.775	1	5	1.1869633321e-10
1975.775	1	6	6.9582343315e-12
1975.775	1	7	2.2957608270e-13
1975.775	1	8	3.2107482086e-15
1975.775	1	9	1.0376964382e-17
1975.775	1	10	1.2861915521e-21
1975.775	2	1	5.6300050864e-08
1975.775	2	2	1.3046393457e-07
1975.775	2	3	7.3234072214e-08
1975.775	2	4	2.1642501423e-08
1975.775	2	5	4.0105260030e-09
1975.775	2	6	4.6975006906e-10
1975.775	2	7	3.1323445399e-11
1975.775	2	8	9.2396101464e-13
1975.775	2	9	6.7923927162e-15
1975.775	2	10	2.2361210143e-18
1975.775	3	1	1.0575658593e-08
1975.775	3	2	7.3234072214e-08
1975.775	3	3	1.0533778011e-07
1975.775	3	4	6.7528273985e-08
1975.775	3	5	2.4267217225e-08
1975.775	3	6	5.1563981192e-09
1975.775	3	7	6.0995540025e-10
1975.775	3	8	3.2644404320e-11
1975.775	3	9	4.6926126639e-13
1975.775	3	10	3.6031547285e-16
1975.775	4	1	1.3310879391e-09
1975.775	4	2	2.1642501423e-08
1975.775	4	3	6.7528273985e-08
1975.775	4	4	8.7154535440e-08
1975.775	4	5	5.9043950095e-08
1975.775	4	6	2.2538545753e-08
1975.775	4	7	4.6591421469e-09
1975.775	4	8	4.3714749441e-10
1975.775	4	9	1.1642488632e-11
1975.775	4	10	1.9747434308e-14
1975.775	5	1	1.1869633321e-10
1975.775	5	2	4.0105260030e-09
1975.775	5	3	2.4267217225e-08
1975.775	5	4	5.9043950095e-08
1975.775	5	5	7.3475292548e-08
1975.775	5	6	5.0446628987e-08
1975.775	5	7	1.8543578494e-08
1975.775	5	8	3.1099495702e-09
1975.775	5	9	1.5452696202e-10
1975.775	5	10	5.7622298592e-13
1975.775	6	1	6.9582343315e-12
1975.775	6	2	4.6975006906e-10
1975.775	6	3	5.1563981192e-09
1975.775	6	4	2.2538545753e-08
1975.775	6	5	5.0446628987e-08
1975.775	6	6	6.2567187559e-08
1975.775	6	7	4.1999390473e-08
1975.775	6	8	1.3161422764e-08
1975.775	6	9	1.2842274419e-09
1975.775	6	10	1.1056512333e-11
1975.775	7	1	2.2957608270e-13
1975.775	7	2	3.1323445399e-11
1975.775	7	3	6.0995540025e-10
1975.775	7	4	4.6591421469e-09
1975.775	7	5	1.8543578494e-08
1975.775	7	6	4.1999390473e-08
1975.775	7	7	5.3335054798e-08
1975.775	7	8	3.3232335660e-08
1975.775	7	9	6.9454801033e-09
1975.775	7	10	1.5371187416e-10
1975.775	8	1	3.2107482086e-15
1975.775	8	2	9.2396101464e-13
1975.775	8	3	3.2644404320e-11
1975.775	8	4	4.3714749441e-10
1975.775	8	5	3.1099495702e-09
1975.775	8	6	1.3161422764e-08
1975.775	8	7	3.3232335660e-08
1975.775	8	8	4.4890330794e-08
1975.775	8	9	2.3004222160e-08
1975.775	8	10	1.5630907734e-09
1975.775	9	1	1.0376964382e-17
1975.775	9	2	6.7923927162e-15
1975.775	9	3	4.6926126639e-13
1975.775	9	4	1.1642488632e-11
1975.775	9	5	1.5452696202e-10
1975.775	9	6	1.2842274419e-09
1975.775	9	7	6.9454801033e-09
1975.775	9	8	2.3004222160e-08
1975.775	9	9	3.5907945274e-08
1975.775	9	10	1.0328575970e-08
1975.775	10	1	1.2861915521e-21
1975.775	10	2	2.2361210143e-18
1975.775	10	3	3.6031547285e-16
1975.775	10	4	1.9747434308e-14
1975.775	10	5	5.7622298592e-13
1975.775	10	6	1.1056512333e-11
1975.775	10	7	1.5371187416e-10
1975.775	10	8	1.5630907734e-09
1975.775	10	9	1.0328575970e-08
1975.775	10	10	2.0305934030e-08
2627.808	1	1	9.0196810175e-08
2627.808	1	2	3.8735941974e-08
2627.808	1	3	7.4457160094e-09
2627.808	1	4	9.5021992607e-10
2627.808	1	5	8.5444139800e-11
2627.808	1	6	5.0315139035e-12
2627.808	1	7	1.6621379800e-13
2627.808	1	8	2.3194285151e-15
2627.808	1	9	7.4429797715e-18
2627.808	1	10	9.0677184491e-22
2627.808	2	1	3.8735941974e-08
2627.808	2	2	9.1532535679e-08
2627.808	2	3	5.2113170298e-08
2627.808	2	4	1.5542560453e-08
2627.808	2	5	2.8959867540e-09
2627.808	2	6	3.4002661249e-10
2627.808	2	7	2.2662588355e-11
2627.808	2	8	6.6602827747e-13
2627.808	2	9	4.8562168011e-15
2627.808	2	10	1.5708608774e-18
2627.808	3	1	7.4457160094e-09
2627.808	3	2	5.2113170298e-08
2627.808	3	3	7.5566174325e-08
2627.808	3	4	4.8705478648e-08
2627.808	3	5	1.7555503880e-08
2627.808	3	6	3.7327704533e-09
2627.808	3	7	4.4075318545e-10
2627.808	3	8	2.3475961693e-11
2627.808	3	9	3.3442215493e-13
2627.808	3	10	2.5222371235e-16
2627.808	4	1	9.5021992607e-10
2627.808	4	2	1.5542560453e-08
2627.808	4	3	4.8705478648e-08
2627.808	4	4	6.3031912011e-08
2627.808	4	5	4.2745485951e-08
2627.808	4	6	1.6304055773e-08
2627.808	4	7	3.3604953503e-09
2627.808	4	8	3.1351386642e-10
2627.808	4	9	8.2688004616e-12
2627.808	4	10	1.3772006042e-14
2627.808	5	1	8.5444139800e-11
2627.808	5	2	2.8959867540e-09
2627.808	5	3	1.7555503880e-08
2627.808	5	4	4.2745485951e-08
2627.808	5	5	5.3165558436e-08
2627.808	5	6	3.6429054479e-08
2627.808	5	7	1.3339126801e-08
2627.808	5	8	2.2228326103e-09
2627.808	5	9	1.0932246860e-10
2627.808	5	10	4.0023272615e-13
2627.808	6	1	5.0315139035e-12
2627.808	6	2	3.4002661249e-10
2627.808	6	3	3.7327704533e-09
2627.808	6	4	1.6304055773e-08
2627.808	6	5	3.6429054479e-08
2627.808	6	6	4.5045749418e-08
2627.808	6	7	3.0096478287e-08
2627.808	6	8	9.3654547619e-09
2627.808	6	9	9.0419655794e-10
2627.808	6	10	7.6436789707e-12
2627.808	7	1	1.6621379800e-13
2627.808	7	2	2.2662588355e-11
2627.808	7	3	4.4075318545e-10
2627.808	7	4	3.3604953503e-09
2627.808	7	5	1.3339126801e-08
2627.808	7	6	3.0096478287e-08
2627.808	7	7	3.8014514167e-08
2627.808	7	8	2.3507305160e-08
2627.808	7	9	4.8593337861e-09
2627.808	7	10	1.0564023792e-10
2627.808	8	1	2.3194285151e-15
2627.808	8	2	6.6602827747e-13
2627.808	8	3	2.3475961693e-11
2627.808	8	4	3.1351386642e-10
2627.808	8	5	2.2228326103e-09
2627.808	8	6	9.3654547619e-09
2627.808	8	7	2.3507305160e-08
2627.808	8	8	3.1494987579e-08
2627.808	8	9	1.5953635645e-08
2627.808	8	10	1.0653366942e-09
2627.808	9	1	7.4429797715e-18
2627.808	9	2	4.8562168011e-15
2627.808	9	3	3.3442215493e-13
2627.808	9	4	8.2688004616e-12
2627.808	9	5	1.0932246860e-10
2627.808	9	6	9.0419655794e-10
2627.808	9	7	4.8593337861e-09
2627.808	9	8	1.5953635645e-08
2627.808	9	9	2.4583504571e-08
2627.808	9	10	6.9443965092e-09
2627.808	10	1	9.0677184491e-22
2627.808	10	2	1.5708608774e-18
2627.808	10	3	2.5222371235e-16
2627.808	10	4	1.3772006042e-14
2627.808	10	5	4.0023272615e-13
2627.808	10	6	7.6436789707e-12
2627.808	10	7	1.0564023792e-10
2627.808	10	8	1.0653366942e-09
2627.808	10	9	6.9443965092e-09
2627.808	10	10	1.3323075029e-08
