0.000000000000000000e+00 4.865751816986417511e-04
5.000000000000000278e-02 3.646951955305210860e-04
1.000000000000000056e-01 5.257638133812262511e-04
1.500000000000000222e-01 1.205829692919159176e-03
2.000000000000000111e-01 1.410975216332826512e-03
2.500000000000000000e-01 1.448955072766015687e-03
3.000000000000000444e-01 2.805482770713138476e-03
3.500000000000000333e-01 1.595695123056016171e-03
4.000000000000000222e-01 1.923629991244856646e-03
4.500000000000000111e-01 3.931433805166399502e-03
5.000000000000000000e-01 9.614938352970262350e-03
5.500000000000000444e-01 1.677171019350371869e-02
6.000000000000000888e-01 5.260293375301245550e-02
6.500000000000000222e-01 1.495525309014465176e-01
7.000000000000000666e-01 1.965937156786313200e-01
7.500000000000000000e-01 1.408676327440705478e-01
8.000000000000000444e-01 1.318778397863905882e-01
8.500000000000000888e-01 1.205163912009899058e-01
9.000000000000000222e-01 5.333095910347553092e-02
9.500000000000000666e-01 4.311129878952556921e-02
1.000000000000000000e+00 2.165531019285580130e-02
1.050000000000000044e+00 9.100693674618761872e-03
1.100000000000000089e+00 1.056793959961938208e-02
1.150000000000000133e+00 7.576215102591146375e-03
1.200000000000000178e+00 9.709142295971478695e-03
1.250000000000000000e+00 3.446022574819608119e-03
1.300000000000000044e+00 1.831016130798827695e-03
1.350000000000000089e+00 1.902727287016498783e-03
1.400000000000000133e+00 1.278009836275334878e-03
1.450000000000000178e+00 0.000000000000000000e+00
1.500000000000000000e+00 4.887345375395573538e-04
1.550000000000000044e+00 0.000000000000000000e+00
1.600000000000000089e+00 7.706362610262280496e-06
1.650000000000000133e+00 0.000000000000000000e+00
1.700000000000000178e+00 0.000000000000000000e+00
1.750000000000000000e+00 3.837721283063767514e-04
1.800000000000000044e+00 1.672550882969022574e-04
1.850000000000000089e+00 2.809544357882749668e-04
1.900000000000000133e+00 0.000000000000000000e+00
1.950000000000000178e+00 2.253722059632243637e-04
2.000000000000000000e+00 0.000000000000000000e+00
2.050000000000000266e+00 0.000000000000000000e+00
2.100000000000000089e+00 4.755620905439451288e-05
2.149999999999999911e+00 2.065967685126801688e-04
2.200000000000000178e+00 0.000000000000000000e+00
2.250000000000000000e+00 6.152456677696595234e-05
2.300000000000000266e+00 0.000000000000000000e+00
2.350000000000000089e+00 0.000000000000000000e+00
2.400000000000000355e+00 2.457393488554620144e-04
2.450000000000000178e+00 0.000000000000000000e+00
2.500000000000000000e+00 0.000000000000000000e+00
2.550000000000000266e+00 0.000000000000000000e+00
2.600000000000000089e+00 0.000000000000000000e+00
2.650000000000000355e+00 0.000000000000000000e+00
2.700000000000000178e+00 0.000000000000000000e+00
2.750000000000000000e+00 0.000000000000000000e+00
2.800000000000000266e+00 0.000000000000000000e+00
2.850000000000000089e+00 0.000000000000000000e+00
2.900000000000000355e+00 0.000000000000000000e+00
2.950000000000000178e+00 0.000000000000000000e+00
3.000000000000000000e+00 2.787252869038173934e-04
3.050000000000000266e+00 0.000000000000000000e+00
3.100000000000000089e+00 0.000000000000000000e+00
3.150000000000000355e+00 0.000000000000000000e+00
3.200000000000000178e+00 0.000000000000000000e+00
3.250000000000000000e+00 0.000000000000000000e+00
3.300000000000000266e+00 0.000000000000000000e+00
3.350000000000000089e+00 0.000000000000000000e+00
3.400000000000000355e+00 0.000000000000000000e+00
3.450000000000000178e+00 0.000000000000000000e+00
3.500000000000000000e+00 0.000000000000000000e+00
3.550000000000000266e+00 0.000000000000000000e+00
3.600000000000000089e+00 0.000000000000000000e+00
3.650000000000000355e+00 0.000000000000000000e+00
3.700000000000000178e+00 0.000000000000000000e+00
3.750000000000000000e+00 0.000000000000000000e+00
3.800000000000000266e+00 0.000000000000000000e+00
3.850000000000000089e+00 0.000000000000000000e+00
3.900000000000000355e+00 0.000000000000000000e+00
3.950000000000000178e+00 0.000000000000000000e+00
4.000000000000000000e+00 0.000000000000000000e+00
4.049999999999999822e+00 0.000000000000000000e+00
4.100000000000000533e+00 0.000000000000000000e+00
4.150000000000000355e+00 0.000000000000000000e+00
4.200000000000000178e+00 0.000000000000000000e+00
4.250000000000000000e+00 0.000000000000000000e+00
4.299999999999999822e+00 0.000000000000000000e+00
4.350000000000000533e+00 0.000000000000000000e+00
4.400000000000000355e+00 0.000000000000000000e+00
4.450000000000000178e+00 0.000000000000000000e+00
4.500000000000000000e+00 0.000000000000000000e+00
4.549999999999999822e+00 0.000000000000000000e+00
4.600000000000000533e+00 0.000000000000000000e+00
4.650000000000000355e+00 0.000000000000000000e+00
4.700000000000000178e+00 0.000000000000000000e+00
4.750000000000000000e+00 0.000000000000000000e+00
4.800000000000000711e+00 0.000000000000000000e+00
4.850000000000000533e+00 0.000000000000000000e+00
4.900000000000000355e+00 0.000000000000000000e+00
4.950000000000000178e+00 0.000000000000000000e+00
5.000000000000000000e+00 0.000000000000000000e+00
5.050000000000000711e+00 0.000000000000000000e+00
5.100000000000000533e+00 0.000000000000000000e+00
5.150000000000000355e+00 0.000000000000000000e+00
5.200000000000000178e+00 0.000000000000000000e+00
5.250000000000000000e+00 0.000000000000000000e+00
5.300000000000000711e+00 0.000000000000000000e+00
5.350000000000000533e+00 0.000000000000000000e+00
5.400000000000000355e+00 0.000000000000000000e+00
5.450000000000000178e+00 0.000000000000000000e+00
5.500000000000000000e+00 0.000000000000000000e+00
5.550000000000000711e+00 0.000000000000000000e+00
5.600000000000000533e+00 0.000000000000000000e+00
5.650000000000000355e+00 0.000000000000000000e+00
5.700000000000000178e+00 0.000000000000000000e+00
5.750000000000000000e+00 0.000000000000000000e+00
5.800000000000000711e+00 0.000000000000000000e+00
5.850000000000000533e+00 0.000000000000000000e+00
5.900000000000000355e+00 0.000000000000000000e+00
5.950000000000000178e+00 0.000000000000000000e+00