0.000000000000000000e+00 0.000000000000000000e+00
5.000000000000000278e-02 0.000000000000000000e+00
1.000000000000000056e-01 3.851991743432866405e-03
1.500000000000000222e-01 5.172214725585173823e-04
2.000000000000000111e-01 2.006594194457726396e-03
2.500000000000000000e-01 7.745791157869725239e-04
3.000000000000000444e-01 3.459613417983106298e-03
3.500000000000000333e-01 3.941599593038572734e-03
4.000000000000000222e-01 6.033546163680197715e-06
4.500000000000000111e-01 3.299873478370393253e-03
5.000000000000000000e-01 3.046257326600968623e-03
5.500000000000000444e-01 4.828547398353165432e-03
6.000000000000000888e-01 4.659494728578528373e-03
6.500000000000000222e-01 1.740830759400880529e-02
7.000000000000000666e-01 1.430907002950513977e-02
7.500000000000000000e-01 9.410980796123125103e-03
8.000000000000000444e-01 1.586120694319139920e-02
8.500000000000000888e-01 2.305065849818458551e-02
9.000000000000000222e-01 1.898495161961402666e-02
9.500000000000000666e-01 3.659024304205756029e-02
1.000000000000000000e+00 5.096384218720924342e-02
1.050000000000000044e+00 3.128795150299795713e-02
1.100000000000000089e+00 5.332200038020970534e-02
1.150000000000000133e+00 5.114161501209035093e-02
1.200000000000000178e+00 8.289181204666973279e-02
1.250000000000000000e+00 7.266911762805279562e-02
1.300000000000000044e+00 8.249522663219227558e-02
1.350000000000000089e+00 1.001755556898651367e-01
1.400000000000000133e+00 5.236055088381143252e-02
1.450000000000000178e+00 2.966280953604757964e-02
1.500000000000000000e+00 3.374393865017688565e-02
1.550000000000000044e+00 1.396912085307958767e-02
1.600000000000000089e+00 1.705934592234181410e-02
1.650000000000000133e+00 8.969589100310945348e-03
1.700000000000000178e+00 6.079059774377057641e-03
1.750000000000000000e+00 1.556499292360045278e-02
1.800000000000000044e+00 1.745361230421001511e-02
1.850000000000000089e+00 5.230224328743163231e-03
1.900000000000000133e+00 1.008924522860886290e-02
1.950000000000000178e+00 9.483556882622454914e-03
2.000000000000000000e+00 2.184956133556475999e-02
2.050000000000000266e+00 1.310533144248871365e-02
2.100000000000000089e+00 7.471451645769801829e-03
2.149999999999999911e+00 1.426904712613054176e-02
2.200000000000000178e+00 7.588288464526676130e-03
2.250000000000000000e+00 7.354988798767997729e-03
2.300000000000000266e+00 3.990607709445082724e-03
2.350000000000000089e+00 1.817109048453041838e-03
2.400000000000000355e+00 2.479428811473716882e-03
2.450000000000000178e+00 1.574573199346270078e-03
2.500000000000000000e+00 2.738669380664257493e-03
2.550000000000000266e+00 1.541612905470163188e-03
2.600000000000000089e+00 6.348657020010111957e-05
2.650000000000000355e+00 1.304545845640791169e-03
2.700000000000000178e+00 3.494726026284937959e-04
2.750000000000000000e+00 2.589984927463819214e-04
2.800000000000000266e+00 0.000000000000000000e+00
2.850000000000000089e+00 0.000000000000000000e+00
2.900000000000000355e+00 1.447033660913345883e-03
2.950000000000000178e+00 1.754009545433560409e-04
3.000000000000000000e+00 0.000000000000000000e+00
3.050000000000000266e+00 0.000000000000000000e+00
3.100000000000000089e+00 0.000000000000000000e+00
3.150000000000000355e+00 0.000000000000000000e+00
3.200000000000000178e+00 0.000000000000000000e+00
3.250000000000000000e+00 0.000000000000000000e+00
3.300000000000000266e+00 0.000000000000000000e+00
3.350000000000000089e+00 0.000000000000000000e+00
3.400000000000000355e+00 0.000000000000000000e+00
3.450000000000000178e+00 0.000000000000000000e+00
3.500000000000000000e+00 0.000000000000000000e+00
3.550000000000000266e+00 0.000000000000000000e+00
3.600000000000000089e+00 0.000000000000000000e+00
3.650000000000000355e+00 0.000000000000000000e+00
3.700000000000000178e+00 0.000000000000000000e+00
3.750000000000000000e+00 0.000000000000000000e+00
3.800000000000000266e+00 0.000000000000000000e+00
3.850000000000000089e+00 0.000000000000000000e+00
3.900000000000000355e+00 0.000000000000000000e+00
3.950000000000000178e+00 0.000000000000000000e+00
4.000000000000000000e+00 0.000000000000000000e+00
4.049999999999999822e+00 0.000000000000000000e+00
4.100000000000000533e+00 0.000000000000000000e+00
4.150000000000000355e+00 0.000000000000000000e+00
4.200000000000000178e+00 0.000000000000000000e+00
4.250000000000000000e+00 0.000000000000000000e+00
4.299999999999999822e+00 0.000000000000000000e+00
4.350000000000000533e+00 0.000000000000000000e+00
4.400000000000000355e+00 0.000000000000000000e+00
4.450000000000000178e+00 0.000000000000000000e+00
4.500000000000000000e+00 0.000000000000000000e+00
4.549999999999999822e+00 0.000000000000000000e+00
4.600000000000000533e+00 0.000000000000000000e+00
4.650000000000000355e+00 0.000000000000000000e+00
4.700000000000000178e+00 0.000000000000000000e+00
4.750000000000000000e+00 0.000000000000000000e+00
4.800000000000000711e+00 0.000000000000000000e+00
4.850000000000000533e+00 0.000000000000000000e+00
4.900000000000000355e+00 0.000000000000000000e+00
4.950000000000000178e+00 0.000000000000000000e+00
5.000000000000000000e+00 0.000000000000000000e+00
5.050000000000000711e+00 0.000000000000000000e+00
5.100000000000000533e+00 0.000000000000000000e+00
5.150000000000000355e+00 0.000000000000000000e+00
5.200000000000000178e+00 0.000000000000000000e+00
5.250000000000000000e+00 0.000000000000000000e+00
5.300000000000000711e+00 0.000000000000000000e+00
5.350000000000000533e+00 0.000000000000000000e+00
5.400000000000000355e+00 0.000000000000000000e+00
5.450000000000000178e+00 0.000000000000000000e+00
5.500000000000000000e+00 0.000000000000000000e+00
5.550000000000000711e+00 0.000000000000000000e+00
5.600000000000000533e+00 0.000000000000000000e+00
5.650000000000000355e+00 0.000000000000000000e+00
5.700000000000000178e+00 0.000000000000000000e+00
5.750000000000000000e+00 0.000000000000000000e+00
5.800000000000000711e+00 0.000000000000000000e+00
5.850000000000000533e+00 0.000000000000000000e+00
5.900000000000000355e+00 0.000000000000000000e+00
5.950000000000000178e+00 0.000000000000000000e+00
