0.000000000000000000e+00 0.000000000000000000e+00
5.000000000000000278e-02 2.640958616889036055e-04
1.000000000000000056e-01 7.273586038534135588e-04
1.500000000000000222e-01 3.987438412914363233e-04
2.000000000000000111e-01 7.719171144685688492e-04
2.500000000000000000e-01 1.384615476487809560e-03
3.000000000000000444e-01 1.612514897472051107e-03
3.500000000000000333e-01 1.825172437685668647e-03
4.000000000000000222e-01 1.624819115579878787e-03
4.500000000000000111e-01 1.578598047913178266e-03
5.000000000000000000e-01 3.584430748751913764e-03
5.500000000000000444e-01 6.319252299753574421e-03
6.000000000000000888e-01 1.715874623920734393e-02
6.500000000000000222e-01 3.319581486653862268e-02
7.000000000000000666e-01 5.537551183003721483e-02
7.500000000000000000e-01 5.846139664805402592e-02
8.000000000000000444e-01 8.743755940221742406e-02
8.500000000000000888e-01 1.193214982532541796e-01
9.000000000000000222e-01 9.139176775920047902e-02
9.500000000000000666e-01 1.024064998113666386e-01
1.000000000000000000e+00 1.058050109513911513e-01
1.050000000000000044e+00 5.567017695455875326e-02
1.100000000000000089e+00 5.659202745273542862e-02
1.150000000000000133e+00 4.593046040843948297e-02
1.200000000000000178e+00 5.234255639041832803e-02
1.250000000000000000e+00 2.808630220166627445e-02
1.300000000000000044e+00 2.041622835420690146e-02
1.350000000000000089e+00 1.942541278394081805e-02
1.400000000000000133e+00 8.335782151539197771e-03
1.450000000000000178e+00 4.188375194813214429e-03
1.500000000000000000e+00 1.811666775406861520e-03
1.550000000000000044e+00 4.050262547643261797e-04
1.600000000000000089e+00 1.231512206941953302e-03
1.650000000000000133e+00 1.226560006094693346e-03
1.700000000000000178e+00 3.656566086670455951e-04
1.750000000000000000e+00 9.208319610751245334e-04
1.800000000000000044e+00 9.185409056722837213e-04
1.850000000000000089e+00 6.135907830961953775e-05
1.900000000000000133e+00 1.274762632806397157e-03
1.950000000000000178e+00 2.088313206739163827e-04
2.000000000000000000e+00 1.684308938047788130e-03
2.050000000000000266e+00 9.661259536084844651e-04
2.100000000000000089e+00 1.453585964109646415e-04
2.149999999999999911e+00 4.142329077770361590e-04
2.200000000000000178e+00 4.711287158675062981e-04
2.250000000000000000e+00 9.649254388671636880e-04
2.300000000000000266e+00 1.385068478947490325e-03
2.350000000000000089e+00 1.319768455461506318e-04
2.400000000000000355e+00 6.611825850451085633e-04
2.450000000000000178e+00 8.821250682806694096e-04
2.500000000000000000e+00 8.381481304523452549e-05
2.550000000000000266e+00 5.281142517664366839e-04
2.600000000000000089e+00 1.682752238696080566e-04
2.650000000000000355e+00 6.317423221843053004e-04
2.700000000000000178e+00 4.313573963171271706e-04
2.750000000000000000e+00 3.365109926655919429e-06
2.800000000000000266e+00 1.848067925096945192e-06
2.850000000000000089e+00 0.000000000000000000e+00
2.900000000000000355e+00 0.000000000000000000e+00
2.950000000000000178e+00 5.666112350893313433e-05
3.000000000000000000e+00 5.434596139993693416e-06
3.050000000000000266e+00 2.735328424690823936e-04
3.100000000000000089e+00 0.000000000000000000e+00
3.150000000000000355e+00 1.661616303761357108e-07
3.200000000000000178e+00 0.000000000000000000e+00
3.250000000000000000e+00 0.000000000000000000e+00
3.300000000000000266e+00 0.000000000000000000e+00
3.350000000000000089e+00 0.000000000000000000e+00
3.400000000000000355e+00 0.000000000000000000e+00
3.450000000000000178e+00 0.000000000000000000e+00
3.500000000000000000e+00 6.026403525393217675e-07
3.550000000000000266e+00 0.000000000000000000e+00
3.600000000000000089e+00 0.000000000000000000e+00
3.650000000000000355e+00 0.000000000000000000e+00
3.700000000000000178e+00 5.125807352216033404e-05
3.750000000000000000e+00 0.000000000000000000e+00
3.800000000000000266e+00 0.000000000000000000e+00
3.850000000000000089e+00 0.000000000000000000e+00
3.900000000000000355e+00 0.000000000000000000e+00
3.950000000000000178e+00 0.000000000000000000e+00
4.000000000000000000e+00 0.000000000000000000e+00
4.049999999999999822e+00 0.000000000000000000e+00
4.100000000000000533e+00 0.000000000000000000e+00
4.150000000000000355e+00 0.000000000000000000e+00
4.200000000000000178e+00 0.000000000000000000e+00
4.250000000000000000e+00 0.000000000000000000e+00
4.299999999999999822e+00 0.000000000000000000e+00
4.350000000000000533e+00 0.000000000000000000e+00
4.400000000000000355e+00 0.000000000000000000e+00
4.450000000000000178e+00 0.000000000000000000e+00
4.500000000000000000e+00 0.000000000000000000e+00
4.549999999999999822e+00 0.000000000000000000e+00
4.600000000000000533e+00 0.000000000000000000e+00
4.650000000000000355e+00 0.000000000000000000e+00
4.700000000000000178e+00 0.000000000000000000e+00
4.750000000000000000e+00 0.000000000000000000e+00
4.800000000000000711e+00 0.000000000000000000e+00
4.850000000000000533e+00 0.000000000000000000e+00
4.900000000000000355e+00 0.000000000000000000e+00
4.950000000000000178e+00 0.000000000000000000e+00
5.000000000000000000e+00 0.000000000000000000e+00
5.050000000000000711e+00 0.000000000000000000e+00
5.100000000000000533e+00 0.000000000000000000e+00
5.150000000000000355e+00 0.000000000000000000e+00
5.200000000000000178e+00 0.000000000000000000e+00
5.250000000000000000e+00 0.000000000000000000e+00
5.300000000000000711e+00 0.000000000000000000e+00
5.350000000000000533e+00 0.000000000000000000e+00
5.400000000000000355e+00 0.000000000000000000e+00
5.450000000000000178e+00 0.000000000000000000e+00
5.500000000000000000e+00 0.000000000000000000e+00
5.550000000000000711e+00 0.000000000000000000e+00
5.600000000000000533e+00 0.000000000000000000e+00
5.650000000000000355e+00 0.000000000000000000e+00
5.700000000000000178e+00 0.000000000000000000e+00
5.750000000000000000e+00 0.000000000000000000e+00
5.800000000000000711e+00 0.000000000000000000e+00
5.850000000000000533e+00 0.000000000000000000e+00
5.900000000000000355e+00 0.000000000000000000e+00
5.950000000000000178e+00 0.000000000000000000e+00