0.000000000000000000e+00 8.788164313366841809e-04
5.000000000000000278e-02 7.073055726113152211e-04
1.000000000000000056e-01 5.092371438629243220e-03
1.500000000000000222e-01 1.103272641364667211e-02
2.000000000000000111e-01 1.957731229407408749e-02
2.500000000000000000e-01 2.697171749400053761e-02
3.000000000000000444e-01 5.441429283210580392e-02
3.500000000000000333e-01 4.453209789466192059e-02
4.000000000000000222e-01 4.920133765877137549e-02
4.500000000000000111e-01 7.836581862494507167e-02
5.000000000000000000e-01 1.641888377507198515e-01
5.500000000000000444e-01 1.316077696742227743e-01
6.000000000000000888e-01 1.558691269468862606e-01
6.500000000000000222e-01 1.363401841796741676e-01
7.000000000000000666e-01 5.637043208628447072e-02
7.500000000000000000e-01 2.028616788984030986e-02
8.000000000000000444e-01 1.043786729616959057e-02
8.500000000000000888e-01 8.491458660346201670e-03
9.000000000000000222e-01 2.942410297697748735e-03
9.500000000000000666e-01 3.028212261256021335e-03
1.000000000000000000e+00 5.009379561954475577e-03
1.050000000000000044e+00 1.141793882190034887e-03
1.100000000000000089e+00 3.701171567178547245e-03
1.150000000000000133e+00 3.118845808204947275e-03
1.200000000000000178e+00 1.367152297316376547e-03
1.250000000000000000e+00 5.103006426478289307e-04
1.300000000000000044e+00 1.129234862579986181e-03
1.350000000000000089e+00 3.661541820951949794e-04
1.400000000000000133e+00 2.613422730248542093e-04
1.450000000000000178e+00 0.000000000000000000e+00
1.500000000000000000e+00 4.168707981431531568e-05
1.550000000000000044e+00 0.000000000000000000e+00
1.600000000000000089e+00 0.000000000000000000e+00
1.650000000000000133e+00 0.000000000000000000e+00
1.700000000000000178e+00 0.000000000000000000e+00
1.750000000000000000e+00 0.000000000000000000e+00
1.800000000000000044e+00 0.000000000000000000e+00
1.850000000000000089e+00 0.000000000000000000e+00
1.900000000000000133e+00 8.497123106245582733e-05
1.950000000000000178e+00 0.000000000000000000e+00
2.000000000000000000e+00 0.000000000000000000e+00
2.050000000000000266e+00 0.000000000000000000e+00
2.100000000000000089e+00 2.788280570129906362e-04
2.149999999999999911e+00 2.717645293085180452e-04
2.200000000000000178e+00 1.377706388542079558e-04
2.250000000000000000e+00 1.086885388573535408e-04
2.300000000000000266e+00 3.027594770368744045e-04
2.350000000000000089e+00 0.000000000000000000e+00
2.400000000000000355e+00 0.000000000000000000e+00
2.450000000000000178e+00 0.000000000000000000e+00
2.500000000000000000e+00 2.949477444568501089e-04
2.550000000000000266e+00 0.000000000000000000e+00
2.600000000000000089e+00 0.000000000000000000e+00
2.650000000000000355e+00 4.260786330658024529e-04
2.700000000000000178e+00 0.000000000000000000e+00
2.750000000000000000e+00 0.000000000000000000e+00
2.800000000000000266e+00 3.900398172985818502e-04
2.850000000000000089e+00 0.000000000000000000e+00
2.900000000000000355e+00 0.000000000000000000e+00
2.950000000000000178e+00 0.000000000000000000e+00
3.000000000000000000e+00 0.000000000000000000e+00
3.050000000000000266e+00 0.000000000000000000e+00
3.100000000000000089e+00 0.000000000000000000e+00
3.150000000000000355e+00 0.000000000000000000e+00
3.200000000000000178e+00 0.000000000000000000e+00
3.250000000000000000e+00 3.651236856628324676e-04
3.300000000000000266e+00 0.000000000000000000e+00
3.350000000000000089e+00 0.000000000000000000e+00
3.400000000000000355e+00 0.000000000000000000e+00
3.450000000000000178e+00 2.258654486635835600e-04
3.500000000000000000e+00 0.000000000000000000e+00
3.550000000000000266e+00 1.298363438332722736e-04
3.600000000000000089e+00 0.000000000000000000e+00
3.650000000000000355e+00 0.000000000000000000e+00
3.700000000000000178e+00 0.000000000000000000e+00
3.750000000000000000e+00 0.000000000000000000e+00
3.800000000000000266e+00 0.000000000000000000e+00
3.850000000000000089e+00 0.000000000000000000e+00
3.900000000000000355e+00 0.000000000000000000e+00
3.950000000000000178e+00 0.000000000000000000e+00
4.000000000000000000e+00 0.000000000000000000e+00
4.049999999999999822e+00 0.000000000000000000e+00
4.100000000000000533e+00 0.000000000000000000e+00
4.150000000000000355e+00 0.000000000000000000e+00
4.200000000000000178e+00 0.000000000000000000e+00
4.250000000000000000e+00 0.000000000000000000e+00
4.299999999999999822e+00 0.000000000000000000e+00
4.350000000000000533e+00 0.000000000000000000e+00
4.400000000000000355e+00 0.000000000000000000e+00
4.450000000000000178e+00 0.000000000000000000e+00
4.500000000000000000e+00 0.000000000000000000e+00
4.549999999999999822e+00 0.000000000000000000e+00
4.600000000000000533e+00 0.000000000000000000e+00
4.650000000000000355e+00 0.000000000000000000e+00
4.700000000000000178e+00 0.000000000000000000e+00
4.750000000000000000e+00 0.000000000000000000e+00
4.800000000000000711e+00 0.000000000000000000e+00
4.850000000000000533e+00 0.000000000000000000e+00
4.900000000000000355e+00 0.000000000000000000e+00
4.950000000000000178e+00 0.000000000000000000e+00
5.000000000000000000e+00 0.000000000000000000e+00
5.050000000000000711e+00 0.000000000000000000e+00
5.100000000000000533e+00 0.000000000000000000e+00
5.150000000000000355e+00 0.000000000000000000e+00
5.200000000000000178e+00 0.000000000000000000e+00
5.250000000000000000e+00 0.000000000000000000e+00
5.300000000000000711e+00 0.000000000000000000e+00
5.350000000000000533e+00 0.000000000000000000e+00
5.400000000000000355e+00 0.000000000000000000e+00
5.450000000000000178e+00 0.000000000000000000e+00
5.500000000000000000e+00 0.000000000000000000e+00
5.550000000000000711e+00 0.000000000000000000e+00
5.600000000000000533e+00 0.000000000000000000e+00
5.650000000000000355e+00 0.000000000000000000e+00
5.700000000000000178e+00 0.000000000000000000e+00
5.750000000000000000e+00 0.000000000000000000e+00
5.800000000000000711e+00 0.000000000000000000e+00
5.850000000000000533e+00 0.000000000000000000e+00
5.900000000000000355e+00 0.000000000000000000e+00
5.950000000000000178e+00 0.000000000000000000e+00