0.000000000000000000e+00 3.009884227802551125e-04
5.000000000000000278e-02 2.265378378501436106e-03
1.000000000000000056e-01 2.658669272818896603e-03
1.500000000000000222e-01 3.089370666024290977e-03
2.000000000000000111e-01 4.696312086484662543e-03
2.500000000000000000e-01 4.869745636324809661e-03
3.000000000000000444e-01 7.904286401432125339e-03
3.500000000000000333e-01 4.444975878913323512e-03
4.000000000000000222e-01 4.309974090811853099e-03
4.500000000000000111e-01 6.446609783748676048e-03
5.000000000000000000e-01 1.188769190643553485e-02
5.500000000000000444e-01 3.185725143135632875e-02
6.000000000000000888e-01 6.481672065374922964e-02
6.500000000000000222e-01 1.175043493090415364e-01
7.000000000000000666e-01 1.547072371921765777e-01
7.500000000000000000e-01 1.588605111003671133e-01
8.000000000000000444e-01 1.302014401749431172e-01
8.500000000000000888e-01 9.638723729162868015e-02
9.000000000000000222e-01 6.066961415844767530e-02
9.500000000000000666e-01 3.709457183402199015e-02
1.000000000000000000e+00 2.707667876535075138e-02
1.050000000000000044e+00 1.559020481272849722e-02
1.100000000000000089e+00 1.038176059832710517e-02
1.150000000000000133e+00 9.932881814760716535e-03
1.200000000000000178e+00 9.591097334670131702e-03
1.250000000000000000e+00 6.013512504951521939e-03
1.300000000000000044e+00 5.883209484827990610e-03
1.350000000000000089e+00 3.165385698214941319e-03
1.400000000000000133e+00 2.410335046420210552e-03
1.450000000000000178e+00 5.752496359196987430e-04
1.500000000000000000e+00 4.290261731341843388e-04
1.550000000000000044e+00 1.874957668263378674e-04
1.600000000000000089e+00 2.640389210154679613e-04
1.650000000000000133e+00 5.501291691674308273e-04
1.700000000000000178e+00 1.426053973926206489e-04
1.750000000000000000e+00 1.506503683723249966e-04
1.800000000000000044e+00 4.319161425908574865e-04
1.850000000000000089e+00 1.111691913522409023e-04
1.900000000000000133e+00 2.112485174619074509e-04
1.950000000000000178e+00 0.000000000000000000e+00
2.000000000000000000e+00 2.390887790643651421e-04
2.050000000000000266e+00 4.353372614272521838e-05
2.100000000000000089e+00 4.242360791666114532e-04
2.149999999999999911e+00 1.217691795040142384e-04
2.200000000000000178e+00 1.211414866965008477e-04
2.250000000000000000e+00 2.575525376364900458e-04
2.300000000000000266e+00 8.793616597641411054e-05
2.350000000000000089e+00 3.848435658976268828e-05
2.400000000000000355e+00 2.477839483654209528e-05
2.450000000000000178e+00 1.157942097723745160e-04
2.500000000000000000e+00 1.246867573136371127e-04
2.550000000000000266e+00 1.139133862860964175e-04
2.600000000000000089e+00 2.579492327875188075e-05
2.650000000000000355e+00 3.729050694546636271e-05
2.700000000000000178e+00 1.905561369375305522e-05
2.750000000000000000e+00 0.000000000000000000e+00
2.800000000000000266e+00 4.342466439141752075e-06
2.850000000000000089e+00 5.967879131436397671e-05
2.900000000000000355e+00 0.000000000000000000e+00
2.950000000000000178e+00 0.000000000000000000e+00
3.000000000000000000e+00 0.000000000000000000e+00
3.050000000000000266e+00 1.510680083733260136e-05
3.100000000000000089e+00 0.000000000000000000e+00
3.150000000000000355e+00 0.000000000000000000e+00
3.200000000000000178e+00 0.000000000000000000e+00
3.250000000000000000e+00 0.000000000000000000e+00
3.300000000000000266e+00 0.000000000000000000e+00
3.350000000000000089e+00 0.000000000000000000e+00
3.400000000000000355e+00 1.852215330676828102e-05
3.450000000000000178e+00 5.266680845075843102e-06
3.500000000000000000e+00 0.000000000000000000e+00
3.550000000000000266e+00 0.000000000000000000e+00
3.600000000000000089e+00 0.000000000000000000e+00
3.650000000000000355e+00 3.042883518967961138e-06
3.700000000000000178e+00 0.000000000000000000e+00
3.750000000000000000e+00 0.000000000000000000e+00
3.800000000000000266e+00 0.000000000000000000e+00
3.850000000000000089e+00 0.000000000000000000e+00
3.900000000000000355e+00 0.000000000000000000e+00
3.950000000000000178e+00 0.000000000000000000e+00
4.000000000000000000e+00 0.000000000000000000e+00
4.049999999999999822e+00 8.830222544443992229e-07
4.100000000000000533e+00 1.570342149004979039e-05
4.150000000000000355e+00 8.128339612259022543e-06
4.200000000000000178e+00 0.000000000000000000e+00
4.250000000000000000e+00 2.738323985029184284e-06
4.299999999999999822e+00 0.000000000000000000e+00
4.350000000000000533e+00 0.000000000000000000e+00
4.400000000000000355e+00 0.000000000000000000e+00
4.450000000000000178e+00 0.000000000000000000e+00
4.500000000000000000e+00 0.000000000000000000e+00
4.549999999999999822e+00 0.000000000000000000e+00
4.600000000000000533e+00 0.000000000000000000e+00
4.650000000000000355e+00 0.000000000000000000e+00
4.700000000000000178e+00 0.000000000000000000e+00
4.750000000000000000e+00 0.000000000000000000e+00
4.800000000000000711e+00 0.000000000000000000e+00
4.850000000000000533e+00 0.000000000000000000e+00
4.900000000000000355e+00 0.000000000000000000e+00
4.950000000000000178e+00 0.000000000000000000e+00
5.000000000000000000e+00 0.000000000000000000e+00
5.050000000000000711e+00 0.000000000000000000e+00
5.100000000000000533e+00 0.000000000000000000e+00
5.150000000000000355e+00 0.000000000000000000e+00
5.200000000000000178e+00 0.000000000000000000e+00
5.250000000000000000e+00 0.000000000000000000e+00
5.300000000000000711e+00 0.000000000000000000e+00
5.350000000000000533e+00 0.000000000000000000e+00
5.400000000000000355e+00 0.000000000000000000e+00
5.450000000000000178e+00 0.000000000000000000e+00
5.500000000000000000e+00 0.000000000000000000e+00
5.550000000000000711e+00 0.000000000000000000e+00
5.600000000000000533e+00 0.000000000000000000e+00
5.650000000000000355e+00 0.000000000000000000e+00
5.700000000000000178e+00 0.000000000000000000e+00
5.750000000000000000e+00 0.000000000000000000e+00
5.800000000000000711e+00 0.000000000000000000e+00
5.850000000000000533e+00 0.000000000000000000e+00
5.900000000000000355e+00 0.000000000000000000e+00
5.950000000000000178e+00 0.000000000000000000e+00
