0.000000000000000000e+00 3.697900371184100875e-03
5.000000000000000278e-02 1.953305665279643846e-02
1.000000000000000056e-01 6.158702732739222696e-02
1.500000000000000222e-01 8.987843025916890383e-02
2.000000000000000111e-01 1.330651211994781924e-01
2.500000000000000000e-01 1.435018872547398350e-01
3.000000000000000444e-01 1.499014959674112024e-01
3.500000000000000333e-01 1.319312362849407172e-01
4.000000000000000222e-01 1.030961466201112675e-01
4.500000000000000111e-01 5.013440986233380636e-02
5.000000000000000000e-01 3.985230187392383577e-02
5.500000000000000444e-01 2.448685894617642217e-02
6.000000000000000888e-01 1.468841013498834065e-02
6.500000000000000222e-01 9.919161758943695339e-03
7.000000000000000666e-01 4.988253449442541128e-03
7.500000000000000000e-01 3.129646837249325676e-03
8.000000000000000444e-01 1.407084002859370795e-03
8.500000000000000888e-01 8.603641975348502030e-04
9.000000000000000222e-01 1.210290535534315612e-03
9.500000000000000666e-01 1.428186149319353665e-03
1.000000000000000000e+00 7.644771007535263504e-04
1.050000000000000044e+00 1.027598258357523319e-03
1.100000000000000089e+00 3.724591042274011301e-04
1.150000000000000133e+00 3.754199726934507870e-04
1.200000000000000178e+00 7.728630307595995555e-04
1.250000000000000000e+00 1.372215046734349660e-03
1.300000000000000044e+00 1.056770815262716772e-03
1.350000000000000089e+00 5.499777891782191893e-04
1.400000000000000133e+00 3.049853244359742557e-04
1.450000000000000178e+00 5.580947604618517743e-04
1.500000000000000000e+00 1.622420011415265395e-04
1.550000000000000044e+00 1.515073610709712700e-04
1.600000000000000089e+00 2.342115356918894587e-04
1.650000000000000133e+00 4.044149642343570534e-05
1.700000000000000178e+00 5.031516977100429399e-06
1.750000000000000000e+00 4.092355973122085999e-05
1.800000000000000044e+00 1.586967476706773773e-04
1.850000000000000089e+00 6.247649562527602546e-05
1.900000000000000133e+00 4.956422384786075440e-04
1.950000000000000178e+00 6.983744570192731255e-05
2.000000000000000000e+00 2.293675011305276333e-04
2.050000000000000266e+00 1.823582121028962592e-04
2.100000000000000089e+00 8.257196907321196812e-05
2.149999999999999911e+00 8.364805442397861188e-05
2.200000000000000178e+00 1.665395360135019207e-04
2.250000000000000000e+00 1.473372031287354734e-04
2.300000000000000266e+00 2.039533076587070131e-04
2.350000000000000089e+00 9.156997262363350553e-05
2.400000000000000355e+00 8.141190533875375032e-05
2.450000000000000178e+00 1.107131191311840388e-04
2.500000000000000000e+00 2.707493234068656112e-04
2.550000000000000266e+00 2.474206732891835606e-04
2.600000000000000089e+00 1.135774240035916367e-04
2.650000000000000355e+00 3.455625045087744340e-05
2.700000000000000178e+00 1.429581283349183444e-04
2.750000000000000000e+00 1.104620770473473167e-04
2.800000000000000266e+00 4.240745559551541117e-05
2.850000000000000089e+00 3.045567794808927984e-04
2.900000000000000355e+00 5.258022839317293292e-05
2.950000000000000178e+00 6.062761873463487147e-05
3.000000000000000000e+00 3.928882753234734211e-05
3.050000000000000266e+00 7.355571004413313232e-05
3.100000000000000089e+00 3.535583129708263979e-05
3.150000000000000355e+00 3.208162511614573675e-05
3.200000000000000178e+00 3.053765454575862689e-05
3.250000000000000000e+00 3.638695375374405256e-05
3.300000000000000266e+00 2.827921729751765463e-05
3.350000000000000089e+00 3.046914370667151093e-05
3.400000000000000355e+00 3.052089887789930455e-06
3.450000000000000178e+00 8.041801652561413738e-06
3.500000000000000000e+00 2.298659885653060806e-05
3.550000000000000266e+00 0.000000000000000000e+00
3.600000000000000089e+00 8.335447382056599579e-06
3.650000000000000355e+00 0.000000000000000000e+00
3.700000000000000178e+00 4.651854046458740174e-06
3.750000000000000000e+00 0.000000000000000000e+00
3.800000000000000266e+00 1.304490783719088034e-05
3.850000000000000089e+00 5.419943409844947132e-07
3.900000000000000355e+00 0.000000000000000000e+00
3.950000000000000178e+00 8.823164349286639578e-07
4.000000000000000000e+00 0.000000000000000000e+00
4.049999999999999822e+00 0.000000000000000000e+00
4.100000000000000533e+00 0.000000000000000000e+00
4.150000000000000355e+00 0.000000000000000000e+00
4.200000000000000178e+00 0.000000000000000000e+00
4.250000000000000000e+00 0.000000000000000000e+00
4.299999999999999822e+00 0.000000000000000000e+00
4.350000000000000533e+00 0.000000000000000000e+00
4.400000000000000355e+00 0.000000000000000000e+00
4.450000000000000178e+00 0.000000000000000000e+00
4.500000000000000000e+00 0.000000000000000000e+00
4.549999999999999822e+00 0.000000000000000000e+00
4.600000000000000533e+00 0.000000000000000000e+00
4.650000000000000355e+00 0.000000000000000000e+00
4.700000000000000178e+00 0.000000000000000000e+00
4.750000000000000000e+00 0.000000000000000000e+00
4.800000000000000711e+00 0.000000000000000000e+00
4.850000000000000533e+00 0.000000000000000000e+00
4.900000000000000355e+00 0.000000000000000000e+00
4.950000000000000178e+00 0.000000000000000000e+00
5.000000000000000000e+00 0.000000000000000000e+00
5.050000000000000711e+00 0.000000000000000000e+00
5.100000000000000533e+00 0.000000000000000000e+00
5.150000000000000355e+00 0.000000000000000000e+00
5.200000000000000178e+00 0.000000000000000000e+00
5.250000000000000000e+00 0.000000000000000000e+00
5.300000000000000711e+00 0.000000000000000000e+00
5.350000000000000533e+00 0.000000000000000000e+00
5.400000000000000355e+00 0.000000000000000000e+00
5.450000000000000178e+00 0.000000000000000000e+00
5.500000000000000000e+00 0.000000000000000000e+00
5.550000000000000711e+00 0.000000000000000000e+00
5.600000000000000533e+00 0.000000000000000000e+00
5.650000000000000355e+00 0.000000000000000000e+00
5.700000000000000178e+00 0.000000000000000000e+00
5.750000000000000000e+00 0.000000000000000000e+00
5.800000000000000711e+00 0.000000000000000000e+00
5.850000000000000533e+00 0.000000000000000000e+00
5.900000000000000355e+00 0.000000000000000000e+00
5.950000000000000178e+00 0.000000000000000000e+00
