0.000000000000000000e+00 2.901003297438263235e-04
5.000000000000000278e-02 3.714802895102739880e-03
1.000000000000000056e-01 5.089767061715867909e-03
1.500000000000000222e-01 3.439062444163475205e-03
2.000000000000000111e-01 6.065053541757157302e-03
2.500000000000000000e-01 4.126329939632654431e-03
3.000000000000000444e-01 2.713447273920485594e-03
3.500000000000000333e-01 3.838860286606550921e-03
4.000000000000000222e-01 3.443586576786367148e-03
4.500000000000000111e-01 2.916462874072094091e-03
5.000000000000000000e-01 4.828171651704443040e-03
5.500000000000000444e-01 7.805276503145611861e-03
6.000000000000000888e-01 8.543120584548299923e-03
6.500000000000000222e-01 1.575445839828490749e-02
7.000000000000000666e-01 1.826000498527572194e-02
7.500000000000000000e-01 2.342148082670441125e-02
8.000000000000000444e-01 2.150566915027167514e-02
8.500000000000000888e-01 3.242762354991441526e-02
9.000000000000000222e-01 3.664406368652341900e-02
9.500000000000000666e-01 4.645382247271518522e-02
1.000000000000000000e+00 5.780616403267738179e-02
1.050000000000000044e+00 5.073956519971697943e-02
1.100000000000000089e+00 5.143584150658535997e-02
1.150000000000000133e+00 6.943923523732870029e-02
1.200000000000000178e+00 6.415543725539751829e-02
1.250000000000000000e+00 6.121520587229276056e-02
1.300000000000000044e+00 6.405580298654973970e-02
1.350000000000000089e+00 5.808118055174091993e-02
1.400000000000000133e+00 4.475245840462344082e-02
1.450000000000000178e+00 3.415750721476915747e-02
1.500000000000000000e+00 3.184909484312247602e-02
1.550000000000000044e+00 2.547556740330821426e-02
1.600000000000000089e+00 2.403242190079056886e-02
1.650000000000000133e+00 1.110094225278150312e-02
1.700000000000000178e+00 9.240627834433809765e-03
1.750000000000000000e+00 1.104022155946042007e-02
1.800000000000000044e+00 7.703849831081249419e-03
1.850000000000000089e+00 7.448697278644183031e-03
1.900000000000000133e+00 7.053380027177843896e-03
1.950000000000000178e+00 7.238423826123655501e-03
2.000000000000000000e+00 8.275060475843584035e-03
2.050000000000000266e+00 3.414426579040160791e-03
2.100000000000000089e+00 8.428169258468391767e-03
2.149999999999999911e+00 5.573674647103527696e-03
2.200000000000000178e+00 3.339216361629287165e-03
2.250000000000000000e+00 3.749115520402832719e-03
2.300000000000000266e+00 5.816173686383888965e-03
2.350000000000000089e+00 2.572207321067096920e-03
2.400000000000000355e+00 1.662847549954142405e-03
2.450000000000000178e+00 1.406448017319366023e-03
2.500000000000000000e+00 1.422012916484619374e-03
2.550000000000000266e+00 1.880912156939619061e-03
2.600000000000000089e+00 1.281675458006995959e-03
2.650000000000000355e+00 3.073395848530005624e-04
2.700000000000000178e+00 1.191838543995237063e-04
2.750000000000000000e+00 2.605534160740721251e-04
2.800000000000000266e+00 1.981195311337629120e-04
2.850000000000000089e+00 2.368646788997809437e-04
2.900000000000000355e+00 9.299373988282331181e-05
2.950000000000000178e+00 1.297554277791113319e-05
3.000000000000000000e+00 6.718174203301414157e-05
3.050000000000000266e+00 6.407900257429669985e-05
3.100000000000000089e+00 1.176188143014312207e-05
3.150000000000000355e+00 3.352207588501422892e-04
3.200000000000000178e+00 0.000000000000000000e+00
3.250000000000000000e+00 0.000000000000000000e+00
3.300000000000000266e+00 0.000000000000000000e+00
3.350000000000000089e+00 4.756342802693109947e-07
3.400000000000000355e+00 1.679310845776031908e-06
3.450000000000000178e+00 4.496545655973557495e-05
3.500000000000000000e+00 1.055076225979761435e-06
3.550000000000000266e+00 1.685131065502190779e-05
3.600000000000000089e+00 9.247458263176643727e-07
3.650000000000000355e+00 1.022801831134097466e-04
3.700000000000000178e+00 0.000000000000000000e+00
3.750000000000000000e+00 0.000000000000000000e+00
3.800000000000000266e+00 0.000000000000000000e+00
3.850000000000000089e+00 7.645497463031384595e-07
3.900000000000000355e+00 0.000000000000000000e+00
3.950000000000000178e+00 0.000000000000000000e+00
4.000000000000000000e+00 0.000000000000000000e+00
4.049999999999999822e+00 0.000000000000000000e+00
4.100000000000000533e+00 0.000000000000000000e+00
4.150000000000000355e+00 0.000000000000000000e+00
4.200000000000000178e+00 0.000000000000000000e+00
4.250000000000000000e+00 0.000000000000000000e+00
4.299999999999999822e+00 0.000000000000000000e+00
4.350000000000000533e+00 0.000000000000000000e+00
4.400000000000000355e+00 0.000000000000000000e+00
4.450000000000000178e+00 0.000000000000000000e+00
4.500000000000000000e+00 0.000000000000000000e+00
4.549999999999999822e+00 0.000000000000000000e+00
4.600000000000000533e+00 0.000000000000000000e+00
4.650000000000000355e+00 0.000000000000000000e+00
4.700000000000000178e+00 0.000000000000000000e+00
4.750000000000000000e+00 0.000000000000000000e+00
4.800000000000000711e+00 0.000000000000000000e+00
4.850000000000000533e+00 0.000000000000000000e+00
4.900000000000000355e+00 0.000000000000000000e+00
4.950000000000000178e+00 0.000000000000000000e+00
5.000000000000000000e+00 0.000000000000000000e+00
5.050000000000000711e+00 0.000000000000000000e+00
5.100000000000000533e+00 0.000000000000000000e+00
5.150000000000000355e+00 0.000000000000000000e+00
5.200000000000000178e+00 0.000000000000000000e+00
5.250000000000000000e+00 0.000000000000000000e+00
5.300000000000000711e+00 0.000000000000000000e+00
5.350000000000000533e+00 0.000000000000000000e+00
5.400000000000000355e+00 0.000000000000000000e+00
5.450000000000000178e+00 0.000000000000000000e+00
5.500000000000000000e+00 0.000000000000000000e+00
5.550000000000000711e+00 0.000000000000000000e+00
5.600000000000000533e+00 0.000000000000000000e+00
5.650000000000000355e+00 0.000000000000000000e+00
5.700000000000000178e+00 0.000000000000000000e+00
5.750000000000000000e+00 0.000000000000000000e+00
5.800000000000000711e+00 0.000000000000000000e+00
5.850000000000000533e+00 0.000000000000000000e+00
5.900000000000000355e+00 0.000000000000000000e+00
5.950000000000000178e+00 0.000000000000000000e+00
