0.000000000000000000e+00 1.569629951196421878e-03
5.000000000000000278e-02 1.736630641679983746e-03
1.000000000000000056e-01 6.387796821083117568e-03
1.500000000000000222e-01 1.255308685485196675e-02
2.000000000000000111e-01 2.349348949274572551e-02
2.500000000000000000e-01 3.506476061730972454e-02
3.000000000000000444e-01 6.428922837436655546e-02
3.500000000000000333e-01 8.930913490274462740e-02
4.000000000000000222e-01 1.505508895037164507e-01
4.500000000000000111e-01 1.979624000236961667e-01
5.000000000000000000e-01 1.823996354829652000e-01
5.500000000000000444e-01 1.201983326970791355e-01
6.000000000000000888e-01 6.222611454429866074e-02
6.500000000000000222e-01 2.330343772470973296e-02
7.000000000000000666e-01 9.262798156073301023e-03
7.500000000000000000e-01 5.366747468152409037e-03
8.000000000000000444e-01 1.394609707823512472e-03
8.500000000000000888e-01 1.612202233846693608e-03
9.000000000000000222e-01 8.342495080332765949e-04
9.500000000000000666e-01 1.390243904166448084e-03
1.000000000000000000e+00 1.199346169783533592e-03
1.050000000000000044e+00 1.192123203833224182e-03
1.100000000000000089e+00 6.130517416276643188e-04
1.150000000000000133e+00 1.163197520572911096e-03
1.200000000000000178e+00 7.517657267932288407e-04
1.250000000000000000e+00 1.100079196704278200e-03
1.300000000000000044e+00 3.554421599488922687e-04
1.350000000000000089e+00 4.627013220224119780e-04
1.400000000000000133e+00 5.482656352203402867e-05
1.450000000000000178e+00 4.849303789266717180e-05
1.500000000000000000e+00 3.121947985103550732e-04
1.550000000000000044e+00 7.929320313853081880e-05
1.600000000000000089e+00 1.214755118424792467e-04
1.650000000000000133e+00 3.141378979764550261e-05
1.700000000000000178e+00 7.721401079901588313e-06
1.750000000000000000e+00 2.150115387169443840e-05
1.800000000000000044e+00 0.000000000000000000e+00
1.850000000000000089e+00 4.157719822264947809e-06
1.900000000000000133e+00 7.148001955820939463e-07
1.950000000000000178e+00 0.000000000000000000e+00
2.000000000000000000e+00 4.529404869578646127e-05
2.050000000000000266e+00 8.889455424255869441e-06
2.100000000000000089e+00 2.600567835908091944e-05
2.149999999999999911e+00 2.079772923991843171e-05
2.200000000000000178e+00 1.676128866290258206e-04
2.250000000000000000e+00 8.079947298734985496e-06
2.300000000000000266e+00 1.751289066224416728e-05
2.350000000000000089e+00 0.000000000000000000e+00
2.400000000000000355e+00 3.400042970593915905e-05
2.450000000000000178e+00 6.194318590169001053e-05
2.500000000000000000e+00 5.720426758596594801e-05
2.550000000000000266e+00 4.985840586029843585e-05
2.600000000000000089e+00 1.475731169069823229e-04
2.650000000000000355e+00 1.421379705160989075e-04
2.700000000000000178e+00 8.751376047262530885e-06
2.750000000000000000e+00 7.400560505531862611e-05
2.800000000000000266e+00 7.147883703735463949e-05
2.850000000000000089e+00 1.531250205946696550e-04
2.900000000000000355e+00 3.010516714576041527e-05
2.950000000000000178e+00 3.762886401397401383e-05
3.000000000000000000e+00 3.468643131355884273e-05
3.050000000000000266e+00 1.924385754888496420e-06
3.100000000000000089e+00 4.682468998671209112e-05
3.150000000000000355e+00 2.718680516574592209e-05
3.200000000000000178e+00 3.948046465917702888e-05
3.250000000000000000e+00 2.631908960725391869e-05
3.300000000000000266e+00 1.052718625791363790e-05
3.350000000000000089e+00 9.029528156556979827e-05
3.400000000000000355e+00 1.192867165307785991e-06
3.450000000000000178e+00 2.339429536086971045e-05
3.500000000000000000e+00 2.372963503740664837e-05
3.550000000000000266e+00 8.661106205530825730e-06
3.600000000000000089e+00 7.431404023502031764e-06
3.650000000000000355e+00 6.169340565853539045e-06
3.700000000000000178e+00 1.165063903077360135e-05
3.750000000000000000e+00 9.696495707229102961e-06
3.800000000000000266e+00 2.232556510617856091e-05
3.850000000000000089e+00 8.191258422992526932e-06
3.900000000000000355e+00 0.000000000000000000e+00
3.950000000000000178e+00 9.021048962173393629e-06
4.000000000000000000e+00 0.000000000000000000e+00
4.049999999999999822e+00 0.000000000000000000e+00
4.100000000000000533e+00 4.667604211589808552e-07
4.150000000000000355e+00 2.125432749074397564e-06
4.200000000000000178e+00 0.000000000000000000e+00
4.250000000000000000e+00 0.000000000000000000e+00
4.299999999999999822e+00 0.000000000000000000e+00
4.350000000000000533e+00 0.000000000000000000e+00
4.400000000000000355e+00 0.000000000000000000e+00
4.450000000000000178e+00 1.777302752343046799e-06
4.500000000000000000e+00 0.000000000000000000e+00
4.549999999999999822e+00 0.000000000000000000e+00
4.600000000000000533e+00 0.000000000000000000e+00
4.650000000000000355e+00 0.000000000000000000e+00
4.700000000000000178e+00 0.000000000000000000e+00
4.750000000000000000e+00 0.000000000000000000e+00
4.800000000000000711e+00 0.000000000000000000e+00
4.850000000000000533e+00 0.000000000000000000e+00
4.900000000000000355e+00 0.000000000000000000e+00
4.950000000000000178e+00 0.000000000000000000e+00
5.000000000000000000e+00 0.000000000000000000e+00
5.050000000000000711e+00 0.000000000000000000e+00
5.100000000000000533e+00 0.000000000000000000e+00
5.150000000000000355e+00 0.000000000000000000e+00
5.200000000000000178e+00 0.000000000000000000e+00
5.250000000000000000e+00 0.000000000000000000e+00
5.300000000000000711e+00 0.000000000000000000e+00
5.350000000000000533e+00 0.000000000000000000e+00
5.400000000000000355e+00 0.000000000000000000e+00
5.450000000000000178e+00 0.000000000000000000e+00
5.500000000000000000e+00 0.000000000000000000e+00
5.550000000000000711e+00 0.000000000000000000e+00
5.600000000000000533e+00 0.000000000000000000e+00
5.650000000000000355e+00 0.000000000000000000e+00
5.700000000000000178e+00 0.000000000000000000e+00
5.750000000000000000e+00 0.000000000000000000e+00
5.800000000000000711e+00 0.000000000000000000e+00
5.850000000000000533e+00 0.000000000000000000e+00
5.900000000000000355e+00 0.000000000000000000e+00
5.950000000000000178e+00 0.000000000000000000e+00
