0.000000000000000000e+00 7.904946509756845827e-04
5.000000000000000278e-02 2.065428134190808868e-03
1.000000000000000056e-01 5.523812443579340266e-03
1.500000000000000222e-01 7.161171871856789051e-03
2.000000000000000111e-01 1.817882366466692934e-02
2.500000000000000000e-01 2.593556334012368444e-02
3.000000000000000444e-01 3.130778643231228037e-02
3.500000000000000333e-01 3.112735599368588596e-02
4.000000000000000222e-01 5.504877432429937378e-02
4.500000000000000111e-01 7.479944282428782620e-02
5.000000000000000000e-01 1.087012888418267959e-01
5.500000000000000444e-01 1.538186988910919817e-01
6.000000000000000888e-01 1.873699898845253564e-01
6.500000000000000222e-01 1.376126621186469778e-01
7.000000000000000666e-01 7.612286004130658368e-02
7.500000000000000000e-01 2.995129807115434750e-02
8.000000000000000444e-01 1.530569660931650582e-02
8.500000000000000888e-01 5.900771236732093097e-03
9.000000000000000222e-01 4.862527703885019016e-03
9.500000000000000666e-01 3.902629372515884366e-03
1.000000000000000000e+00 3.819182244490329416e-03
1.050000000000000044e+00 2.228636946422278206e-03
1.100000000000000089e+00 3.226218408475484221e-03
1.150000000000000133e+00 1.877921135992077252e-03
1.200000000000000178e+00 2.856255396129847926e-03
1.250000000000000000e+00 1.682014398565279427e-03
1.300000000000000044e+00 2.035033368240615412e-03
1.350000000000000089e+00 1.640203379596394048e-03
1.400000000000000133e+00 9.248050454423443383e-04
1.450000000000000178e+00 4.852791882055694831e-04
1.500000000000000000e+00 7.148957455683654059e-04
1.550000000000000044e+00 1.788088463014756216e-04
1.600000000000000089e+00 5.787823312792038735e-05
1.650000000000000133e+00 7.858491977649309274e-05
1.700000000000000178e+00 5.796706955459752380e-05
1.750000000000000000e+00 9.161926389579226767e-05
1.800000000000000044e+00 6.559937905366935941e-05
1.850000000000000089e+00 1.422044807991181524e-04
1.900000000000000133e+00 2.370750519791808093e-04
1.950000000000000178e+00 9.491581586422972647e-05
2.000000000000000000e+00 3.536476053190350873e-05
2.050000000000000266e+00 5.526294865250438418e-05
2.100000000000000089e+00 1.009236056810139246e-04
2.149999999999999911e+00 5.035388647749904973e-05
2.200000000000000178e+00 1.131602254385384094e-04
2.250000000000000000e+00 1.154146681874919800e-04
2.300000000000000266e+00 2.165307193075525019e-04
2.350000000000000089e+00 6.035713213278066735e-05
2.400000000000000355e+00 2.952025985262774193e-04
2.450000000000000178e+00 1.381960295221703694e-04
2.500000000000000000e+00 5.936739224677111781e-05
2.550000000000000266e+00 1.310415654999509108e-04
2.600000000000000089e+00 4.910531881064595836e-05
2.650000000000000355e+00 9.918952361625753245e-05
2.700000000000000178e+00 4.256313105958587159e-05
2.750000000000000000e+00 1.111208806075934405e-05
2.800000000000000266e+00 6.492730313974492452e-05
2.850000000000000089e+00 1.331442990831336198e-05
2.900000000000000355e+00 8.393412464574878673e-05
2.950000000000000178e+00 2.000183059025185072e-05
3.000000000000000000e+00 6.297460022342129616e-05
3.050000000000000266e+00 7.599032757447511151e-07
3.100000000000000089e+00 2.107652174998866506e-05
3.150000000000000355e+00 9.519806047800174911e-05
3.200000000000000178e+00 1.594101076068724018e-06
3.250000000000000000e+00 1.065178587710425931e-05
3.300000000000000266e+00 6.733371943452685915e-06
3.350000000000000089e+00 3.730566521204668901e-06
3.400000000000000355e+00 6.788713720021065406e-06
3.450000000000000178e+00 2.558621566755013191e-05
3.500000000000000000e+00 0.000000000000000000e+00
3.550000000000000266e+00 9.811104398920519870e-06
3.600000000000000089e+00 1.574728156377955419e-06
3.650000000000000355e+00 0.000000000000000000e+00
3.700000000000000178e+00 0.000000000000000000e+00
3.750000000000000000e+00 0.000000000000000000e+00
3.800000000000000266e+00 5.929700015249318967e-06
3.850000000000000089e+00 0.000000000000000000e+00
3.900000000000000355e+00 9.527541360028532249e-06
3.950000000000000178e+00 0.000000000000000000e+00
4.000000000000000000e+00 0.000000000000000000e+00
4.049999999999999822e+00 0.000000000000000000e+00
4.100000000000000533e+00 0.000000000000000000e+00
4.150000000000000355e+00 0.000000000000000000e+00
4.200000000000000178e+00 3.994195267179627420e-07
4.250000000000000000e+00 0.000000000000000000e+00
4.299999999999999822e+00 0.000000000000000000e+00
4.350000000000000533e+00 0.000000000000000000e+00
4.400000000000000355e+00 0.000000000000000000e+00
4.450000000000000178e+00 1.656155131804646037e-07
4.500000000000000000e+00 0.000000000000000000e+00
4.549999999999999822e+00 0.000000000000000000e+00
4.600000000000000533e+00 0.000000000000000000e+00
4.650000000000000355e+00 0.000000000000000000e+00
4.700000000000000178e+00 0.000000000000000000e+00
4.750000000000000000e+00 0.000000000000000000e+00
4.800000000000000711e+00 0.000000000000000000e+00
4.850000000000000533e+00 0.000000000000000000e+00
4.900000000000000355e+00 0.000000000000000000e+00
4.950000000000000178e+00 0.000000000000000000e+00
5.000000000000000000e+00 0.000000000000000000e+00
5.050000000000000711e+00 0.000000000000000000e+00
5.100000000000000533e+00 0.000000000000000000e+00
5.150000000000000355e+00 0.000000000000000000e+00
5.200000000000000178e+00 0.000000000000000000e+00
5.250000000000000000e+00 0.000000000000000000e+00
5.300000000000000711e+00 0.000000000000000000e+00
5.350000000000000533e+00 0.000000000000000000e+00
5.400000000000000355e+00 0.000000000000000000e+00
5.450000000000000178e+00 0.000000000000000000e+00
5.500000000000000000e+00 0.000000000000000000e+00
5.550000000000000711e+00 0.000000000000000000e+00
5.600000000000000533e+00 0.000000000000000000e+00
5.650000000000000355e+00 0.000000000000000000e+00
5.700000000000000178e+00 0.000000000000000000e+00
5.750000000000000000e+00 0.000000000000000000e+00
5.800000000000000711e+00 0.000000000000000000e+00
5.850000000000000533e+00 0.000000000000000000e+00
5.900000000000000355e+00 0.000000000000000000e+00
5.950000000000000178e+00 0.000000000000000000e+00
