0.000000000000000000e+00 5.837050152418715764e-04
5.000000000000000278e-02 1.846711842570226492e-03
1.000000000000000056e-01 3.464465616911296692e-03
1.500000000000000222e-01 2.769488172400692751e-03
2.000000000000000111e-01 3.094366633047142788e-03
2.500000000000000000e-01 3.880044317464399414e-03
3.000000000000000444e-01 4.864071313645355540e-03
3.500000000000000333e-01 4.928378710597840738e-03
4.000000000000000222e-01 5.389517488984273998e-03
4.500000000000000111e-01 5.529622722995872902e-03
5.000000000000000000e-01 8.564091693104559228e-03
5.500000000000000444e-01 1.145774684247422015e-02
6.000000000000000888e-01 1.927969482308574886e-02
6.500000000000000222e-01 3.267643942538552004e-02
7.000000000000000666e-01 4.966757237575419870e-02
7.500000000000000000e-01 6.912749868359889527e-02
8.000000000000000444e-01 9.224180142617979805e-02
8.500000000000000888e-01 1.065863677900091844e-01
9.000000000000000222e-01 1.049651575468783932e-01
9.500000000000000666e-01 1.095621928244680521e-01
1.000000000000000000e+00 9.188177066440217367e-02
1.050000000000000044e+00 6.979238756031955204e-02
1.100000000000000089e+00 5.546952558497195152e-02
1.150000000000000133e+00 4.014375299744247366e-02
1.200000000000000178e+00 2.821901168656422779e-02
1.250000000000000000e+00 2.035426387005569160e-02
1.300000000000000044e+00 1.409979202430210361e-02
1.350000000000000089e+00 1.302541422680027552e-02
1.400000000000000133e+00 6.559079636946189146e-03
1.450000000000000178e+00 4.533651628765315508e-03
1.500000000000000000e+00 3.902463352077572938e-03
1.550000000000000044e+00 2.033617709764609215e-03
1.600000000000000089e+00 1.947420148460874290e-03
1.650000000000000133e+00 1.401091825126525624e-03
1.700000000000000178e+00 1.075513814147036409e-03
1.750000000000000000e+00 1.338415525893962626e-03
1.800000000000000044e+00 1.133557601646922701e-03
1.850000000000000089e+00 4.717430570461847786e-04
1.900000000000000133e+00 3.348225303335235025e-05
1.950000000000000178e+00 3.772773524205530536e-04
2.000000000000000000e+00 3.058593429700795963e-04
2.050000000000000266e+00 5.124515138547596768e-05
2.100000000000000089e+00 9.711389846900784161e-05
2.149999999999999911e+00 2.575628903191113750e-04
2.200000000000000178e+00 0.000000000000000000e+00
2.250000000000000000e+00 2.224599035501279118e-04
2.300000000000000266e+00 2.125305488290165485e-04
2.350000000000000089e+00 1.281680167186099051e-04
2.400000000000000355e+00 2.507927686196725274e-05
2.450000000000000178e+00 1.016129765323466061e-04
2.500000000000000000e+00 1.513714081606568246e-05
2.550000000000000266e+00 1.326846021830034323e-04
2.600000000000000089e+00 6.544193446335866123e-05
2.650000000000000355e+00 2.037109494347550106e-05
2.700000000000000178e+00 2.083574320861909075e-05
2.750000000000000000e+00 0.000000000000000000e+00
2.800000000000000266e+00 1.688089900283591395e-05
2.850000000000000089e+00 0.000000000000000000e+00
2.900000000000000355e+00 0.000000000000000000e+00
2.950000000000000178e+00 4.293024751136022393e-06
3.000000000000000000e+00 0.000000000000000000e+00
3.050000000000000266e+00 5.503342786765994221e-06
3.100000000000000089e+00 3.526629454409742944e-05
3.150000000000000355e+00 0.000000000000000000e+00
3.200000000000000178e+00 0.000000000000000000e+00
3.250000000000000000e+00 1.439766238251953437e-06
3.300000000000000266e+00 8.346366441546488677e-06
3.350000000000000089e+00 0.000000000000000000e+00
3.400000000000000355e+00 0.000000000000000000e+00
3.450000000000000178e+00 0.000000000000000000e+00
3.500000000000000000e+00 0.000000000000000000e+00
3.550000000000000266e+00 0.000000000000000000e+00
3.600000000000000089e+00 0.000000000000000000e+00
3.650000000000000355e+00 0.000000000000000000e+00
3.700000000000000178e+00 0.000000000000000000e+00
3.750000000000000000e+00 0.000000000000000000e+00
3.800000000000000266e+00 0.000000000000000000e+00
3.850000000000000089e+00 0.000000000000000000e+00
3.900000000000000355e+00 0.000000000000000000e+00
3.950000000000000178e+00 0.000000000000000000e+00
4.000000000000000000e+00 0.000000000000000000e+00
4.049999999999999822e+00 0.000000000000000000e+00
4.100000000000000533e+00 0.000000000000000000e+00
4.150000000000000355e+00 0.000000000000000000e+00
4.200000000000000178e+00 0.000000000000000000e+00
4.250000000000000000e+00 0.000000000000000000e+00
4.299999999999999822e+00 0.000000000000000000e+00
4.350000000000000533e+00 0.000000000000000000e+00
4.400000000000000355e+00 0.000000000000000000e+00
4.450000000000000178e+00 0.000000000000000000e+00
4.500000000000000000e+00 0.000000000000000000e+00
4.549999999999999822e+00 0.000000000000000000e+00
4.600000000000000533e+00 0.000000000000000000e+00
4.650000000000000355e+00 0.000000000000000000e+00
4.700000000000000178e+00 0.000000000000000000e+00
4.750000000000000000e+00 0.000000000000000000e+00
4.800000000000000711e+00 0.000000000000000000e+00
4.850000000000000533e+00 0.000000000000000000e+00
4.900000000000000355e+00 0.000000000000000000e+00
4.950000000000000178e+00 0.000000000000000000e+00
5.000000000000000000e+00 0.000000000000000000e+00
5.050000000000000711e+00 0.000000000000000000e+00
5.100000000000000533e+00 0.000000000000000000e+00
5.150000000000000355e+00 0.000000000000000000e+00
5.200000000000000178e+00 0.000000000000000000e+00
5.250000000000000000e+00 0.000000000000000000e+00
5.300000000000000711e+00 0.000000000000000000e+00
5.350000000000000533e+00 0.000000000000000000e+00
5.400000000000000355e+00 0.000000000000000000e+00
5.450000000000000178e+00 0.000000000000000000e+00
5.500000000000000000e+00 0.000000000000000000e+00
5.550000000000000711e+00 0.000000000000000000e+00
5.600000000000000533e+00 0.000000000000000000e+00
5.650000000000000355e+00 0.000000000000000000e+00
5.700000000000000178e+00 0.000000000000000000e+00
5.750000000000000000e+00 0.000000000000000000e+00
5.800000000000000711e+00 0.000000000000000000e+00
5.850000000000000533e+00 0.000000000000000000e+00
5.900000000000000355e+00 0.000000000000000000e+00
5.950000000000000178e+00 0.000000000000000000e+00
