#ell		tomo_i	tomo_j	Cell_gg
1.0000000000e+00	1		1		7.154099e-06			
1.0000000000e+00	1		2		0.000000e+00			
1.0000000000e+00	2		1		0.000000e+00			
1.0000000000e+00	2		2		3.664580e-06			
1.0974987655e+00	1		1		7.575287e-06			
1.0974987655e+00	1		2		0.000000e+00			
1.0974987655e+00	2		1		0.000000e+00			
1.0974987655e+00	2		2		3.886484e-06			
1.2045035403e+00	1		1		8.032016e-06			
1.2045035403e+00	1		2		0.000000e+00			
1.2045035403e+00	2		1		0.000000e+00			
1.2045035403e+00	2		2		4.128177e-06			
1.3219411485e+00	1		1		8.526630e-06			
1.3219411485e+00	1		2		0.000000e+00			
1.3219411485e+00	2		1		0.000000e+00			
1.3219411485e+00	2		2		4.391213e-06			
1.4508287785e+00	1		1		9.061479e-06			
1.4508287785e+00	1		2		0.000000e+00			
1.4508287785e+00	2		1		0.000000e+00			
1.4508287785e+00	2		2		4.677219e-06			
1.5922827933e+00	1		1		9.638882e-06			
1.5922827933e+00	1		2		0.000000e+00			
1.5922827933e+00	2		1		0.000000e+00			
1.5922827933e+00	2		2		4.987888e-06			
1.7475284000e+00	1		1		1.026108e-05			
1.7475284000e+00	1		2		0.000000e+00			
1.7475284000e+00	2		1		0.000000e+00			
1.7475284000e+00	2		2		5.324964e-06			
1.9179102617e+00	1		1		1.093017e-05			
1.9179102617e+00	1		2		0.000000e+00			
1.9179102617e+00	2		1		0.000000e+00			
1.9179102617e+00	2		2		5.690228e-06			
2.1049041445e+00	1		1		1.164806e-05			
2.1049041445e+00	1		2		0.000000e+00			
2.1049041445e+00	2		1		0.000000e+00			
2.1049041445e+00	2		2		6.085473e-06			
2.3101297001e+00	1		1		1.241635e-05			
2.3101297001e+00	1		2		0.000000e+00			
2.3101297001e+00	2		1		0.000000e+00			
2.3101297001e+00	2		2		6.512459e-06			
2.5353644940e+00	1		1		1.323625e-05			
2.5353644940e+00	1		2		0.000000e+00			
2.5353644940e+00	2		1		0.000000e+00			
2.5353644940e+00	2		2		6.972878e-06			
2.7825594022e+00	1		1		1.410847e-05			
2.7825594022e+00	1		2		0.000000e+00			
2.7825594022e+00	2		1		0.000000e+00			
2.7825594022e+00	2		2		7.468343e-06			
3.0538555088e+00	1		1		1.503316e-05			
3.0538555088e+00	1		2		0.000000e+00			
3.0538555088e+00	2		1		0.000000e+00			
3.0538555088e+00	2		2		8.000339e-06			
3.3516026509e+00	1		1		1.600974e-05			
3.3516026509e+00	1		2		0.000000e+00			
3.3516026509e+00	2		1		0.000000e+00			
3.3516026509e+00	2		2		8.570153e-06			
3.6783797718e+00	1		1		1.703671e-05			
3.6783797718e+00	1		2		0.000000e+00			
3.6783797718e+00	2		1		0.000000e+00			
3.6783797718e+00	2		2		9.178676e-06			
4.0370172586e+00	1		1		1.811149e-05			
4.0370172586e+00	1		2		0.000000e+00			
4.0370172586e+00	2		1		0.000000e+00			
4.0370172586e+00	2		2		9.826440e-06			
4.4306214576e+00	1		1		1.923040e-05			
4.4306214576e+00	1		2		0.000000e+00			
4.4306214576e+00	2		1		0.000000e+00			
4.4306214576e+00	2		2		1.051367e-05			
4.8626015801e+00	1		1		2.038847e-05			
4.8626015801e+00	1		2		0.000000e+00			
4.8626015801e+00	2		1		0.000000e+00			
4.8626015801e+00	2		2		1.124003e-05			
5.3366992312e+00	1		1		2.157906e-05			
5.3366992312e+00	1		2		0.000000e+00			
5.3366992312e+00	2		1		0.000000e+00			
5.3366992312e+00	2		2		1.200418e-05			
5.8570208181e+00	1		1		2.279375e-05			
5.8570208181e+00	1		2		0.000000e+00			
5.8570208181e+00	2		1		0.000000e+00			
5.8570208181e+00	2		2		1.280432e-05			
6.4280731173e+00	1		1		2.402269e-05			
6.4280731173e+00	1		2		0.000000e+00			
6.4280731173e+00	2		1		0.000000e+00			
6.4280731173e+00	2		2		1.363794e-05			
7.0548023107e+00	1		1		2.525355e-05			
7.0548023107e+00	1		2		0.000000e+00			
7.0548023107e+00	2		1		0.000000e+00			
7.0548023107e+00	2		2		1.450090e-05			
7.7426368268e+00	1		1		2.647172e-05			
7.7426368268e+00	1		2		0.000000e+00			
7.7426368268e+00	2		1		0.000000e+00			
7.7426368268e+00	2		2		1.538828e-05			
8.4975343591e+00	1		1		2.766085e-05			
8.4975343591e+00	1		2		0.000000e+00			
8.4975343591e+00	2		1		0.000000e+00			
8.4975343591e+00	2		2		1.629438e-05			
9.3260334688e+00	1		1		2.880144e-05			
9.3260334688e+00	1		2		0.000000e+00			
9.3260334688e+00	2		1		0.000000e+00			
9.3260334688e+00	2		2		1.721096e-05			
1.0235310219e+01	1		1		2.987125e-05			
1.0235310219e+01	1		2		0.000000e+00			
1.0235310219e+01	2		1		0.000000e+00			
1.0235310219e+01	2		2		1.812916e-05			
1.1233240330e+01	1		1		3.084643e-05			
1.1233240330e+01	1		2		0.000000e+00			
1.1233240330e+01	2		1		0.000000e+00			
1.1233240330e+01	2		2		1.903885e-05			
1.2328467394e+01	1		1		3.169931e-05			
1.2328467394e+01	1		2		0.000000e+00			
1.2328467394e+01	2		1		0.000000e+00			
1.2328467394e+01	2		2		1.992645e-05			
1.3530477746e+01	1		1		3.240092e-05			
1.3530477746e+01	1		2		0.000000e+00			
1.3530477746e+01	2		1		0.000000e+00			
1.3530477746e+01	2		2		2.077856e-05			
1.4849682623e+01	1		1		3.292145e-05			
1.4849682623e+01	1		2		0.000000e+00			
1.4849682623e+01	2		1		0.000000e+00			
1.4849682623e+01	2		2		2.157888e-05			
1.6297508346e+01	1		1		3.322974e-05			
1.6297508346e+01	1		2		0.000000e+00			
1.6297508346e+01	2		1		0.000000e+00			
1.6297508346e+01	2		2		2.230789e-05			
1.7886495291e+01	1		1		3.329948e-05			
1.7886495291e+01	1		2		0.000000e+00			
1.7886495291e+01	2		1		0.000000e+00			
1.7886495291e+01	2		2		2.294691e-05			
1.9630406500e+01	1		1		3.310740e-05			
1.9630406500e+01	1		2		0.000000e+00			
1.9630406500e+01	2		1		0.000000e+00			
1.9630406500e+01	2		2		2.347126e-05			
2.1544346900e+01	1		1		3.263946e-05			
2.1544346900e+01	1		2		0.000000e+00			
2.1544346900e+01	2		1		0.000000e+00			
2.1544346900e+01	2		2		2.385733e-05			
2.3644894126e+01	1		1		3.189514e-05			
2.3644894126e+01	1		2		0.000000e+00			
2.3644894126e+01	2		1		0.000000e+00			
2.3644894126e+01	2		2		2.408013e-05			
2.5950242114e+01	1		1		3.088467e-05			
2.5950242114e+01	1		2		0.000000e+00			
2.5950242114e+01	2		1		0.000000e+00			
2.5950242114e+01	2		2		2.411134e-05			
2.8480358684e+01	1		1		2.963987e-05			
2.8480358684e+01	1		2		0.000000e+00			
2.8480358684e+01	2		1		0.000000e+00			
2.8480358684e+01	2		2		2.393133e-05			
3.1257158497e+01	1		1		2.820357e-05			
3.1257158497e+01	1		2		0.000000e+00			
3.1257158497e+01	2		1		0.000000e+00			
3.1257158497e+01	2		2		2.351947e-05			
3.4304692863e+01	1		1		2.663511e-05			
3.4304692863e+01	1		2		0.000000e+00			
3.4304692863e+01	2		1		0.000000e+00			
3.4304692863e+01	2		2		2.287194e-05			
3.7649358068e+01	1		1		2.500259e-05			
3.7649358068e+01	1		2		0.000000e+00			
3.7649358068e+01	2		1		0.000000e+00			
3.7649358068e+01	2		2		2.199965e-05			
4.1320124001e+01	1		1		2.337028e-05			
4.1320124001e+01	1		2		0.000000e+00			
4.1320124001e+01	2		1		0.000000e+00			
4.1320124001e+01	2		2		2.093182e-05			
4.5348785081e+01	1		1		2.179447e-05			
4.5348785081e+01	1		2		0.000000e+00			
4.5348785081e+01	2		1		0.000000e+00			
4.5348785081e+01	2		2		1.972399e-05			
4.9770235643e+01	1		1		2.030585e-05			
4.9770235643e+01	1		2		0.000000e+00			
4.9770235643e+01	2		1		0.000000e+00			
4.9770235643e+01	2		2		1.844271e-05			
5.4622772177e+01	1		1		1.890930e-05			
5.4622772177e+01	1		2		0.000000e+00			
5.4622772177e+01	2		1		0.000000e+00			
5.4622772177e+01	2		2		1.716315e-05			
5.9948425032e+01	1		1		1.758923e-05			
5.9948425032e+01	1		2		0.000000e+00			
5.9948425032e+01	2		1		0.000000e+00			
5.9948425032e+01	2		2		1.595082e-05			
6.5793322466e+01	1		1		1.632101e-05			
6.5793322466e+01	1		2		0.000000e+00			
6.5793322466e+01	2		1		0.000000e+00			
6.5793322466e+01	2		2		1.485130e-05			
7.2208090184e+01	1		1		1.507932e-05			
7.2208090184e+01	1		2		0.000000e+00			
7.2208090184e+01	2		1		0.000000e+00			
7.2208090184e+01	2		2		1.388229e-05			
7.9248289835e+01	1		1		1.383888e-05			
7.9248289835e+01	1		2		0.000000e+00			
7.9248289835e+01	2		1		0.000000e+00			
7.9248289835e+01	2		2		1.303224e-05			
8.6974900262e+01	1		1		1.256953e-05			
8.6974900262e+01	1		2		0.000000e+00			
8.6974900262e+01	2		1		0.000000e+00			
8.6974900262e+01	2		2		1.225647e-05			
9.5454845666e+01	1		1		1.124840e-05			
9.5454845666e+01	1		2		0.000000e+00			
9.5454845666e+01	2		1		0.000000e+00			
9.5454845666e+01	2		2		1.147749e-05			
1.0476157528e+02	1		1		9.900209e-06			
1.0476157528e+02	1		2		0.000000e+00			
1.0476157528e+02	2		1		0.000000e+00			
1.0476157528e+02	2		2		1.060390e-05			
1.1497569954e+02	1		1		8.611004e-06			
1.1497569954e+02	1		2		0.000000e+00			
1.1497569954e+02	2		1		0.000000e+00			
1.1497569954e+02	2		2		9.570309e-06			
1.2618568831e+02	1		1		7.487171e-06			
1.2618568831e+02	1		2		0.000000e+00			
1.2618568831e+02	2		1		0.000000e+00			
1.2618568831e+02	2		2		8.405204e-06			
1.3848863714e+02	1		1		6.583777e-06			
1.3848863714e+02	1		2		0.000000e+00			
1.3848863714e+02	2		1		0.000000e+00			
1.3848863714e+02	2		2		7.258009e-06			
1.5199110830e+02	1		1		5.842552e-06			
1.5199110830e+02	1		2		0.000000e+00			
1.5199110830e+02	2		1		0.000000e+00			
1.5199110830e+02	2		2		6.315123e-06			
1.6681005372e+02	1		1		5.114366e-06			
1.6681005372e+02	1		2		0.000000e+00			
1.6681005372e+02	2		1		0.000000e+00			
1.6681005372e+02	2		2		5.636400e-06			
1.8307382803e+02	1		1		4.349000e-06			
1.8307382803e+02	1		2		0.000000e+00			
1.8307382803e+02	2		1		0.000000e+00			
1.8307382803e+02	2		2		5.077558e-06			
2.0092330026e+02	1		1		3.682943e-06			
2.0092330026e+02	1		2		0.000000e+00			
2.0092330026e+02	2		1		0.000000e+00			
2.0092330026e+02	2		2		4.443573e-06			
2.2051307399e+02	1		1		3.187919e-06			
2.2051307399e+02	1		2		0.000000e+00			
2.2051307399e+02	2		1		0.000000e+00			
2.2051307399e+02	2		2		3.758415e-06			
2.4201282648e+02	1		1		2.747898e-06			
2.4201282648e+02	1		2		0.000000e+00			
2.4201282648e+02	2		1		0.000000e+00			
2.4201282648e+02	2		2		3.209450e-06			
2.6560877829e+02	1		1		2.310110e-06			
2.6560877829e+02	1		2		0.000000e+00			
2.6560877829e+02	2		1		0.000000e+00			
2.6560877829e+02	2		2		2.805445e-06			
2.9150530628e+02	1		1		1.961808e-06			
2.9150530628e+02	1		2		0.000000e+00			
2.9150530628e+02	2		1		0.000000e+00			
2.9150530628e+02	2		2		2.402634e-06			
3.1992671378e+02	1		1		1.672145e-06			
3.1992671378e+02	1		2		0.000000e+00			
3.1992671378e+02	2		1		0.000000e+00			
3.1992671378e+02	2		2		2.027821e-06			
3.5111917342e+02	1		1		1.405748e-06			
3.5111917342e+02	1		2		0.000000e+00			
3.5111917342e+02	2		1		0.000000e+00			
3.5111917342e+02	2		2		1.733478e-06			
3.8535285937e+02	1		1		1.192706e-06			
3.8535285937e+02	1		2		0.000000e+00			
3.8535285937e+02	2		1		0.000000e+00			
3.8535285937e+02	2		2		1.466943e-06			
4.2292428744e+02	1		1		1.005911e-06			
4.2292428744e+02	1		2		0.000000e+00			
4.2292428744e+02	2		1		0.000000e+00			
4.2292428744e+02	2		2		1.241125e-06			
4.6415888336e+02	1		1		8.516907e-07			
4.6415888336e+02	1		2		0.000000e+00			
4.6415888336e+02	2		1		0.000000e+00			
4.6415888336e+02	2		2		1.047973e-06			
5.0941380148e+02	1		1		7.207302e-07			
5.0941380148e+02	1		2		0.000000e+00			
5.0941380148e+02	2		1		0.000000e+00			
5.0941380148e+02	2		2		8.844809e-07			
5.5908101825e+02	1		1		6.120221e-07			
5.5908101825e+02	1		2		0.000000e+00			
5.5908101825e+02	2		1		0.000000e+00			
5.5908101825e+02	2		2		7.457380e-07			
6.1359072734e+02	1		1		5.212346e-07			
6.1359072734e+02	1		2		0.000000e+00			
6.1359072734e+02	2		1		0.000000e+00			
6.1359072734e+02	2		2		6.294659e-07			
6.7341506578e+02	1		1		4.456991e-07			
6.7341506578e+02	1		2		0.000000e+00			
6.7341506578e+02	2		1		0.000000e+00			
6.7341506578e+02	2		2		5.318305e-07			
7.3907220335e+02	1		1		3.831103e-07			
7.3907220335e+02	1		2		0.000000e+00			
7.3907220335e+02	2		1		0.000000e+00			
7.3907220335e+02	2		2		4.501766e-07			
8.1113083079e+02	1		1		3.313312e-07			
8.1113083079e+02	1		2		0.000000e+00			
8.1113083079e+02	2		1		0.000000e+00			
8.1113083079e+02	2		2		3.822125e-07			
8.9021508545e+02	1		1		2.885677e-07			
8.9021508545e+02	1		2		0.000000e+00			
8.9021508545e+02	2		1		0.000000e+00			
8.9021508545e+02	2		2		3.257583e-07			
9.7700995730e+02	1		1		2.532805e-07			
9.7700995730e+02	1		2		0.000000e+00			
9.7700995730e+02	2		1		0.000000e+00			
9.7700995730e+02	2		2		2.789913e-07			
1.0722672220e+03	1		1		2.242018e-07			
1.0722672220e+03	1		2		0.000000e+00			
1.0722672220e+03	2		1		0.000000e+00			
1.0722672220e+03	2		2		2.403472e-07			
1.1768119524e+03	1		1		2.002127e-07			
1.1768119524e+03	1		2		0.000000e+00			
1.1768119524e+03	2		1		0.000000e+00			
1.1768119524e+03	2		2		2.084623e-07			
1.2915496650e+03	1		1		1.804091e-07			
1.2915496650e+03	1		2		0.000000e+00			
1.2915496650e+03	2		1		0.000000e+00			
1.2915496650e+03	2		2		1.822185e-07			
1.4174741629e+03	1		1		1.640087e-07			
1.4174741629e+03	1		2		0.000000e+00			
1.4174741629e+03	2		1		0.000000e+00			
1.4174741629e+03	2		2		1.606226e-07			
1.5556761439e+03	1		1		1.503666e-07			
1.5556761439e+03	1		2		0.000000e+00			
1.5556761439e+03	2		1		0.000000e+00			
1.5556761439e+03	2		2		1.428674e-07			
1.7073526475e+03	1		1		1.389478e-07			
1.7073526475e+03	1		2		0.000000e+00			
1.7073526475e+03	2		1		0.000000e+00			
1.7073526475e+03	2		2		1.282620e-07			
1.8738174229e+03	1		1		1.292934e-07			
1.8738174229e+03	1		2		0.000000e+00			
1.8738174229e+03	2		1		0.000000e+00			
1.8738174229e+03	2		2		1.162208e-07			
2.0565123083e+03	1		1		1.210415e-07			
2.0565123083e+03	1		2		0.000000e+00			
2.0565123083e+03	2		1		0.000000e+00			
2.0565123083e+03	2		2		1.062728e-07			
2.2570197196e+03	1		1		1.138734e-07			
2.2570197196e+03	1		2		0.000000e+00			
2.2570197196e+03	2		1		0.000000e+00			
2.2570197196e+03	2		2		9.799973e-08			
2.4770763560e+03	1		1		1.075432e-07			
2.4770763560e+03	1		2		0.000000e+00			
2.4770763560e+03	2		1		0.000000e+00			
2.4770763560e+03	2		2		9.107695e-08			
2.7185882427e+03	1		1		1.018391e-07			
2.7185882427e+03	1		2		0.000000e+00			
2.7185882427e+03	2		1		0.000000e+00			
2.7185882427e+03	2		2		8.521506e-08			
2.9836472403e+03	1		1		9.659477e-08			
2.9836472403e+03	1		2		0.000000e+00			
2.9836472403e+03	2		1		0.000000e+00			
2.9836472403e+03	2		2		8.018599e-08			
3.2745491629e+03	1		1		9.167626e-08			
3.2745491629e+03	1		2		0.000000e+00			
3.2745491629e+03	2		1		0.000000e+00			
3.2745491629e+03	2		2		7.579546e-08			
3.5938136638e+03	1		1		8.697678e-08			
3.5938136638e+03	1		2		0.000000e+00			
3.5938136638e+03	2		1		0.000000e+00			
3.5938136638e+03	2		2		7.188404e-08			
3.9442060594e+03	1		1		8.241645e-08			
3.9442060594e+03	1		2		0.000000e+00			
3.9442060594e+03	2		1		0.000000e+00			
3.9442060594e+03	2		2		6.832318e-08			
4.3287612811e+03	1		1		7.793530e-08			
4.3287612811e+03	1		2		0.000000e+00			
4.3287612811e+03	2		1		0.000000e+00			
4.3287612811e+03	2		2		6.500699e-08			
4.7508101621e+03	1		1		7.349167e-08			
4.7508101621e+03	1		2		0.000000e+00			
4.7508101621e+03	2		1		0.000000e+00			
4.7508101621e+03	2		2		6.185131e-08			
5.2140082880e+03	1		1		6.906072e-08			
5.2140082880e+03	1		2		0.000000e+00			
5.2140082880e+03	2		1		0.000000e+00			
5.2140082880e+03	2		2		5.879195e-08			
5.7223676594e+03	1		1		6.462983e-08			
5.7223676594e+03	1		2		0.000000e+00			
5.7223676594e+03	2		1		0.000000e+00			
5.7223676594e+03	2		2		5.577804e-08			
6.2802914418e+03	1		1		6.019818e-08			
6.2802914418e+03	1		2		0.000000e+00			
6.2802914418e+03	2		1		0.000000e+00			
6.2802914418e+03	2		2		5.277536e-08			
6.8926121043e+03	1		1		5.577596e-08			
6.8926121043e+03	1		2		0.000000e+00			
6.8926121043e+03	2		1		0.000000e+00			
6.8926121043e+03	2		2		4.976105e-08			
7.5646332755e+03	1		1		5.137801e-08			
7.5646332755e+03	1		2		0.000000e+00			
7.5646332755e+03	2		1		0.000000e+00			
7.5646332755e+03	2		2		4.672105e-08			
8.3021756813e+03	1		1		4.703051e-08			
8.3021756813e+03	1		2		0.000000e+00			
8.3021756813e+03	2		1		0.000000e+00			
8.3021756813e+03	2		2		4.365527e-08			
9.1116275612e+03	1		1		4.275849e-08			
9.1116275612e+03	1		2		0.000000e+00			
9.1116275612e+03	2		1		0.000000e+00			
9.1116275612e+03	2		2		4.056446e-08			
1.0000000000e+04	1		1		3.859597e-08			
1.0000000000e+04	1		2		0.000000e+00			
1.0000000000e+04	2		1		0.000000e+00			
1.0000000000e+04	2		2		3.746435e-08			
