#ell		tomo_i	tomo_j	Cell_kappakappa
2.0000000000e+00	1		1		8.961017e-09			
2.0000000000e+00	1		2		1.136434e-08			
2.0000000000e+00	1		3		1.226570e-08			
2.0000000000e+00	1		4		1.312948e-08			
2.0000000000e+00	1		5		1.339920e-08			
2.0000000000e+00	2		1		1.136434e-08			
2.0000000000e+00	2		2		1.571555e-08			
2.0000000000e+00	2		3		1.758689e-08			
2.0000000000e+00	2		4		1.935009e-08			
2.0000000000e+00	2		5		1.991546e-08			
2.0000000000e+00	3		1		1.226570e-08			
2.0000000000e+00	3		2		1.758689e-08			
2.0000000000e+00	3		3		2.034799e-08			
2.0000000000e+00	3		4		2.301187e-08			
2.0000000000e+00	3		5		2.392228e-08			
2.0000000000e+00	4		1		1.312948e-08			
2.0000000000e+00	4		2		1.935009e-08			
2.0000000000e+00	4		3		2.301187e-08			
2.0000000000e+00	4		4		2.674402e-08			
2.0000000000e+00	4		5		2.814133e-08			
2.0000000000e+00	5		1		1.339920e-08			
2.0000000000e+00	5		2		1.991546e-08			
2.0000000000e+00	5		3		2.392228e-08			
2.0000000000e+00	5		4		2.814133e-08			
2.0000000000e+00	5		5		2.985415e-08			
2.1796829600e+00	1		1		8.879765e-09			
2.1796829600e+00	1		2		1.134288e-08			
2.1796829600e+00	1		3		1.226923e-08			
2.1796829600e+00	1		4		1.315700e-08			
2.1796829600e+00	1		5		1.343506e-08			
2.1796829600e+00	2		1		1.134288e-08			
2.1796829600e+00	2		2		1.583920e-08			
2.1796829600e+00	2		3		1.778204e-08			
2.1796829600e+00	2		4		1.961213e-08			
2.1796829600e+00	2		5		2.020016e-08			
2.1796829600e+00	3		1		1.226923e-08			
2.1796829600e+00	3		2		1.778204e-08			
2.1796829600e+00	3		3		2.066354e-08			
2.1796829600e+00	3		4		2.344441e-08			
2.1796829600e+00	3		5		2.439705e-08			
2.1796829600e+00	4		1		1.315700e-08			
2.1796829600e+00	4		2		1.961213e-08			
2.1796829600e+00	4		3		2.344441e-08			
2.1796829600e+00	4		4		2.735474e-08			
2.1796829600e+00	4		5		2.882307e-08			
2.1796829600e+00	5		1		1.343506e-08			
2.1796829600e+00	5		2		2.020016e-08			
2.1796829600e+00	5		3		2.439705e-08			
2.1796829600e+00	5		4		2.882307e-08			
2.1796829600e+00	5		5		3.062641e-08			
2.3755089030e+00	1		1		8.775993e-09			
2.3755089030e+00	1		2		1.129574e-08			
2.3755089030e+00	1		3		1.224627e-08			
2.3755089030e+00	1		4		1.315730e-08			
2.3755089030e+00	1		5		1.344354e-08			
2.3755089030e+00	2		1		1.129574e-08			
2.3755089030e+00	2		2		1.593555e-08			
2.3755089030e+00	2		3		1.795057e-08			
2.3755089030e+00	2		4		1.984817e-08			
2.3755089030e+00	2		5		2.045917e-08			
2.3755089030e+00	3		1		1.224627e-08			
2.3755089030e+00	3		2		1.795057e-08			
2.3755089030e+00	3		3		2.095568e-08			
2.3755089030e+00	3		4		2.385679e-08			
2.3755089030e+00	3		5		2.485306e-08			
2.3755089030e+00	4		1		1.315730e-08			
2.3755089030e+00	4		2		1.984817e-08			
2.3755089030e+00	4		3		2.385679e-08			
2.3755089030e+00	4		4		2.795208e-08			
2.3755089030e+00	4		5		2.949460e-08			
2.3755089030e+00	5		1		1.344354e-08			
2.3755089030e+00	5		2		2.045917e-08			
2.3755089030e+00	5		3		2.485306e-08			
2.3755089030e+00	5		4		2.949460e-08			
2.3755089030e+00	5		5		3.139298e-08			
2.5889281386e+00	1		1		8.648874e-09			
2.5889281386e+00	1		2		1.122119e-08			
2.5889281386e+00	1		3		1.219482e-08			
2.5889281386e+00	1		4		1.312809e-08			
2.5889281386e+00	1		5		1.342227e-08			
2.5889281386e+00	2		1		1.122119e-08			
2.5889281386e+00	2		2		1.600137e-08			
2.5889281386e+00	2		3		1.808874e-08			
2.5889281386e+00	2		4		2.005395e-08			
2.5889281386e+00	2		5		2.068808e-08			
2.5889281386e+00	3		1		1.219482e-08			
2.5889281386e+00	3		2		1.808874e-08			
2.5889281386e+00	3		3		2.122007e-08			
2.5889281386e+00	3		4		2.424415e-08			
2.5889281386e+00	3		5		2.528529e-08			
2.5889281386e+00	4		1		1.312809e-08			
2.5889281386e+00	4		2		2.005395e-08			
2.5889281386e+00	4		3		2.424415e-08			
2.5889281386e+00	4		4		2.853065e-08			
2.5889281386e+00	4		5		3.015043e-08			
2.5889281386e+00	5		1		1.342227e-08			
2.5889281386e+00	5		2		2.068808e-08			
2.5889281386e+00	5		3		2.528529e-08			
2.5889281386e+00	5		4		3.015043e-08			
2.5889281386e+00	5		5		3.214829e-08			
2.8215212741e+00	1		1		8.497966e-09			
2.8215212741e+00	1		2		1.111784e-08			
2.8215212741e+00	1		3		1.211316e-08			
2.8215212741e+00	1		4		1.306737e-08			
2.8215212741e+00	1		5		1.336914e-08			
2.8215212741e+00	2		1		1.111784e-08			
2.8215212741e+00	2		2		1.603357e-08			
2.8215212741e+00	2		3		1.819288e-08			
2.8215212741e+00	2		4		2.022526e-08			
2.8215212741e+00	2		5		2.088249e-08			
2.8215212741e+00	3		1		1.211316e-08			
2.8215212741e+00	3		2		1.819288e-08			
2.8215212741e+00	3		3		2.145238e-08			
2.8215212741e+00	3		4		2.460153e-08			
2.8215212741e+00	3		5		2.568859e-08			
2.8215212741e+00	4		1		1.306737e-08			
2.8215212741e+00	4		2		2.022526e-08			
2.8215212741e+00	4		3		2.460153e-08			
2.8215212741e+00	4		4		2.908484e-08			
2.8215212741e+00	4		5		3.078475e-08			
2.8215212741e+00	5		1		1.336914e-08			
2.8215212741e+00	5		2		2.088249e-08			
2.8215212741e+00	5		3		2.568859e-08			
2.8215212741e+00	5		4		3.078475e-08			
2.8215212741e+00	5		5		3.288640e-08			
3.0750109212e+00	1		1		8.323116e-09			
3.0750109212e+00	1		2		1.098454e-08			
3.0750109212e+00	1		3		1.199983e-08			
3.0750109212e+00	1		4		1.297334e-08			
3.0750109212e+00	1		5		1.328226e-08			
3.0750109212e+00	2		1		1.098454e-08			
3.0750109212e+00	2		2		1.602917e-08			
3.0750109212e+00	2		3		1.825933e-08			
3.0750109212e+00	2		4		2.035780e-08			
3.0750109212e+00	2		5		2.103793e-08			
3.0750109212e+00	3		1		1.199983e-08			
3.0750109212e+00	3		2		1.825933e-08			
3.0750109212e+00	3		3		2.164813e-08			
3.0750109212e+00	3		4		2.492369e-08			
3.0750109212e+00	3		5		2.605749e-08			
3.0750109212e+00	4		1		1.297334e-08			
3.0750109212e+00	4		2		2.035780e-08			
3.0750109212e+00	4		3		2.492369e-08			
3.0750109212e+00	4		4		2.960859e-08			
3.0750109212e+00	4		5		3.139129e-08			
3.0750109212e+00	5		1		1.328226e-08			
3.0750109212e+00	5		2		2.103793e-08			
3.0750109212e+00	5		3		2.605749e-08			
3.0750109212e+00	5		4		3.139129e-08			
3.0750109212e+00	5		5		3.360084e-08			
3.3512744533e+00	1		1		8.124530e-09			
3.3512744533e+00	1		2		1.082048e-08			
3.3512744533e+00	1		3		1.185366e-08			
3.3512744533e+00	1		4		1.284452e-08			
3.3512744533e+00	1		5		1.316004e-08			
3.3512744533e+00	2		1		1.082048e-08			
3.3512744533e+00	2		2		1.598535e-08			
3.3512744533e+00	2		3		1.828453e-08			
3.3512744533e+00	2		4		2.044731e-08			
3.3512744533e+00	2		5		2.114988e-08			
3.3512744533e+00	3		1		1.185366e-08			
3.3512744533e+00	3		2		1.828453e-08			
3.3512744533e+00	3		3		2.180283e-08			
3.3512744533e+00	3		4		2.520528e-08			
3.3512744533e+00	3		5		2.638635e-08			
3.3512744533e+00	4		1		1.284452e-08			
3.3512744533e+00	4		2		2.044731e-08			
3.3512744533e+00	4		3		2.520528e-08			
3.3512744533e+00	4		4		3.009555e-08			
3.3512744533e+00	4		5		3.196339e-08			
3.3512744533e+00	5		1		1.316004e-08			
3.3512744533e+00	5		2		2.114988e-08			
3.3512744533e+00	5		3		2.638635e-08			
3.3512744533e+00	5		4		3.196339e-08			
3.3512744533e+00	5		5		3.428468e-08			
3.6523579100e+00	1		1		7.902853e-09			
3.6523579100e+00	1		2		1.062528e-08			
3.6523579100e+00	1		3		1.167392e-08			
3.6523579100e+00	1		4		1.267984e-08			
3.6523579100e+00	1		5		1.300132e-08			
3.6523579100e+00	2		1		1.062528e-08			
3.6523579100e+00	2		2		1.589957e-08			
3.6523579100e+00	2		3		1.826514e-08			
3.6523579100e+00	2		4		2.048968e-08			
3.6523579100e+00	2		5		2.121401e-08			
3.6523579100e+00	3		1		1.167392e-08			
3.6523579100e+00	3		2		1.826514e-08			
3.6523579100e+00	3		3		2.191206e-08			
3.6523579100e+00	3		4		2.544088e-08			
3.6523579100e+00	3		5		2.666944e-08			
3.6523579100e+00	4		1		1.267984e-08			
3.6523579100e+00	4		2		2.048968e-08			
3.6523579100e+00	4		3		2.544088e-08			
3.6523579100e+00	4		4		3.053912e-08			
3.6523579100e+00	4		5		3.249408e-08			
3.6523579100e+00	5		1		1.300132e-08			
3.6523579100e+00	5		2		2.121401e-08			
3.6523579100e+00	5		3		2.666944e-08			
3.6523579100e+00	5		4		3.249408e-08			
3.6523579100e+00	5		5		3.493061e-08			
3.9804911501e+00	1		1		7.659159e-09			
3.9804911501e+00	1		2		1.039900e-08			
3.9804911501e+00	1		3		1.146032e-08			
3.9804911501e+00	1		4		1.247869e-08			
3.9804911501e+00	1		5		1.280537e-08			
3.9804911501e+00	2		1		1.039900e-08			
3.9804911501e+00	2		2		1.576967e-08			
3.9804911501e+00	2		3		1.819808e-08			
3.9804911501e+00	2		4		2.048100e-08			
3.9804911501e+00	2		5		2.122613e-08			
3.9804911501e+00	3		1		1.146032e-08			
3.9804911501e+00	3		2		1.819808e-08			
3.9804911501e+00	3		3		2.197156e-08			
3.9804911501e+00	3		4		2.562509e-08			
3.9804911501e+00	3		5		2.690101e-08			
3.9804911501e+00	4		1		1.247869e-08			
3.9804911501e+00	4		2		2.048100e-08			
3.9804911501e+00	4		3		2.562509e-08			
3.9804911501e+00	4		4		3.093253e-08			
3.9804911501e+00	4		5		3.297616e-08			
3.9804911501e+00	5		1		1.280537e-08			
3.9804911501e+00	5		2		2.122613e-08			
3.9804911501e+00	5		3		2.690101e-08			
3.9804911501e+00	5		4		3.297616e-08			
3.9804911501e+00	5		5		3.553096e-08			
4.3381043661e+00	1		1		7.394965e-09			
4.3381043661e+00	1		2		1.014222e-08			
4.3381043661e+00	1		3		1.121310e-08			
4.3381043661e+00	1		4		1.224097e-08			
4.3381043661e+00	1		5		1.257198e-08			
4.3381043661e+00	2		1		1.014222e-08			
4.3381043661e+00	2		2		1.559388e-08			
4.3381043661e+00	2		3		1.808066e-08			
4.3381043661e+00	2		4		2.041767e-08			
4.3381043661e+00	2		5		2.118236e-08			
4.3381043661e+00	3		1		1.121310e-08			
4.3381043661e+00	3		2		1.808066e-08			
4.3381043661e+00	3		3		2.197727e-08			
4.3381043661e+00	3		4		2.575262e-08			
4.3381043661e+00	3		5		2.707532e-08			
4.3381043661e+00	4		1		1.224097e-08			
4.3381043661e+00	4		2		2.041767e-08			
4.3381043661e+00	4		3		2.575262e-08			
4.3381043661e+00	4		4		3.126888e-08			
4.3381043661e+00	4		5		3.340219e-08			
4.3381043661e+00	5		1		1.257198e-08			
4.3381043661e+00	5		2		2.118236e-08			
4.3381043661e+00	5		3		2.707532e-08			
4.3381043661e+00	5		4		3.340219e-08			
4.3381043661e+00	5		5		3.607777e-08			
4.7278460827e+00	1		1		7.112226e-09			
4.7278460827e+00	1		2		9.856004e-09			
4.7278460827e+00	1		3		1.093301e-08			
4.7278460827e+00	1		4		1.196714e-08			
4.7278460827e+00	1		5		1.230152e-08			
4.7278460827e+00	2		1		9.856004e-09			
4.7278460827e+00	2		2		1.537095e-08			
4.7278460827e+00	2		3		1.791060e-08			
4.7278460827e+00	2		4		2.029651e-08			
4.7278460827e+00	2		5		2.107918e-08			
4.7278460827e+00	3		1		1.093301e-08			
4.7278460827e+00	3		2		1.791060e-08			
4.7278460827e+00	3		3		2.192546e-08			
4.7278460827e+00	3		4		2.581836e-08			
4.7278460827e+00	3		5		2.718680e-08			
4.7278460827e+00	4		1		1.196714e-08			
4.7278460827e+00	4		2		2.029651e-08			
4.7278460827e+00	4		3		2.581836e-08			
4.7278460827e+00	4		4		3.154127e-08			
4.7278460827e+00	4		5		3.376466e-08			
4.7278460827e+00	5		1		1.230152e-08			
4.7278460827e+00	5		2		2.107918e-08			
4.7278460827e+00	5		3		2.718680e-08			
4.7278460827e+00	5		4		3.376466e-08			
4.7278460827e+00	5		5		3.656287e-08			
5.1526027719e+00	1		1		6.813308e-09			
5.1526027719e+00	1		2		9.541997e-09			
5.1526027719e+00	1		3		1.062140e-08			
5.1526027719e+00	1		4		1.165826e-08			
5.1526027719e+00	1		5		1.199495e-08			
5.1526027719e+00	2		1		9.541997e-09			
5.1526027719e+00	2		2		1.510020e-08			
5.1526027719e+00	2		3		1.768621e-08			
5.1526027719e+00	2		4		2.011482e-08			
5.1526027719e+00	2		5		2.091360e-08			
5.1526027719e+00	3		1		1.062140e-08			
5.1526027719e+00	3		2		1.768621e-08			
5.1526027719e+00	3		3		2.181283e-08			
5.1526027719e+00	3		4		2.581750e-08			
5.1526027719e+00	3		5		2.723015e-08			
5.1526027719e+00	4		1		1.165826e-08			
5.1526027719e+00	4		2		2.011482e-08			
5.1526027719e+00	4		3		2.581750e-08			
5.1526027719e+00	4		4		3.174287e-08			
5.1526027719e+00	4		5		3.405605e-08			
5.1526027719e+00	5		1		1.199495e-08			
5.1526027719e+00	5		2		2.091360e-08			
5.1526027719e+00	5		3		2.723015e-08			
5.1526027719e+00	5		4		3.405605e-08			
5.1526027719e+00	5		5		3.697796e-08			
5.6155202307e+00	1		1		6.500938e-09			
5.6155202307e+00	1		2		9.202356e-09			
5.6155202307e+00	1		3		1.028017e-08			
5.6155202307e+00	1		4		1.131600e-08			
5.6155202307e+00	1		5		1.165386e-08			
5.6155202307e+00	2		1		9.202356e-09			
5.6155202307e+00	2		2		1.478164e-08			
5.6155202307e+00	2		3		1.740640e-08			
5.6155202307e+00	2		4		1.987055e-08			
5.6155202307e+00	2		5		2.068321e-08			
5.6155202307e+00	3		1		1.028017e-08			
5.6155202307e+00	3		2		1.740640e-08			
5.6155202307e+00	3		3		2.163660e-08			
5.6155202307e+00	3		4		2.574565e-08			
5.6155202307e+00	3		5		2.720041e-08			
5.6155202307e+00	4		1		1.131600e-08			
5.6155202307e+00	4		2		1.987055e-08			
5.6155202307e+00	4		3		2.574565e-08			
5.6155202307e+00	4		4		3.186706e-08			
5.6155202307e+00	4		5		3.426894e-08			
5.6155202307e+00	5		1		1.165386e-08			
5.6155202307e+00	5		2		2.068321e-08			
5.6155202307e+00	5		3		2.720041e-08			
5.6155202307e+00	5		4		3.426894e-08			
5.6155202307e+00	5		5		3.731475e-08			
6.1200268791e+00	1		1		6.178159e-09			
6.1200268791e+00	1		2		8.839780e-09			
6.1200268791e+00	1		3		9.911811e-09			
6.1200268791e+00	1		4		1.094268e-08			
6.1200268791e+00	1		5		1.128049e-08			
6.1200268791e+00	2		1		8.839780e-09			
6.1200268791e+00	2		2		1.441600e-08			
6.1200268791e+00	2		3		1.707086e-08			
6.1200268791e+00	2		4		1.956239e-08			
6.1200268791e+00	2		5		2.038639e-08			
6.1200268791e+00	3		1		9.911811e-09			
6.1200268791e+00	3		2		1.707086e-08			
6.1200268791e+00	3		3		2.139465e-08			
6.1200268791e+00	3		4		2.559900e-08			
6.1200268791e+00	3		5		2.709319e-08			
6.1200268791e+00	4		1		1.094268e-08			
6.1200268791e+00	4		2		1.956239e-08			
6.1200268791e+00	4		3		2.559900e-08			
6.1200268791e+00	4		4		3.190760e-08			
6.1200268791e+00	4		5		3.439619e-08			
6.1200268791e+00	5		1		1.128049e-08			
6.1200268791e+00	5		2		2.038639e-08			
6.1200268791e+00	5		3		2.709319e-08			
6.1200268791e+00	5		4		3.439619e-08			
6.1200268791e+00	5		5		3.756510e-08			
6.6698591515e+00	1		1		5.848228e-09			
6.6698591515e+00	1		2		8.457445e-09			
6.6698591515e+00	1		3		9.519375e-09			
6.6698591515e+00	1		4		1.054119e-08			
6.6698591515e+00	1		5		1.087769e-08			
6.6698591515e+00	2		1		8.457445e-09			
6.6698591515e+00	2		2		1.400483e-08			
6.6698591515e+00	2		3		1.668011e-08			
6.6698591515e+00	2		4		1.918992e-08			
6.6698591515e+00	2		5		2.002238e-08			
6.6698591515e+00	3		1		9.519375e-09			
6.6698591515e+00	3		2		1.668011e-08			
6.6698591515e+00	3		3		2.108563e-08			
6.6698591515e+00	3		4		2.537445e-08			
6.6698591515e+00	3		5		2.690474e-08			
6.6698591515e+00	4		1		1.054119e-08			
6.6698591515e+00	4		2		1.918992e-08			
6.6698591515e+00	4		3		2.537445e-08			
6.6698591515e+00	4		4		3.185877e-08			
6.6698591515e+00	4		5		3.443112e-08			
6.6698591515e+00	5		1		1.087769e-08			
6.6698591515e+00	5		2		2.002238e-08			
6.6698591515e+00	5		3		2.690474e-08			
6.6698591515e+00	5		4		3.443112e-08			
6.6698591515e+00	5		5		3.772116e-08			
7.2690891689e+00	1		1		5.514440e-09			
7.2690891689e+00	1		2		8.058874e-09			
7.2690891689e+00	1		3		9.106312e-09			
7.2690891689e+00	1		4		1.011495e-08			
7.2690891689e+00	1		5		1.044884e-08			
7.2690891689e+00	2		1		8.058874e-09			
7.2690891689e+00	2		2		1.355045e-08			
7.2690891689e+00	2		3		1.623550e-08			
7.2690891689e+00	2		4		1.875361e-08			
7.2690891689e+00	2		5		1.959133e-08			
7.2690891689e+00	3		1		9.106312e-09			
7.2690891689e+00	3		2		1.623550e-08			
7.2690891689e+00	3		3		2.070900e-08			
7.2690891689e+00	3		4		2.506966e-08			
7.2690891689e+00	3		5		2.663207e-08			
7.2690891689e+00	4		1		1.011495e-08			
7.2690891689e+00	4		2		1.875361e-08			
7.2690891689e+00	4		3		2.506966e-08			
7.2690891689e+00	4		4		3.171543e-08			
7.2690891689e+00	4		5		3.436753e-08			
7.2690891689e+00	5		1		1.044884e-08			
7.2690891689e+00	5		2		1.959133e-08			
7.2690891689e+00	5		3		2.663207e-08			
7.2690891689e+00	5		4		3.436753e-08			
7.2690891689e+00	5		5		3.777548e-08			
7.9221548980e+00	1		1		5.180016e-09			
7.9221548980e+00	1		2		7.647850e-09			
7.9221548980e+00	1		3		8.676418e-09			
7.9221548980e+00	1		4		9.667752e-09			
7.9221548980e+00	1		5		9.997730e-09			
7.9221548980e+00	2		1		7.647850e-09			
7.9221548980e+00	2		2		1.305600e-08			
7.9221548980e+00	2		3		1.573929e-08			
7.9221548980e+00	2		4		1.825490e-08			
7.9221548980e+00	2		5		1.909442e-08			
7.9221548980e+00	3		1		8.676418e-09			
7.9221548980e+00	3		2		1.573929e-08			
7.9221548980e+00	3		3		2.026511e-08			
7.9221548980e+00	3		4		2.468318e-08			
7.9221548980e+00	3		5		2.627309e-08			
7.9221548980e+00	4		1		9.667752e-09			
7.9221548980e+00	4		2		1.825490e-08			
7.9221548980e+00	4		3		2.468318e-08			
7.9221548980e+00	4		4		3.147327e-08			
7.9221548980e+00	4		5		3.419995e-08			
7.9221548980e+00	5		1		9.997730e-09			
7.9221548980e+00	5		2		1.909442e-08			
7.9221548980e+00	5		3		2.627309e-08			
7.9221548980e+00	5		4		3.419995e-08			
7.9221548980e+00	5		5		3.772120e-08			
8.6338930187e+00	1		1		4.848133e-09			
8.6338930187e+00	1		2		7.228478e-09			
8.6338930187e+00	1		3		8.233900e-09			
8.6338930187e+00	1		4		9.203915e-09			
8.6338930187e+00	1		5		9.528688e-09			
8.6338930187e+00	2		1		7.228478e-09			
8.6338930187e+00	2		2		1.252559e-08			
8.6338930187e+00	2		3		1.519486e-08			
8.6338930187e+00	2		4		1.769655e-08			
8.6338930187e+00	2		5		1.853414e-08			
8.6338930187e+00	3		1		8.233900e-09			
8.6338930187e+00	3		2		1.519486e-08			
8.6338930187e+00	3		3		1.975551e-08			
8.6338930187e+00	3		4		2.421483e-08			
8.6338930187e+00	3		5		2.582691e-08			
8.6338930187e+00	4		1		9.203915e-09			
8.6338930187e+00	4		2		1.769655e-08			
8.6338930187e+00	4		3		2.421483e-08			
8.6338930187e+00	4		4		3.112909e-08			
8.6338930187e+00	4		5		3.392400e-08			
8.6338930187e+00	5		1		9.528688e-09			
8.6338930187e+00	5		2		1.853414e-08			
8.6338930187e+00	5		3		2.582691e-08			
8.6338930187e+00	5		4		3.392400e-08			
8.6338930187e+00	5		5		3.755243e-08			
9.4095747456e+00	1		1		4.521583e-09			
9.4095747456e+00	1		2		6.804810e-09			
9.4095747456e+00	1		3		7.782999e-09			
9.4095747456e+00	1		4		8.727862e-09			
9.4095747456e+00	1		5		9.046181e-09			
9.4095747456e+00	2		1		6.804810e-09			
9.4095747456e+00	2		2		1.196401e-08			
9.4095747456e+00	2		3		1.460643e-08			
9.4095747456e+00	2		4		1.708229e-08			
9.4095747456e+00	2		5		1.791403e-08			
9.4095747456e+00	3		1		7.782999e-09			
9.4095747456e+00	3		2		1.460643e-08			
9.4095747456e+00	3		3		1.918271e-08			
9.4095747456e+00	3		4		2.366546e-08			
9.4095747456e+00	3		5		2.529375e-08			
9.4095747456e+00	4		1		8.727862e-09			
9.4095747456e+00	4		2		1.708229e-08			
9.4095747456e+00	4		3		2.366546e-08			
9.4095747456e+00	4		4		3.068078e-08			
9.4095747456e+00	4		5		3.353627e-08			
9.4095747456e+00	5		1		9.046181e-09			
9.4095747456e+00	5		2		1.791403e-08			
9.4095747456e+00	5		3		2.529375e-08			
9.4095747456e+00	5		4		3.353627e-08			
9.4095747456e+00	5		5		3.726418e-08			
1.0254944867e+01	1		1		4.202748e-09			
1.0254944867e+01	1		2		6.380802e-09			
1.0254944867e+01	1		3		7.327953e-09			
1.0254944867e+01	1		4		8.244102e-09			
1.0254944867e+01	1		5		8.554785e-09			
1.0254944867e+01	2		1		6.380802e-09			
1.0254944867e+01	2		2		1.137674e-08			
1.0254944867e+01	2		3		1.397918e-08			
1.0254944867e+01	2		4		1.641703e-08			
1.0254944867e+01	2		5		1.723886e-08			
1.0254944867e+01	3		1		7.327953e-09			
1.0254944867e+01	3		2		1.397918e-08			
1.0254944867e+01	3		3		1.855033e-08			
1.0254944867e+01	3		4		2.303719e-08			
1.0254944867e+01	3		5		2.467511e-08			
1.0254944867e+01	4		1		8.244102e-09			
1.0254944867e+01	4		2		1.641703e-08			
1.0254944867e+01	4		3		2.303719e-08			
1.0254944867e+01	4		4		3.012750e-08			
1.0254944867e+01	4		5		3.303468e-08			
1.0254944867e+01	5		1		8.554785e-09			
1.0254944867e+01	5		2		1.723886e-08			
1.0254944867e+01	5		3		2.467511e-08			
1.0254944867e+01	5		4		3.303468e-08			
1.0254944867e+01	5		5		3.685265e-08			
1.1176264291e+01	1		1		3.893754e-09			
1.1176264291e+01	1		2		5.960418e-09			
1.1176264291e+01	1		3		6.873104e-09			
1.1176264291e+01	1		4		7.757336e-09			
1.1176264291e+01	1		5		8.059295e-09			
1.1176264291e+01	2		1		5.960418e-09			
1.1176264291e+01	2		2		1.077007e-08			
1.1176264291e+01	2		3		1.331931e-08			
1.1176264291e+01	2		4		1.570698e-08			
1.1176264291e+01	2		5		1.651481e-08			
1.1176264291e+01	3		1		6.873104e-09			
1.1176264291e+01	3		2		1.331931e-08			
1.1176264291e+01	3		3		1.786330e-08			
1.1176264291e+01	3		4		2.233372e-08			
1.1176264291e+01	3		5		2.397414e-08			
1.1176264291e+01	4		1		7.757336e-09			
1.1176264291e+01	4		2		1.570698e-08			
1.1176264291e+01	4		3		2.233372e-08			
1.1176264291e+01	4		4		2.947018e-08			
1.1176264291e+01	4		5		3.241884e-08			
1.1176264291e+01	5		1		8.059295e-09			
1.1176264291e+01	5		2		1.651481e-08			
1.1176264291e+01	5		3		2.397414e-08			
1.1176264291e+01	5		4		3.241884e-08			
1.1176264291e+01	5		5		3.631572e-08			
1.2180356415e+01	1		1		3.596057e-09			
1.2180356415e+01	1		2		5.547083e-09			
1.2180356415e+01	1		3		6.422324e-09			
1.2180356415e+01	1		4		7.271861e-09			
1.2180356415e+01	1		5		7.564121e-09			
1.2180356415e+01	2		1		5.547083e-09			
1.2180356415e+01	2		2		1.015041e-08			
1.2180356415e+01	2		3		1.263351e-08			
1.2180356415e+01	2		4		1.495910e-08			
1.2180356415e+01	2		5		1.574887e-08			
1.2180356415e+01	3		1		6.422324e-09			
1.2180356415e+01	3		2		1.263351e-08			
1.2180356415e+01	3		3		1.712736e-08			
1.2180356415e+01	3		4		2.155980e-08			
1.2180356415e+01	3		5		2.319510e-08			
1.2180356415e+01	4		1		7.271861e-09			
1.2180356415e+01	4		2		1.495910e-08			
1.2180356415e+01	4		3		2.155980e-08			
1.2180356415e+01	4		4		2.871098e-08			
1.2180356415e+01	4		5		3.168968e-08			
1.2180356415e+01	5		1		7.564121e-09			
1.2180356415e+01	5		2		1.574887e-08			
1.2180356415e+01	5		3		2.319510e-08			
1.2180356415e+01	5		4		3.168968e-08			
1.2180356415e+01	5		5		3.565255e-08			
1.3274657662e+01	1		1		3.311060e-09			
1.3274657662e+01	1		2		5.144235e-09			
1.3274657662e+01	1		3		5.979577e-09			
1.3274657662e+01	1		4		6.792138e-09			
1.3274657662e+01	1		5		7.073861e-09			
1.3274657662e+01	2		1		5.144235e-09			
1.3274657662e+01	2		2		9.524880e-09			
1.3274657662e+01	2		3		1.192948e-08			
1.3274657662e+01	2		4		1.418169e-08			
1.3274657662e+01	2		5		1.494950e-08			
1.3274657662e+01	3		1		5.979577e-09			
1.3274657662e+01	3		2		1.192948e-08			
1.3274657662e+01	3		3		1.634968e-08			
1.3274657662e+01	3		4		2.072202e-08			
1.3274657662e+01	3		5		2.234421e-08			
1.3274657662e+01	4		1		6.792138e-09			
1.3274657662e+01	4		2		1.418169e-08			
1.3274657662e+01	4		3		2.072202e-08			
1.3274657662e+01	4		4		2.785431e-08			
1.3274657662e+01	4		5		3.085039e-08			
1.3274657662e+01	5		1		7.073861e-09			
1.3274657662e+01	5		2		1.494950e-08			
1.3274657662e+01	5		3		2.234421e-08			
1.3274657662e+01	5		4		3.085039e-08			
1.3274657662e+01	5		5		3.486457e-08			
1.4467272553e+01	1		1		3.039572e-09			
1.4467272553e+01	1		2		4.754586e-09			
1.4467272553e+01	1		3		5.548144e-09			
1.4467272553e+01	1		4		6.321975e-09			
1.4467272553e+01	1		5		6.592477e-09			
1.4467272553e+01	2		1		4.754586e-09			
1.4467272553e+01	2		2		8.900186e-09			
1.4467272553e+01	2		3		1.121488e-08			
1.4467272553e+01	2		4		1.338335e-08			
1.4467272553e+01	2		5		1.412552e-08			
1.4467272553e+01	3		1		5.548144e-09			
1.4467272553e+01	3		2		1.121488e-08			
1.4467272553e+01	3		3		1.553790e-08			
1.4467272553e+01	3		4		1.982784e-08			
1.4467272553e+01	3		5		2.142872e-08			
1.4467272553e+01	4		1		6.321975e-09			
1.4467272553e+01	4		2		1.338335e-08			
1.4467272553e+01	4		3		1.982784e-08			
1.4467272553e+01	4		4		2.690590e-08			
1.4467272553e+01	4		5		2.990563e-08			
1.4467272553e+01	5		1		6.592477e-09			
1.4467272553e+01	5		2		1.412552e-08			
1.4467272553e+01	5		3		2.142872e-08			
1.4467272553e+01	5		4		2.990563e-08			
1.4467272553e+01	5		5		3.395472e-08			
1.5767033731e+01	1		1		2.782560e-09			
1.5767033731e+01	1		2		4.380840e-09			
1.5767033731e+01	1		3		5.131346e-09			
1.5767033731e+01	1		4		5.865260e-09			
1.5767033731e+01	1		5		6.124016e-09			
1.5767033731e+01	2		1		4.380840e-09			
1.5767033731e+01	2		2		8.283299e-09			
1.5767033731e+01	2		3		1.049802e-08			
1.5767033731e+01	2		4		1.257363e-08			
1.5767033731e+01	2		5		1.328688e-08			
1.5767033731e+01	3		1		5.131346e-09			
1.5767033731e+01	3		2		1.049802e-08			
1.5767033731e+01	3		3		1.470089e-08			
1.5767033731e+01	3		4		1.888649e-08			
1.5767033731e+01	3		5		2.045778e-08			
1.5767033731e+01	4		1		5.865260e-09			
1.5767033731e+01	4		2		1.257363e-08			
1.5767033731e+01	4		3		1.888649e-08			
1.5767033731e+01	4		4		2.587382e-08			
1.5767033731e+01	4		5		2.886257e-08			
1.5767033731e+01	5		1		6.124016e-09			
1.5767033731e+01	5		2		1.328688e-08			
1.5767033731e+01	5		3		2.045778e-08			
1.5767033731e+01	5		4		2.886257e-08			
1.5767033731e+01	5		5		3.292862e-08			
1.7183567376e+01	1		1		2.540514e-09			
1.7183567376e+01	1		2		4.024852e-09			
1.7183567376e+01	1		3		4.731642e-09			
1.7183567376e+01	1		4		5.424992e-09			
1.7183567376e+01	1		5		5.671637e-09			
1.7183567376e+01	2		1		4.024852e-09			
1.7183567376e+01	2		2		7.680275e-09			
1.7183567376e+01	2		3		9.786608e-09			
1.7183567376e+01	2		4		1.176178e-08			
1.7183567376e+01	2		5		1.244330e-08			
1.7183567376e+01	3		1		4.731642e-09			
1.7183567376e+01	3		2		9.786608e-09			
1.7183567376e+01	3		3		1.384758e-08			
1.7183567376e+01	3		4		1.790776e-08			
1.7183567376e+01	3		5		1.944130e-08			
1.7183567376e+01	4		1		5.424992e-09			
1.7183567376e+01	4		2		1.176178e-08			
1.7183567376e+01	4		3		1.790776e-08			
1.7183567376e+01	4		4		2.476745e-08			
1.7183567376e+01	4		5		2.772989e-08			
1.7183567376e+01	5		1		5.671637e-09			
1.7183567376e+01	5		2		1.244330e-08			
1.7183567376e+01	5		3		1.944130e-08			
1.7183567376e+01	5		4		2.772989e-08			
1.7183567376e+01	5		5		3.179352e-08			
1.8727364500e+01	1		1		2.314071e-09			
1.8727364500e+01	1		2		3.688352e-09			
1.8727364500e+01	1		3		4.351357e-09			
1.8727364500e+01	1		4		5.004021e-09			
1.8727364500e+01	1		5		5.238344e-09			
1.8727364500e+01	2		1		3.688352e-09			
1.8727364500e+01	2		2		7.096883e-09			
1.8727364500e+01	2		3		9.088393e-09			
1.8727364500e+01	2		4		1.095737e-08			
1.8727364500e+01	2		5		1.160490e-08			
1.8727364500e+01	3		1		4.351357e-09			
1.8727364500e+01	3		2		9.088393e-09			
1.8727364500e+01	3		3		1.298762e-08			
1.8727364500e+01	3		4		1.690281e-08			
1.8727364500e+01	3		5		1.839076e-08			
1.8727364500e+01	4		1		5.004021e-09			
1.8727364500e+01	4		2		1.095737e-08			
1.8727364500e+01	4		3		1.690281e-08			
1.8727364500e+01	4		4		2.359836e-08			
1.8727364500e+01	4		5		2.651872e-08			
1.8727364500e+01	5		1		5.238344e-09			
1.8727364500e+01	5		2		1.160490e-08			
1.8727364500e+01	5		3		1.839076e-08			
1.8727364500e+01	5		4		2.651872e-08			
1.8727364500e+01	5		5		3.055941e-08			
2.0409858643e+01	1		1		2.103299e-09			
2.0409858643e+01	1		2		3.372117e-09			
2.0409858643e+01	1		3		3.991776e-09			
2.0409858643e+01	1		4		4.604070e-09			
2.0409858643e+01	1		5		4.825991e-09			
2.0409858643e+01	2		1		3.372117e-09			
2.0409858643e+01	2		2		6.537581e-09			
2.0409858643e+01	2		3		8.410017e-09			
2.0409858643e+01	2		4		1.016900e-08			
2.0409858643e+01	2		5		1.078094e-08			
2.0409858643e+01	3		1		3.991776e-09			
2.0409858643e+01	3		2		8.410017e-09			
2.0409858643e+01	3		3		1.213024e-08			
2.0409858643e+01	3		4		1.588291e-08			
2.0409858643e+01	3		5		1.731801e-08			
2.0409858643e+01	4		1		4.604070e-09			
2.0409858643e+01	4		2		1.016900e-08			
2.0409858643e+01	4		3		1.588291e-08			
2.0409858643e+01	4		4		2.237921e-08			
2.0409858643e+01	4		5		2.524163e-08			
2.0409858643e+01	5		1		4.825991e-09			
2.0409858643e+01	5		2		1.078094e-08			
2.0409858643e+01	5		3		1.731801e-08			
2.0409858643e+01	5		4		2.524163e-08			
2.0409858643e+01	5		5		2.923804e-08			
2.2243510550e+01	1		1		1.908058e-09			
2.2243510550e+01	1		2		3.076460e-09			
2.2243510550e+01	1		3		3.653641e-09			
2.2243510550e+01	1		4		4.226232e-09			
2.2243510550e+01	1		5		4.435772e-09			
2.2243510550e+01	2		1		3.076460e-09			
2.2243510550e+01	2		2		6.005876e-09			
2.2243510550e+01	2		3		7.757285e-09			
2.2243510550e+01	2		4		9.404520e-09			
2.2243510550e+01	2		5		9.979918e-09			
2.2243510550e+01	3		1		3.653641e-09			
2.2243510550e+01	3		2		7.757285e-09			
2.2243510550e+01	3		3		1.128450e-08			
2.2243510550e+01	3		4		1.485976e-08			
2.2243510550e+01	3		5		1.623551e-08			
2.2243510550e+01	4		1		4.226232e-09			
2.2243510550e+01	4		2		9.404520e-09			
2.2243510550e+01	4		3		1.485976e-08			
2.2243510550e+01	4		4		2.112404e-08			
2.2243510550e+01	4		5		2.391296e-08			
2.2243510550e+01	5		1		4.435772e-09			
2.2243510550e+01	5		2		9.979918e-09			
2.2243510550e+01	5		3		1.623551e-08			
2.2243510550e+01	5		4		2.391296e-08			
2.2243510550e+01	5		5		2.784332e-08			
2.4241900458e+01	1		1		1.727750e-09			
2.4241900458e+01	1		2		2.801004e-09			
2.4241900458e+01	1		3		3.336887e-09			
2.4241900458e+01	1		4		3.870691e-09			
2.4241900458e+01	1		5		4.067945e-09			
2.4241900458e+01	2		1		2.801004e-09			
2.4241900458e+01	2		2		5.504074e-09			
2.4241900458e+01	2		3		7.134799e-09			
2.4241900458e+01	2		4		8.670551e-09			
2.4241900458e+01	2		5		9.209150e-09			
2.4241900458e+01	3		1		3.336887e-09			
2.4241900458e+01	3		2		7.134799e-09			
2.4241900458e+01	3		3		1.045879e-08			
2.4241900458e+01	3		4		1.384492e-08			
2.4241900458e+01	3		5		1.515579e-08			
2.4241900458e+01	4		1		3.870691e-09			
2.4241900458e+01	4		2		8.670551e-09			
2.4241900458e+01	4		3		1.384492e-08			
2.4241900458e+01	4		4		1.984787e-08			
2.4241900458e+01	4		5		2.254840e-08			
2.4241900458e+01	5		1		4.067945e-09			
2.4241900458e+01	5		2		9.209150e-09			
2.4241900458e+01	5		3		1.515579e-08			
2.4241900458e+01	5		4		2.254840e-08			
2.4241900458e+01	5		5		2.639100e-08			
2.6419828673e+01	1		1		1.561421e-09			
2.6419828673e+01	1		2		2.544725e-09			
2.6419828673e+01	1		3		3.040671e-09			
2.6419828673e+01	1		4		3.536722e-09			
2.6419828673e+01	1		5		3.721816e-09			
2.6419828673e+01	2		1		2.544725e-09			
2.6419828673e+01	2		2		5.032929e-09			
2.6419828673e+01	2		3		6.545385e-09			
2.6419828673e+01	2		4		7.971718e-09			
2.6419828673e+01	2		5		8.473875e-09			
2.6419828673e+01	3		1		3.040671e-09			
2.6419828673e+01	3		2		6.545385e-09			
2.6419828673e+01	3		3		9.660127e-09			
2.6419828673e+01	3		4		1.284890e-08			
2.6419828673e+01	3		5		1.409055e-08			
2.6419828673e+01	4		1		3.536722e-09			
2.6419828673e+01	4		2		7.971718e-09			
2.6419828673e+01	4		3		1.284890e-08			
2.6419828673e+01	4		4		1.856557e-08			
2.6419828673e+01	4		5		2.116399e-08			
2.6419828673e+01	5		1		3.721816e-09			
2.6419828673e+01	5		2		8.473875e-09			
2.6419828673e+01	5		3		1.409055e-08			
2.6419828673e+01	5		4		2.116399e-08			
2.6419828673e+01	5		5		2.489773e-08			
2.8793425182e+01	1		1		1.408235e-09			
2.8793425182e+01	1		2		2.306638e-09			
2.8793425182e+01	1		3		2.764117e-09			
2.8793425182e+01	1		4		3.223519e-09			
2.8793425182e+01	1		5		3.396599e-09			
2.8793425182e+01	2		1		2.306638e-09			
2.8793425182e+01	2		2		4.592579e-09			
2.8793425182e+01	2		3		5.990971e-09			
2.8793425182e+01	2		4		7.311492e-09			
2.8793425182e+01	2		5		7.778109e-09			
2.8793425182e+01	3		1		2.764117e-09			
2.8793425182e+01	3		2		5.990971e-09			
2.8793425182e+01	3		3		8.894777e-09			
2.8793425182e+01	3		4		1.188172e-08			
2.8793425182e+01	3		5		1.305113e-08			
2.8793425182e+01	4		1		3.223519e-09			
2.8793425182e+01	4		2		7.311492e-09			
2.8793425182e+01	4		3		1.188172e-08			
2.8793425182e+01	4		4		1.729254e-08			
2.8793425182e+01	4		5		1.977673e-08			
2.8793425182e+01	5		1		3.396599e-09			
2.8793425182e+01	5		2		7.778109e-09			
2.8793425182e+01	5		3		1.305113e-08			
2.8793425182e+01	5		4		1.977673e-08			
2.8793425182e+01	5		5		2.338171e-08			
3.1380269114e+01	1		1		1.267335e-09			
3.1380269114e+01	1		2		2.085542e-09			
3.1380269114e+01	1		3		2.506055e-09			
3.1380269114e+01	1		4		2.929918e-09			
3.1380269114e+01	1		5		3.091133e-09			
3.1380269114e+01	2		1		2.085542e-09			
3.1380269114e+01	2		2		4.181862e-09			
3.1380269114e+01	2		3		5.471683e-09			
3.1380269114e+01	2		4		6.691096e-09			
3.1380269114e+01	2		5		7.123485e-09			
3.1380269114e+01	3		1		2.506055e-09			
3.1380269114e+01	3		2		5.471683e-09			
3.1380269114e+01	3		3		8.167090e-09			
3.1380269114e+01	3		4		1.095152e-08			
3.1380269114e+01	3		5		1.204704e-08			
3.1380269114e+01	4		1		2.929918e-09			
3.1380269114e+01	4		2		6.691096e-09			
3.1380269114e+01	4		3		1.095152e-08			
3.1380269114e+01	4		4		1.604285e-08			
3.1380269114e+01	4		5		1.840273e-08			
3.1380269114e+01	5		1		3.091133e-09			
3.1380269114e+01	5		2		7.123485e-09			
3.1380269114e+01	5		3		1.204704e-08			
3.1380269114e+01	5		4		1.840273e-08			
3.1380269114e+01	5		5		2.186092e-08			
3.4199518934e+01	1		1		1.138113e-09			
3.4199518934e+01	1		2		1.880581e-09			
3.4199518934e+01	1		3		2.265676e-09			
3.4199518934e+01	1		4		2.655154e-09			
3.4199518934e+01	1		5		2.804677e-09			
3.4199518934e+01	2		1		1.880581e-09			
3.4199518934e+01	2		2		3.799206e-09			
3.4199518934e+01	2		3		4.986662e-09			
3.4199518934e+01	2		4		6.110287e-09			
3.4199518934e+01	2		5		6.510014e-09			
3.4199518934e+01	3		1		2.265676e-09			
3.4199518934e+01	3		2		4.986662e-09			
3.4199518934e+01	3		3		7.479900e-09			
3.4199518934e+01	3		4		1.006463e-08			
3.4199518934e+01	3		5		1.108603e-08			
3.4199518934e+01	4		1		2.655154e-09			
3.4199518934e+01	4		2		6.110287e-09			
3.4199518934e+01	4		3		1.006463e-08			
3.4199518934e+01	4		4		1.482926e-08			
3.4199518934e+01	4		5		1.705718e-08			
3.4199518934e+01	5		1		2.804677e-09			
3.4199518934e+01	5		2		6.510014e-09			
3.4199518934e+01	5		3		1.108603e-08			
3.4199518934e+01	5		4		1.705718e-08			
3.4199518934e+01	5		5		2.035302e-08			
3.7272054329e+01	1		1		1.020169e-09			
3.7272054329e+01	1		2		1.691336e-09			
3.7272054329e+01	1		3		2.042684e-09			
3.7272054329e+01	1		4		2.399081e-09			
3.7272054329e+01	1		5		2.537146e-09			
3.7272054329e+01	2		1		1.691336e-09			
3.7272054329e+01	2		2		3.443047e-09			
3.7272054329e+01	2		3		4.534555e-09			
3.7272054329e+01	2		4		5.567924e-09			
3.7272054329e+01	2		5		5.936677e-09			
3.7272054329e+01	3		1		2.042684e-09			
3.7272054329e+01	3		2		4.534555e-09			
3.7272054329e+01	3		3		6.834889e-09			
3.7272054329e+01	3		4		9.225882e-09			
3.7272054329e+01	3		5		1.017425e-08			
3.7272054329e+01	4		1		2.399081e-09			
3.7272054329e+01	4		2		5.567924e-09			
3.7272054329e+01	4		3		9.225882e-09			
3.7272054329e+01	4		4		1.366306e-08			
3.7272054329e+01	4		5		1.575408e-08			
3.7272054329e+01	5		1		2.537146e-09			
3.7272054329e+01	5		2		5.936677e-09			
3.7272054329e+01	5		3		1.017425e-08			
3.7272054329e+01	5		4		1.575408e-08			
3.7272054329e+01	5		5		1.887509e-08			
4.0620630852e+01	1		1		9.131990e-10			
4.0620630852e+01	1		2		1.517620e-09			
4.0620630852e+01	1		3		1.837066e-09			
4.0620630852e+01	1		4		2.161908e-09			
4.0620630852e+01	1		5		2.288845e-09			
4.0620630852e+01	2		1		1.517620e-09			
4.0620630852e+01	2		2		3.111625e-09			
4.0620630852e+01	2		3		4.113211e-09			
4.0620630852e+01	2		4		5.061590e-09			
4.0620630852e+01	2		5		5.401016e-09			
4.0620630852e+01	3		1		1.837066e-09			
4.0620630852e+01	3		2		4.113211e-09			
4.0620630852e+01	3		3		6.231807e-09			
4.0620630852e+01	3		4		8.437446e-09			
4.0620630852e+01	3		5		9.315017e-09			
4.0620630852e+01	4		1		2.161908e-09			
4.0620630852e+01	4		2		5.061590e-09			
4.0620630852e+01	4		3		8.437446e-09			
4.0620630852e+01	4		4		1.255250e-08			
4.0620630852e+01	4		5		1.450455e-08			
4.0620630852e+01	5		1		2.288845e-09			
4.0620630852e+01	5		2		5.401016e-09			
4.0620630852e+01	5		3		9.315017e-09			
4.0620630852e+01	5		4		1.450455e-08			
4.0620630852e+01	5		5		1.744182e-08			
4.4270048446e+01	1		1		8.170485e-10			
4.4270048446e+01	1		2		1.359576e-09			
4.4270048446e+01	1		3		1.649216e-09			
4.4270048446e+01	1		4		1.944344e-09			
4.4270048446e+01	1		5		2.060615e-09			
4.4270048446e+01	2		1		1.359576e-09			
4.4270048446e+01	2		2		2.803813e-09			
4.4270048446e+01	2		3		3.720802e-09			
4.4270048446e+01	2		4		4.588965e-09			
4.4270048446e+01	2		5		4.900584e-09			
4.4270048446e+01	3		1		1.649216e-09			
4.4270048446e+01	3		2		3.720802e-09			
4.4270048446e+01	3		3		5.669569e-09			
4.4270048446e+01	3		4		7.699813e-09			
4.4270048446e+01	3		5		8.509699e-09			
4.4270048446e+01	4		1		1.944344e-09			
4.4270048446e+01	4		2		4.588965e-09			
4.4270048446e+01	4		3		7.699813e-09			
4.4270048446e+01	4		4		1.150326e-08			
4.4270048446e+01	4		5		1.331710e-08			
4.4270048446e+01	5		1		2.060615e-09			
4.4270048446e+01	5		2		4.900584e-09			
4.4270048446e+01	5		3		8.509699e-09			
4.4270048446e+01	5		4		1.331710e-08			
4.4270048446e+01	5		5		1.606563e-08			
4.8247335117e+01	1		1		7.313849e-10			
4.8247335117e+01	1		2		1.217170e-09			
4.8247335117e+01	1		3		1.479314e-09			
4.8247335117e+01	1		4		1.746869e-09			
4.8247335117e+01	1		5		1.853067e-09			
4.8247335117e+01	2		1		1.217170e-09			
4.8247335117e+01	2		2		2.519104e-09			
4.8247335117e+01	2		3		3.356039e-09			
4.8247335117e+01	2		4		4.148234e-09			
4.8247335117e+01	2		5		4.433414e-09			
4.8247335117e+01	3		1		1.479314e-09			
4.8247335117e+01	3		2		3.356039e-09			
4.8247335117e+01	3		3		5.146567e-09			
4.8247335117e+01	3		4		7.012157e-09			
4.8247335117e+01	3		5		7.758066e-09			
4.8247335117e+01	4		1		1.746869e-09			
4.8247335117e+01	4		2		4.148234e-09			
4.8247335117e+01	4		3		7.012157e-09			
4.8247335117e+01	4		4		1.051869e-08			
4.8247335117e+01	4		5		1.219768e-08			
4.8247335117e+01	5		1		1.853067e-09			
4.8247335117e+01	5		2		4.433414e-09			
4.8247335117e+01	5		3		7.758066e-09			
4.8247335117e+01	5		4		1.219768e-08			
4.8247335117e+01	5		5		1.475651e-08			
5.2581947110e+01	1		1		6.553715e-10			
5.2581947110e+01	1		2		1.089667e-09			
5.2581947110e+01	1		3		1.326655e-09			
5.2581947110e+01	1		4		1.568899e-09			
5.2581947110e+01	1		5		1.665698e-09			
5.2581947110e+01	2		1		1.089667e-09			
5.2581947110e+01	2		2		2.257249e-09			
5.2581947110e+01	2		3		3.017958e-09			
5.2581947110e+01	2		4		3.737952e-09			
5.2581947110e+01	2		5		3.997915e-09			
5.2581947110e+01	3		1		1.326655e-09			
5.2581947110e+01	3		2		3.017958e-09			
5.2581947110e+01	3		3		4.660444e-09			
5.2581947110e+01	3		4		6.371919e-09			
5.2581947110e+01	3		5		7.057766e-09			
5.2581947110e+01	4		1		1.568899e-09			
5.2581947110e+01	4		2		3.737952e-09			
5.2581947110e+01	4		3		6.371919e-09			
5.2581947110e+01	4		4		9.598691e-09			
5.2581947110e+01	4		5		1.114837e-08			
5.2581947110e+01	5		1		1.665698e-09			
5.2581947110e+01	5		2		3.997915e-09			
5.2581947110e+01	5		3		7.057766e-09			
5.2581947110e+01	5		4		1.114837e-08			
5.2581947110e+01	5		5		1.352042e-08			
5.7305987059e+01	1		1		5.877736e-10			
5.7305987059e+01	1		2		9.756850e-10			
5.7305987059e+01	1		3		1.189689e-09			
5.7305987059e+01	1		4		1.408807e-09			
5.7305987059e+01	1		5		1.496893e-09			
5.7305987059e+01	2		1		9.756850e-10			
5.7305987059e+01	2		2		2.018339e-09			
5.7305987059e+01	2		3		2.706341e-09			
5.7305987059e+01	2		4		3.357740e-09			
5.7305987059e+01	2		5		3.593655e-09			
5.7305987059e+01	3		1		1.189689e-09			
5.7305987059e+01	3		2		2.706341e-09			
5.7305987059e+01	3		3		4.209099e-09			
5.7305987059e+01	3		4		5.776150e-09			
5.7305987059e+01	3		5		6.405732e-09			
5.7305987059e+01	4		1		1.408807e-09			
5.7305987059e+01	4		2		3.357740e-09			
5.7305987059e+01	4		3		5.776150e-09			
5.7305987059e+01	4		4		8.741164e-09			
5.7305987059e+01	4		5		1.016856e-08			
5.7305987059e+01	5		1		1.496893e-09			
5.7305987059e+01	5		2		3.593655e-09			
5.7305987059e+01	5		3		6.405732e-09			
5.7305987059e+01	5		4		1.016856e-08			
5.7305987059e+01	5		5		1.236011e-08			
6.2454441748e+01	1		1		5.273775e-10			
6.2454441748e+01	1		2		8.736291e-10			
6.2454441748e+01	1		3		1.066539e-09			
6.2454441748e+01	1		4		1.264501e-09			
6.2454441748e+01	1		5		1.344528e-09			
6.2454441748e+01	2		1		8.736291e-10			
6.2454441748e+01	2		2		1.802447e-09			
6.2454441748e+01	2		3		2.421460e-09			
6.2454441748e+01	2		4		3.008093e-09			
6.2454441748e+01	2		5		3.221202e-09			
6.2454441748e+01	3		1		1.066539e-09			
6.2454441748e+01	3		2		2.421460e-09			
6.2454441748e+01	3		3		3.791014e-09			
6.2454441748e+01	3		4		5.222171e-09			
6.2454441748e+01	3		5		5.798945e-09			
6.2454441748e+01	4		1		1.264501e-09			
6.2454441748e+01	4		2		3.008093e-09			
6.2454441748e+01	4		3		5.222171e-09			
6.2454441748e+01	4		4		7.942897e-09			
6.2454441748e+01	4		5		9.255892e-09			
6.2454441748e+01	5		1		1.344528e-09			
6.2454441748e+01	5		2		3.221202e-09			
6.2454441748e+01	5		3		5.798945e-09			
6.2454441748e+01	5		4		9.255892e-09			
6.2454441748e+01	5		5		1.127592e-08			
6.8065441226e+01	1		1		4.732759e-10			
6.8065441226e+01	1		2		7.821022e-10			
6.8065441226e+01	1		3		9.555213e-10			
6.8065441226e+01	1		4		1.134041e-09			
6.8065441226e+01	1		5		1.206608e-09			
6.8065441226e+01	2		1		7.821022e-10			
6.8065441226e+01	2		2		1.609028e-09			
6.8065441226e+01	2		3		2.163314e-09			
6.8065441226e+01	2		4		2.689432e-09			
6.8065441226e+01	2		5		2.881126e-09			
6.8065441226e+01	3		1		9.555213e-10			
6.8065441226e+01	3		2		2.163314e-09			
6.8065441226e+01	3		3		3.404876e-09			
6.8065441226e+01	3		4		4.707355e-09			
6.8065441226e+01	3		5		5.234255e-09			
6.8065441226e+01	4		1		1.134041e-09			
6.8065441226e+01	4		2		2.689432e-09			
6.8065441226e+01	4		3		4.707355e-09			
6.8065441226e+01	4		4		7.199374e-09			
6.8065441226e+01	4		5		8.405824e-09			
6.8065441226e+01	5		1		1.206608e-09			
6.8065441226e+01	5		2		2.881126e-09			
6.8065441226e+01	5		3		5.234255e-09			
6.8065441226e+01	5		4		8.405824e-09			
6.8065441226e+01	5		5		1.026496e-08			
7.4180541202e+01	1		1		4.249125e-10			
7.4180541202e+01	1		2		7.001615e-10			
7.4180541202e+01	1		3		8.555522e-10			
7.4180541202e+01	1		4		1.016178e-09			
7.4180541202e+01	1		5		1.081849e-09			
7.4180541202e+01	2		1		7.001615e-10			
7.4180541202e+01	2		2		1.436809e-09			
7.4180541202e+01	2		3		1.931358e-09			
7.4180541202e+01	2		4		2.401725e-09			
7.4180541202e+01	2		5		2.573582e-09			
7.4180541202e+01	3		1		8.555522e-10			
7.4180541202e+01	3		2		1.931358e-09			
7.4180541202e+01	3		3		3.049909e-09			
7.4180541202e+01	3		4		4.229948e-09			
7.4180541202e+01	3		5		4.709403e-09			
7.4180541202e+01	4		1		1.016178e-09			
7.4180541202e+01	4		2		2.401725e-09			
7.4180541202e+01	4		3		4.229948e-09			
7.4180541202e+01	4		4		6.506274e-09			
7.4180541202e+01	4		5		7.613316e-09			
7.4180541202e+01	5		1		1.081849e-09			
7.4180541202e+01	5		2		2.573582e-09			
7.4180541202e+01	5		3		4.709403e-09			
7.4180541202e+01	5		4		7.613316e-09			
7.4180541202e+01	5		5		9.322661e-09			
8.0845030810e+01	1		1		3.818969e-10			
8.0845030810e+01	1		2		6.271878e-10			
8.0845030810e+01	1		3		7.660350e-10			
8.0845030810e+01	1		4		9.102571e-10			
8.0845030810e+01	1		5		9.695851e-10			
8.0845030810e+01	2		1		6.271878e-10			
8.0845030810e+01	2		2		1.283891e-09			
8.0845030810e+01	2		3		1.724303e-09			
8.0845030810e+01	2		4		2.144052e-09			
8.0845030810e+01	2		5		2.297804e-09			
8.0845030810e+01	3		1		7.660350e-10			
8.0845030810e+01	3		2		1.724303e-09			
8.0845030810e+01	3		3		2.725892e-09			
8.0845030810e+01	3		4		3.789467e-09			
8.0845030810e+01	3		5		4.223603e-09			
8.0845030810e+01	4		1		9.102571e-10			
8.0845030810e+01	4		2		2.144052e-09			
8.0845030810e+01	4		3		3.789467e-09			
8.0845030810e+01	4		4		5.860749e-09			
8.0845030810e+01	4		5		6.874388e-09			
8.0845030810e+01	5		1		9.695851e-10			
8.0845030810e+01	5		2		2.297804e-09			
8.0845030810e+01	5		3		4.223603e-09			
8.0845030810e+01	5		4		6.874388e-09			
8.0845030810e+01	5		5		8.444529e-09			
8.8108268027e+01	1		1		3.437413e-10			
8.8108268027e+01	1		2		5.624635e-10			
8.8108268027e+01	1		3		6.863112e-10			
8.8108268027e+01	1		4		8.155748e-10			
8.8108268027e+01	1		5		8.690975e-10			
8.8108268027e+01	2		1		5.624635e-10			
8.8108268027e+01	2		2		1.147914e-09			
8.8108268027e+01	2		3		1.539954e-09			
8.8108268027e+01	2		4		1.914213e-09			
8.8108268027e+01	2		5		2.051623e-09			
8.8108268027e+01	3		1		6.863112e-10			
8.8108268027e+01	3		2		1.539954e-09			
8.8108268027e+01	3		3		2.432451e-09			
8.8108268027e+01	3		4		3.385950e-09			
8.8108268027e+01	3		5		3.776866e-09			
8.8108268027e+01	4		1		8.155748e-10			
8.8108268027e+01	4		2		1.914213e-09			
8.8108268027e+01	4		3		3.385950e-09			
8.8108268027e+01	4		4		5.261110e-09			
8.8108268027e+01	4		5		6.186016e-09			
8.8108268027e+01	5		1		8.690975e-10			
8.8108268027e+01	5		2		2.051623e-09			
8.8108268027e+01	5		3		3.776866e-09			
8.8108268027e+01	5		4		6.186016e-09			
8.8108268027e+01	5		5		7.626075e-09			
9.6024045225e+01	1		1		3.098348e-10			
9.6024045225e+01	1		2		5.050362e-10			
9.6024045225e+01	1		3		6.154163e-10			
9.6024045225e+01	1		4		7.310716e-10			
9.6024045225e+01	1		5		7.792849e-10			
9.6024045225e+01	2		1		5.050362e-10			
9.6024045225e+01	2		2		1.026616e-09			
9.6024045225e+01	2		3		1.375713e-09			
9.6024045225e+01	2		4		1.709271e-09			
9.6024045225e+01	2		5		1.832012e-09			
9.6024045225e+01	3		1		6.154163e-10			
9.6024045225e+01	3		2		1.375713e-09			
9.6024045225e+01	3		3		2.168866e-09			
9.6024045225e+01	3		4		3.019638e-09			
9.6024045225e+01	3		5		3.369717e-09			
9.6024045225e+01	4		1		7.310716e-10			
9.6024045225e+01	4		2		1.709271e-09			
9.6024045225e+01	4		3		3.019638e-09			
9.6024045225e+01	4		4		4.707089e-09			
9.6024045225e+01	4		5		5.546793e-09			
9.6024045225e+01	5		1		7.792849e-10			
9.6024045225e+01	5		2		1.832012e-09			
9.6024045225e+01	5		3		3.369717e-09			
9.6024045225e+01	5		4		5.546793e-09			
9.6024045225e+01	5		5		6.863815e-09			
1.0465098756e+02	1		1		2.795943e-10			
1.0465098756e+02	1		2		4.539297e-10			
1.0465098756e+02	1		3		5.522909e-10			
1.0465098756e+02	1		4		6.555855e-10			
1.0465098756e+02	1		5		6.989366e-10			
1.0465098756e+02	2		1		4.539297e-10			
1.0465098756e+02	2		2		9.182910e-10			
1.0465098756e+02	2		3		1.229225e-09			
1.0465098756e+02	2		4		1.526370e-09			
1.0465098756e+02	2		5		1.635960e-09			
1.0465098756e+02	3		1		5.522909e-10			
1.0465098756e+02	3		2		1.229225e-09			
1.0465098756e+02	3		3		1.933897e-09			
1.0465098756e+02	3		4		2.690539e-09			
1.0465098756e+02	3		5		3.002694e-09			
1.0465098756e+02	4		1		6.555855e-10			
1.0465098756e+02	4		2		1.526370e-09			
1.0465098756e+02	4		3		2.690539e-09			
1.0465098756e+02	4		4		4.199817e-09			
1.0465098756e+02	4		5		4.957384e-09			
1.0465098756e+02	5		1		6.989366e-10			
1.0465098756e+02	5		2		1.635960e-09			
1.0465098756e+02	5		3		3.002694e-09			
1.0465098756e+02	5		4		4.957384e-09			
1.0465098756e+02	5		5		6.156473e-09			
1.1405298717e+02	1		1		2.525853e-10			
1.1405298717e+02	1		2		4.084020e-10			
1.1405298717e+02	1		3		4.960956e-10			
1.1405298717e+02	1		4		5.882300e-10			
1.1405298717e+02	1		5		6.271341e-10			
1.1405298717e+02	2		1		4.084020e-10			
1.1405298717e+02	2		2		8.217908e-10			
1.1405298717e+02	2		3		1.098645e-09			
1.1405298717e+02	2		4		1.363190e-09			
1.1405298717e+02	2		5		1.460979e-09			
1.1405298717e+02	3		1		4.960956e-10			
1.1405298717e+02	3		2		1.098645e-09			
1.1405298717e+02	3		3		1.725474e-09			
1.1405298717e+02	3		4		2.397530e-09			
1.1405298717e+02	3		5		2.675215e-09			
1.1405298717e+02	4		1		5.882300e-10			
1.1405298717e+02	4		2		1.363190e-09			
1.1405298717e+02	4		3		2.397530e-09			
1.1405298717e+02	4		4		3.740569e-09			
1.1405298717e+02	4		5		4.419431e-09			
1.1405298717e+02	5		1		6.271341e-10			
1.1405298717e+02	5		2		1.460979e-09			
1.1405298717e+02	5		3		2.675215e-09			
1.1405298717e+02	5		4		4.419431e-09			
1.1405298717e+02	5		5		5.504468e-09			
1.2429967633e+02	1		1		2.284667e-10			
1.2429967633e+02	1		2		3.679136e-10			
1.2429967633e+02	1		3		4.461864e-10			
1.2429967633e+02	1		4		5.283511e-10			
1.2429967633e+02	1		5		5.632050e-10			
1.2429967633e+02	2		1		3.679136e-10			
1.2429967633e+02	2		2		7.361956e-10			
1.2429967633e+02	2		3		9.825331e-10			
1.2429967633e+02	2		4		1.217928e-09			
1.2429967633e+02	2		5		1.305116e-09			
1.2429967633e+02	3		1		4.461864e-10			
1.2429967633e+02	3		2		9.825331e-10			
1.2429967633e+02	3		3		1.540758e-09			
1.2429967633e+02	3		4		2.137924e-09			
1.2429967633e+02	3		5		2.384863e-09			
1.2429967633e+02	4		1		5.283511e-10			
1.2429967633e+02	4		2		1.217928e-09			
1.2429967633e+02	4		3		2.137924e-09			
1.2429967633e+02	4		4		3.329395e-09			
1.2429967633e+02	4		5		3.934057e-09			
1.2429967633e+02	5		1		5.632050e-10			
1.2429967633e+02	5		2		1.305116e-09			
1.2429967633e+02	5		3		2.384863e-09			
1.2429967633e+02	5		4		3.934057e-09			
1.2429967633e+02	5		5		4.908773e-09			
1.3546694321e+02	1		1		2.068882e-10			
1.3546694321e+02	1		2		3.319049e-10			
1.3546694321e+02	1		3		4.018490e-10			
1.3546694321e+02	1		4		4.751762e-10			
1.3546694321e+02	1		5		5.063516e-10			
1.3546694321e+02	2		1		3.319049e-10			
1.3546694321e+02	2		2		6.604275e-10			
1.3546694321e+02	2		3		8.794913e-10			
1.3546694321e+02	2		4		1.088893e-09			
1.3546694321e+02	2		5		1.166549e-09			
1.3546694321e+02	3		1		4.018490e-10			
1.3546694321e+02	3		2		8.794913e-10			
1.3546694321e+02	3		3		1.376557e-09			
1.3546694321e+02	3		4		1.907781e-09			
1.3546694321e+02	3		5		2.127559e-09			
1.3546694321e+02	4		1		4.751762e-10			
1.3546694321e+02	4		2		1.088893e-09			
1.3546694321e+02	4		3		1.907781e-09			
1.3546694321e+02	4		4		2.964362e-09			
1.3546694321e+02	4		5		3.500792e-09			
1.3546694321e+02	5		1		5.063516e-10			
1.3546694321e+02	5		2		1.166549e-09			
1.3546694321e+02	5		3		2.127559e-09			
1.3546694321e+02	5		4		3.500792e-09			
1.3546694321e+02	5		5		4.370147e-09			
1.4763749388e+02	1		1		1.875134e-10			
1.4763749388e+02	1		2		2.997897e-10			
1.4763749388e+02	1		3		3.623198e-10			
1.4763749388e+02	1		4		4.278199e-10			
1.4763749388e+02	1		5		4.556585e-10			
1.4763749388e+02	2		1		2.997897e-10			
1.4763749388e+02	2		2		5.932888e-10			
1.4763749388e+02	2		3		7.881054e-10			
1.4763749388e+02	2		4		9.743992e-10			
1.4763749388e+02	2		5		1.043493e-09			
1.4763749388e+02	3		1		3.623198e-10			
1.4763749388e+02	3		2		7.881054e-10			
1.4763749388e+02	3		3		1.230102e-09			
1.4763749388e+02	3		4		1.702986e-09			
1.4763749388e+02	3		5		1.898699e-09			
1.4763749388e+02	4		1		4.278199e-10			
1.4763749388e+02	4		2		9.743992e-10			
1.4763749388e+02	4		3		1.702986e-09			
1.4763749388e+02	4		4		2.641520e-09			
1.4763749388e+02	4		5		3.116928e-09			
1.4763749388e+02	5		1		4.556585e-10			
1.4763749388e+02	5		2		1.043493e-09			
1.4763749388e+02	5		3		1.898699e-09			
1.4763749388e+02	5		4		3.116928e-09			
1.4763749388e+02	5		5		3.888189e-09			
1.6090146483e+02	1		1		1.700648e-10			
1.6090146483e+02	1		2		2.710729e-10			
1.6090146483e+02	1		3		3.269824e-10			
1.6090146483e+02	1		4		3.855421e-10			
1.6090146483e+02	1		5		4.103714e-10			
1.6090146483e+02	2		1		2.710729e-10			
1.6090146483e+02	2		2		5.336807e-10			
1.6090146483e+02	2		3		7.070387e-10			
1.6090146483e+02	2		4		8.728442e-10			
1.6090146483e+02	2		5		9.342792e-10			
1.6090146483e+02	3		1		3.269824e-10			
1.6090146483e+02	3		2		7.070387e-10			
1.6090146483e+02	3		3		1.099402e-09			
1.6090146483e+02	3		4		1.520090e-09			
1.6090146483e+02	3		5		1.694237e-09			
1.6090146483e+02	4		1		3.855421e-10			
1.6090146483e+02	4		2		8.728442e-10			
1.6090146483e+02	4		3		1.520090e-09			
1.6090146483e+02	4		4		2.355352e-09			
1.6090146483e+02	4		5		2.777270e-09			
1.6090146483e+02	5		1		4.103714e-10			
1.6090146483e+02	5		2		9.342792e-10			
1.6090146483e+02	5		3		1.694237e-09			
1.6090146483e+02	5		4		2.777270e-09			
1.6090146483e+02	5		5		3.460006e-09			
1.7535709057e+02	1		1		1.543133e-10			
1.7535709057e+02	1		2		2.453627e-10			
1.7535709057e+02	1		3		2.953908e-10			
1.7535709057e+02	1		4		3.477996e-10			
1.7535709057e+02	1		5		3.699467e-10			
1.7535709057e+02	2		1		2.453627e-10			
1.7535709057e+02	2		2		4.807298e-10			
1.7535709057e+02	2		3		6.351612e-10			
1.7535709057e+02	2		4		7.828696e-10			
1.7535709057e+02	2		5		8.375168e-10			
1.7535709057e+02	3		1		2.953908e-10			
1.7535709057e+02	3		2		6.351612e-10			
1.7535709057e+02	3		3		9.831919e-10			
1.7535709057e+02	3		4		1.356863e-09			
1.7535709057e+02	3		5		1.511516e-09			
1.7535709057e+02	4		1		3.477996e-10			
1.7535709057e+02	4		2		7.828696e-10			
1.7535709057e+02	4		3		1.356863e-09			
1.7535709057e+02	4		4		2.100344e-09			
1.7535709057e+02	4		5		2.475554e-09			
1.7535709057e+02	5		1		3.699467e-10			
1.7535709057e+02	5		2		8.375168e-10			
1.7535709057e+02	5		3		1.511516e-09			
1.7535709057e+02	5		4		2.475554e-09			
1.7535709057e+02	5		5		3.080556e-09			
1.9111143111e+02	1		1		1.400521e-10			
1.9111143111e+02	1		2		2.222918e-10			
1.9111143111e+02	1		3		2.671207e-10			
1.9111143111e+02	1		4		3.140688e-10			
1.9111143111e+02	1		5		3.338475e-10			
1.9111143111e+02	2		1		2.222918e-10			
1.9111143111e+02	2		2		4.336578e-10			
1.9111143111e+02	2		3		5.714255e-10			
1.9111143111e+02	2		4		7.031974e-10			
1.9111143111e+02	2		5		7.518820e-10			
1.9111143111e+02	3		1		2.671207e-10			
1.9111143111e+02	3		2		5.714255e-10			
1.9111143111e+02	3		3		8.803302e-10			
1.9111143111e+02	3		4		1.211827e-09			
1.9111143111e+02	3		5		1.348922e-09			
1.9111143111e+02	4		1		3.140688e-10			
1.9111143111e+02	4		2		7.031974e-10			
1.9111143111e+02	4		3		1.211827e-09			
1.9111143111e+02	4		4		1.872238e-09			
1.9111143111e+02	4		5		2.206082e-09			
1.9111143111e+02	5		1		3.338475e-10			
1.9111143111e+02	5		2		7.518820e-10			
1.9111143111e+02	5		3		1.348922e-09			
1.9111143111e+02	5		4		2.206082e-09			
1.9111143111e+02	5		5		2.743616e-09			
2.0828116492e+02	1		1		1.270977e-10			
2.0828116492e+02	1		2		2.015198e-10			
2.0828116492e+02	1		3		2.417535e-10			
2.0828116492e+02	1		4		2.838379e-10			
2.0828116492e+02	1		5		3.015267e-10			
2.0828116492e+02	2		1		2.015198e-10			
2.0828116492e+02	2		2		3.917246e-10			
2.0828116492e+02	2		3		5.148223e-10			
2.0828116492e+02	2		4		6.325574e-10			
2.0828116492e+02	2		5		6.760138e-10			
2.0828116492e+02	3		1		2.417535e-10			
2.0828116492e+02	3		2		5.148223e-10			
2.0828116492e+02	3		3		7.894228e-10			
2.0828116492e+02	3		4		1.083571e-09			
2.0828116492e+02	3		5		1.205076e-09			
2.0828116492e+02	4		1		2.838379e-10			
2.0828116492e+02	4		2		6.325574e-10			
2.0828116492e+02	4		3		1.083571e-09			
2.0828116492e+02	4		4		1.668620e-09			
2.0828116492e+02	4		5		1.965110e-09			
2.0828116492e+02	5		1		3.015267e-10			
2.0828116492e+02	5		2		6.760138e-10			
2.0828116492e+02	5		3		1.205076e-09			
2.0828116492e+02	5		4		1.965110e-09			
2.0828116492e+02	5		5		2.443441e-09			
2.2699345303e+02	1		1		1.152961e-10			
2.2699345303e+02	1		2		1.827611e-10			
2.2699345303e+02	1		3		2.189283e-10			
2.2699345303e+02	1		4		2.566830e-10			
2.2699345303e+02	1		5		2.725168e-10			
2.2699345303e+02	2		1		1.827611e-10			
2.2699345303e+02	2		2		3.542790e-10			
2.2699345303e+02	2		3		4.644496e-10			
2.2699345303e+02	2		4		5.697930e-10			
2.2699345303e+02	2		5		6.086401e-10			
2.2699345303e+02	3		1		2.189283e-10			
2.2699345303e+02	3		2		4.644496e-10			
2.2699345303e+02	3		3		7.089124e-10			
2.2699345303e+02	3		4		9.703170e-10			
2.2699345303e+02	3		5		1.078153e-09			
2.2699345303e+02	4		1		2.566830e-10			
2.2699345303e+02	4		2		5.697930e-10			
2.2699345303e+02	4		3		9.703170e-10			
2.2699345303e+02	4		4		1.488056e-09			
2.2699345303e+02	4		5		1.750567e-09			
2.2699345303e+02	5		1		2.725168e-10			
2.2699345303e+02	5		2		6.086401e-10			
2.2699345303e+02	5		3		1.078153e-09			
2.2699345303e+02	5		4		1.750567e-09			
2.2699345303e+02	5		5		2.175578e-09			
2.4738688080e+02	1		1		1.045167e-10			
2.4738688080e+02	1		2		1.657710e-10			
2.4738688080e+02	1		3		1.983346e-10			
2.4738688080e+02	1		4		2.322486e-10			
2.4738688080e+02	1		5		2.464257e-10			
2.4738688080e+02	2		1		1.657710e-10			
2.4738688080e+02	2		2		3.207593e-10			
2.4738688080e+02	2		3		4.195375e-10			
2.4738688080e+02	2		4		5.139397e-10			
2.4738688080e+02	2		5		5.487026e-10			
2.4738688080e+02	3		1		1.983346e-10			
2.4738688080e+02	3		2		4.195375e-10			
2.4738688080e+02	3		3		6.374217e-10			
2.4738688080e+02	3		4		8.701275e-10			
2.4738688080e+02	3		5		9.659928e-10			
2.4738688080e+02	4		1		2.322486e-10			
2.4738688080e+02	4		2		5.139397e-10			
2.4738688080e+02	4		3		8.701275e-10			
2.4738688080e+02	4		4		1.328886e-09			
2.4738688080e+02	4		5		1.560877e-09			
2.4738688080e+02	5		1		2.464257e-10			
2.4738688080e+02	5		2		5.487026e-10			
2.4738688080e+02	5		3		9.659928e-10			
2.4738688080e+02	5		4		1.560877e-09			
2.4738688080e+02	5		5		1.937080e-09			
2.6961248430e+02	1		1		9.464797e-11			
2.6961248430e+02	1		2		1.503363e-10			
2.6961248430e+02	1		3		1.796982e-10			
2.6961248430e+02	1		4		2.102096e-10			
2.6961248430e+02	1		5		2.229044e-10			
2.6961248430e+02	2		1		1.503363e-10			
2.6961248430e+02	2		2		2.906649e-10			
2.6961248430e+02	2		3		3.794065e-10			
2.6961248430e+02	2		4		4.641687e-10			
2.6961248430e+02	2		5		4.953146e-10			
2.6961248430e+02	3		1		1.796982e-10			
2.6961248430e+02	3		2		3.794065e-10			
2.6961248430e+02	3		3		5.738670e-10			
2.6961248430e+02	3		4		7.812809e-10			
2.6961248430e+02	3		5		8.665739e-10			
2.6961248430e+02	4		1		2.102096e-10			
2.6961248430e+02	4		2		4.641687e-10			
2.6961248430e+02	4		3		7.812809e-10			
2.6961248430e+02	4		4		1.188626e-09			
2.6961248430e+02	4		5		1.393770e-09			
2.6961248430e+02	5		1		2.229044e-10			
2.6961248430e+02	5		2		4.953146e-10			
2.6961248430e+02	5		3		8.665739e-10			
2.6961248430e+02	5		4		1.393770e-09			
2.6961248430e+02	5		5		1.725752e-09			
2.9383486891e+02	1		1		8.559585e-11			
2.9383486891e+02	1		2		1.362746e-10			
2.9383486891e+02	1		3		1.627856e-10			
2.9383486891e+02	1		4		1.902749e-10			
2.9383486891e+02	1		5		2.016483e-10			
2.9383486891e+02	2		1		1.362746e-10			
2.9383486891e+02	2		2		2.635609e-10			
2.9383486891e+02	2		3		3.434522e-10			
2.9383486891e+02	2		4		4.197211e-10			
2.9383486891e+02	2		5		4.476735e-10			
2.9383486891e+02	3		1		1.627856e-10			
2.9383486891e+02	3		2		3.434522e-10			
2.9383486891e+02	3		3		5.173236e-10			
2.9383486891e+02	3		4		7.024039e-10			
2.9383486891e+02	3		5		7.783162e-10			
2.9383486891e+02	4		1		1.902749e-10			
2.9383486891e+02	4		2		4.197211e-10			
2.9383486891e+02	4		3		7.024039e-10			
2.9383486891e+02	4		4		1.064527e-09			
2.9383486891e+02	4		5		1.246281e-09			
2.9383486891e+02	5		1		2.016483e-10			
2.9383486891e+02	5		2		4.476735e-10			
2.9383486891e+02	5		3		7.783162e-10			
2.9383486891e+02	5		4		1.246281e-09			
2.9383486891e+02	5		5		1.539242e-09			
3.2023342840e+02	1		1		7.728164e-11			
3.2023342840e+02	1		2		1.234306e-10			
3.2023342840e+02	1		3		1.473983e-10			
3.2023342840e+02	1		4		1.721918e-10			
3.2023342840e+02	1		5		1.823910e-10			
3.2023342840e+02	2		1		1.234306e-10			
3.2023342840e+02	2		2		2.390692e-10			
3.2023342840e+02	2		3		3.111372e-10			
3.2023342840e+02	2		4		3.798953e-10			
3.2023342840e+02	2		5		4.050289e-10			
3.2023342840e+02	3		1		1.473983e-10			
3.2023342840e+02	3		2		3.111372e-10			
3.2023342840e+02	3		3		4.669170e-10			
3.2023342840e+02	3		4		6.323440e-10			
3.2023342840e+02	3		5		6.999885e-10			
3.2023342840e+02	4		1		1.721918e-10			
3.2023342840e+02	4		2		3.798953e-10			
3.2023342840e+02	4		3		6.323440e-10			
3.2023342840e+02	4		4		9.544653e-10			
3.2023342840e+02	4		5		1.115698e-09			
3.2023342840e+02	5		1		1.823910e-10			
3.2023342840e+02	5		2		4.050289e-10			
3.2023342840e+02	5		3		6.999885e-10			
3.2023342840e+02	5		4		1.115698e-09			
3.2023342840e+02	5		5		1.374757e-09			
3.4900367355e+02	1		1		6.963937e-11			
3.4900367355e+02	1		2		1.116730e-10			
3.4900367355e+02	1		3		1.333652e-10			
3.4900367355e+02	1		4		1.557478e-10			
3.4900367355e+02	1		5		1.649039e-10			
3.4900367355e+02	2		1		1.116730e-10			
3.4900367355e+02	2		2		2.168643e-10			
3.4900367355e+02	2		3		2.820010e-10			
3.4900367355e+02	2		4		3.440998e-10			
3.4900367355e+02	2		5		3.667430e-10			
3.4900367355e+02	3		1		1.333652e-10			
3.4900367355e+02	3		2		2.820010e-10			
3.4900367355e+02	3		3		4.218610e-10			
3.4900367355e+02	3		4		5.700326e-10			
3.4900367355e+02	3		5		6.304471e-10			
3.4900367355e+02	4		1		1.557478e-10			
3.4900367355e+02	4		2		3.440998e-10			
3.4900367355e+02	4		3		5.700326e-10			
3.4900367355e+02	4		4		8.569425e-10			
3.4900367355e+02	4		5		1.000030e-09			
3.4900367355e+02	5		1		1.649039e-10			
3.4900367355e+02	5		2		3.667430e-10			
3.4900367355e+02	5		3		6.304471e-10			
3.4900367355e+02	5		4		1.000030e-09			
3.4900367355e+02	5		5		1.229416e-09			
3.8035868010e+02	1		1		6.261410e-11			
3.8035868010e+02	1		2		1.008916e-10			
3.8035868010e+02	1		3		1.205415e-10			
3.8035868010e+02	1		4		1.407656e-10			
3.8035868010e+02	1		5		1.489935e-10			
3.8035868010e+02	2		1		1.008916e-10			
3.8035868010e+02	2		2		1.966682e-10			
3.8035868010e+02	2		3		2.556480e-10			
3.8035868010e+02	2		4		3.118333e-10			
3.8035868010e+02	2		5		3.322702e-10			
3.8035868010e+02	3		1		1.205415e-10			
3.8035868010e+02	3		2		2.556480e-10			
3.8035868010e+02	3		3		3.814778e-10			
3.8035868010e+02	3		4		5.144607e-10			
3.8035868010e+02	3		5		5.685307e-10			
3.8035868010e+02	4		1		1.407656e-10			
3.8035868010e+02	4		2		3.118333e-10			
3.8035868010e+02	4		3		5.144607e-10			
3.8035868010e+02	4		4		7.705298e-10			
3.8035868010e+02	4		5		8.976353e-10			
3.8035868010e+02	5		1		1.489935e-10			
3.8035868010e+02	5		2		3.322702e-10			
3.8035868010e+02	5		3		5.685307e-10			
3.8035868010e+02	5		4		8.976353e-10			
3.8035868010e+02	5		5		1.100770e-09			
4.1453066685e+02	1		1		5.615929e-11			
4.1453066685e+02	1		2		9.099331e-11			
4.1453066685e+02	1		3		1.088027e-10			
4.1453066685e+02	1		4		1.270883e-10			
4.1453066685e+02	1		5		1.344872e-10			
4.1453066685e+02	2		1		9.099331e-11			
4.1453066685e+02	2		2		1.782431e-10			
4.1453066685e+02	2		3		2.317323e-10			
4.1453066685e+02	2		4		2.826458e-10			
4.1453066685e+02	2		5		3.011187e-10			
4.1453066685e+02	3		1		1.088027e-10			
4.1453066685e+02	3		2		2.317323e-10			
4.1453066685e+02	3		3		3.451730e-10			
4.1453066685e+02	3		4		4.647497e-10			
4.1453066685e+02	3		5		5.132169e-10			
4.1453066685e+02	4		1		1.270883e-10			
4.1453066685e+02	4		2		2.826458e-10			
4.1453066685e+02	4		3		4.647497e-10			
4.1453066685e+02	4		4		6.937492e-10			
4.1453066685e+02	4		5		8.068648e-10			
4.1453066685e+02	5		1		1.344872e-10			
4.1453066685e+02	5		2		3.011187e-10			
4.1453066685e+02	5		3		5.132169e-10			
4.1453066685e+02	5		4		8.068648e-10			
4.1453066685e+02	5		5		9.868600e-10			
4.5177271546e+02	1		1		5.023525e-11			
4.5177271546e+02	1		2		8.190038e-11			
4.5177271546e+02	1		3		9.804547e-11			
4.5177271546e+02	1		4		1.145840e-10			
4.5177271546e+02	1		5		1.212406e-10			
4.5177271546e+02	2		1		8.190038e-11			
4.5177271546e+02	2		2		1.613891e-10			
4.5177271546e+02	2		3		2.099622e-10			
4.5177271546e+02	2		4		2.561579e-10			
4.5177271546e+02	2		5		2.728784e-10			
4.5177271546e+02	3		1		9.804547e-11			
4.5177271546e+02	3		2		2.099622e-10			
4.5177271546e+02	3		3		3.124366e-10			
4.5177271546e+02	3		4		4.201723e-10			
4.5177271546e+02	3		5		4.637014e-10			
4.5177271546e+02	4		1		1.145840e-10			
4.5177271546e+02	4		2		2.561579e-10			
4.5177271546e+02	4		3		4.201723e-10			
4.5177271546e+02	4		4		6.253495e-10			
4.5177271546e+02	4		5		7.262093e-10			
4.5177271546e+02	5		1		1.212406e-10			
4.5177271546e+02	5		2		2.728784e-10			
4.5177271546e+02	5		3		4.637014e-10			
4.5177271546e+02	5		4		7.262093e-10			
4.5177271546e+02	5		5		8.859579e-10			
4.9236064483e+02	1		1		4.480761e-11			
4.9236064483e+02	1		2		7.354737e-11			
4.9236064483e+02	1		3		8.818240e-11			
4.9236064483e+02	1		4		1.031416e-10			
4.9236064483e+02	1		5		1.091328e-10			
4.9236064483e+02	2		1		7.354737e-11			
4.9236064483e+02	2		2		1.459376e-10			
4.9236064483e+02	2		3		1.900898e-10			
4.9236064483e+02	2		4		2.320458e-10			
4.9236064483e+02	2		5		2.471984e-10			
4.9236064483e+02	3		1		8.818240e-11			
4.9236064483e+02	3		2		1.900898e-10			
4.9236064483e+02	3		3		2.828261e-10			
4.9236064483e+02	3		4		3.800764e-10			
4.9236064483e+02	3		5		4.192522e-10			
4.9236064483e+02	4		1		1.031416e-10			
4.9236064483e+02	4		2		2.320458e-10			
4.9236064483e+02	4		3		3.800764e-10			
4.9236064483e+02	4		4		5.642877e-10			
4.9236064483e+02	4		5		6.543840e-10			
4.9236064483e+02	5		1		1.091328e-10			
4.9236064483e+02	5		2		2.471984e-10			
4.9236064483e+02	5		3		4.192522e-10			
4.9236064483e+02	5		4		6.543840e-10			
4.9236064483e+02	5		5		7.964149e-10			
5.3659505385e+02	1		1		3.984591e-11			
5.3659505385e+02	1		2		6.587884e-11			
5.3659505385e+02	1		3		7.913896e-11			
5.3659505385e+02	1		4		9.266609e-11			
5.3659505385e+02	1		5		9.806013e-11			
5.3659505385e+02	2		1		6.587884e-11			
5.3659505385e+02	2		2		1.317479e-10			
5.3659505385e+02	2		3		1.719052e-10			
5.3659505385e+02	2		4		2.100332e-10			
5.3659505385e+02	2		5		2.237763e-10			
5.3659505385e+02	3		1		7.913896e-11			
5.3659505385e+02	3		2		1.719052e-10			
5.3659505385e+02	3		3		2.559612e-10			
5.3659505385e+02	3		4		3.438921e-10			
5.3659505385e+02	3		5		3.792134e-10			
5.3659505385e+02	4		1		9.266609e-11			
5.3659505385e+02	4		2		2.100332e-10			
5.3659505385e+02	4		3		3.438921e-10			
5.3659505385e+02	4		4		5.096163e-10			
5.3659505385e+02	4		5		5.902583e-10			
5.3659505385e+02	5		1		9.806013e-11			
5.3659505385e+02	5		2		2.237763e-10			
5.3659505385e+02	5		3		3.792134e-10			
5.3659505385e+02	5		4		5.902583e-10			
5.3659505385e+02	5		5		7.167579e-10			
5.8480354764e+02	1		1		3.532248e-11			
5.8480354764e+02	1		2		5.884741e-11			
5.8480354764e+02	1		3		7.085205e-11			
5.8480354764e+02	1		4		8.307733e-11			
5.8480354764e+02	1		5		8.793376e-11			
5.8480354764e+02	2		1		5.884741e-11			
5.8480354764e+02	2		2		1.187027e-10			
5.8480354764e+02	2		3		1.552330e-10			
5.8480354764e+02	2		4		1.898894e-10			
5.8480354764e+02	2		5		2.023602e-10			
5.8480354764e+02	3		1		7.085205e-11			
5.8480354764e+02	3		2		1.552330e-10			
5.8480354764e+02	3		3		2.315191e-10			
5.8480354764e+02	3		4		3.111399e-10			
5.8480354764e+02	3		5		3.430402e-10			
5.8480354764e+02	4		1		8.307733e-11			
5.8480354764e+02	4		2		1.898894e-10			
5.8480354764e+02	4		3		3.111399e-10			
5.8480354764e+02	4		4		4.605180e-10			
5.8480354764e+02	4		5		5.328492e-10			
5.8480354764e+02	5		1		8.793376e-11			
5.8480354764e+02	5		2		2.023602e-10			
5.8480354764e+02	5		3		3.430402e-10			
5.8480354764e+02	5		4		5.328492e-10			
5.8480354764e+02	5		5		6.457325e-10			
6.3734316386e+02	1		1		3.121153e-11			
6.3734316386e+02	1		2		5.241186e-11			
6.3734316386e+02	1		3		6.326716e-11			
6.3734316386e+02	1		4		7.430601e-11			
6.3734316386e+02	1		5		7.867737e-11			
6.3734316386e+02	2		1		5.241186e-11			
6.3734316386e+02	2		2		1.067047e-10			
6.3734316386e+02	2		3		1.399263e-10			
6.3734316386e+02	2		4		1.714196e-10			
6.3734316386e+02	2		5		1.827369e-10			
6.3734316386e+02	3		1		6.326716e-11			
6.3734316386e+02	3		2		1.399263e-10			
6.3734316386e+02	3		3		2.092253e-10			
6.3734316386e+02	3		4		2.814045e-10			
6.3734316386e+02	3		5		3.102578e-10			
6.3734316386e+02	4		1		7.430601e-11			
6.3734316386e+02	4		2		1.714196e-10			
6.3734316386e+02	4		3		2.814045e-10			
6.3734316386e+02	4		4		4.162869e-10			
6.3734316386e+02	4		5		4.812946e-10			
6.3734316386e+02	5		1		7.867737e-11			
6.3734316386e+02	5		2		1.827369e-10			
6.3734316386e+02	5		3		3.102578e-10			
6.3734316386e+02	5		4		4.812946e-10			
6.3734316386e+02	5		5		5.822334e-10			
6.9460301696e+02	1		1		2.748854e-11			
6.9460301696e+02	1		2		4.653567e-11			
6.9460301696e+02	1		3		5.633688e-11			
6.9460301696e+02	1		4		6.629253e-11			
6.9460301696e+02	1		5		7.022550e-11			
6.9460301696e+02	2		1		4.653567e-11			
6.9460301696e+02	2		2		9.567276e-11			
6.9460301696e+02	2		3		1.258629e-10			
6.9460301696e+02	2		4		1.544624e-10			
6.9460301696e+02	2		5		1.647295e-10			
6.9460301696e+02	3		1		5.633688e-11			
6.9460301696e+02	3		2		1.258629e-10			
6.9460301696e+02	3		3		1.888483e-10			
6.9460301696e+02	3		4		2.543348e-10			
6.9460301696e+02	3		5		2.804632e-10			
6.9460301696e+02	4		1		6.629253e-11			
6.9460301696e+02	4		2		1.544624e-10			
6.9460301696e+02	4		3		2.543348e-10			
6.9460301696e+02	4		4		3.763156e-10			
6.9460301696e+02	4		5		4.348536e-10			
6.9460301696e+02	5		1		7.022550e-11			
6.9460301696e+02	5		2		1.647295e-10			
6.9460301696e+02	5		3		2.804632e-10			
6.9460301696e+02	5		4		4.348536e-10			
6.9460301696e+02	5		5		5.252972e-10			
7.5700718001e+02	1		1		2.412961e-11			
7.5700718001e+02	1		2		4.118553e-11			
7.5700718001e+02	1		3		5.001882e-11			
7.5700718001e+02	1		4		5.898423e-11			
7.5700718001e+02	1		5		6.252035e-11			
7.5700718001e+02	2		1		4.118553e-11			
7.5700718001e+02	2		2		8.553888e-11			
7.5700718001e+02	2		3		1.129409e-10			
7.5700718001e+02	2		4		1.388830e-10			
7.5700718001e+02	2		5		1.481902e-10			
7.5700718001e+02	3		1		5.001882e-11			
7.5700718001e+02	3		2		1.129409e-10			
7.5700718001e+02	3		3		1.701935e-10			
7.5700718001e+02	3		4		2.296332e-10			
7.5700718001e+02	3		5		2.533147e-10			
7.5700718001e+02	4		1		5.898423e-11			
7.5700718001e+02	4		2		1.388830e-10			
7.5700718001e+02	4		3		2.296332e-10			
7.5700718001e+02	4		4		3.400853e-10			
7.5700718001e+02	4		5		3.928906e-10			
7.5700718001e+02	5		1		6.252035e-11			
7.5700718001e+02	5		2		1.481902e-10			
7.5700718001e+02	5		3		2.533147e-10			
7.5700718001e+02	5		4		3.928906e-10			
7.5700718001e+02	5		5		4.740934e-10			
8.2501782542e+02	1		1		2.111128e-11			
8.2501782542e+02	1		2		3.633039e-11			
8.2501782542e+02	1		3		4.427448e-11			
8.2501782542e+02	1		4		5.233401e-11			
8.2501782542e+02	1		5		5.551044e-11			
8.2501782542e+02	2		1		3.633039e-11			
8.2501782542e+02	2		2		7.624524e-11			
8.2501782542e+02	2		3		1.010750e-10			
8.2501782542e+02	2		4		1.245693e-10			
8.2501782542e+02	2		5		1.329964e-10			
8.2501782542e+02	3		1		4.427448e-11			
8.2501782542e+02	3		2		1.010750e-10			
8.2501782542e+02	3		3		1.530976e-10			
8.2501782542e+02	3		4		2.070497e-10			
8.2501782542e+02	3		5		2.285239e-10			
8.2501782542e+02	4		1		5.233401e-11			
8.2501782542e+02	4		2		1.245693e-10			
8.2501782542e+02	4		3		2.070497e-10			
8.2501782542e+02	4		4		3.071545e-10			
8.2501782542e+02	4		5		3.548613e-10			
8.2501782542e+02	5		1		5.551044e-11			
8.2501782542e+02	5		2		1.329964e-10			
8.2501782542e+02	5		3		2.285239e-10			
8.2501782542e+02	5		4		3.548613e-10			
8.2501782542e+02	5		5		4.279062e-10			
8.9913864787e+02	1		1		1.841029e-11			
8.9913864787e+02	1		2		3.194061e-11			
8.9913864787e+02	1		3		3.906799e-11			
8.9913864787e+02	1		4		4.629882e-11			
8.9913864787e+02	1		5		4.914894e-11			
8.9913864787e+02	2		1		3.194061e-11			
8.9913864787e+02	2		2		6.774164e-11			
8.9913864787e+02	2		3		9.019286e-11			
8.9913864787e+02	2		4		1.114276e-10			
8.9913864787e+02	2		5		1.190455e-10			
8.9913864787e+02	3		1		3.906799e-11			
8.9913864787e+02	3		2		9.019286e-11			
8.9913864787e+02	3		3		1.374235e-10			
8.9913864787e+02	3		4		1.863737e-10			
8.9913864787e+02	3		5		2.058480e-10			
8.9913864787e+02	4		1		4.629882e-11			
8.9913864787e+02	4		2		1.114276e-10			
8.9913864787e+02	4		3		1.863737e-10			
8.9913864787e+02	4		4		2.771500e-10			
8.9913864787e+02	4		5		3.203043e-10			
8.9913864787e+02	5		1		4.914894e-11			
8.9913864787e+02	5		2		1.190455e-10			
8.9913864787e+02	5		3		2.058480e-10			
8.9913864787e+02	5		4		3.203043e-10			
8.9913864787e+02	5		5		3.861242e-10			
9.7991859471e+02	1		1		1.600353e-11			
9.7991859471e+02	1		2		2.798723e-11			
9.7991859471e+02	1		3		3.436519e-11			
9.7991859471e+02	1		4		4.083833e-11			
9.7991859471e+02	1		5		4.339234e-11			
9.7991859471e+02	2		1		2.798723e-11			
9.7991859471e+02	2		2		5.998332e-11			
9.7991859471e+02	2		3		8.023239e-11			
9.7991859471e+02	2		4		9.937870e-11			
9.7991859471e+02	2		5		1.062512e-10			
9.7991859471e+02	3		1		3.436519e-11			
9.7991859471e+02	3		2		8.023239e-11			
9.7991859471e+02	3		3		1.230558e-10			
9.7991859471e+02	3		4		1.674290e-10			
9.7991859471e+02	3		5		1.850836e-10			
9.7991859471e+02	4		1		4.083833e-11			
9.7991859471e+02	4		2		9.937870e-11			
9.7991859471e+02	4		3		1.674290e-10			
9.7991859471e+02	4		4		2.497565e-10			
9.7991859471e+02	4		5		2.888280e-10			
9.7991859471e+02	5		1		4.339234e-11			
9.7991859471e+02	5		2		1.062512e-10			
9.7991859471e+02	5		3		1.850836e-10			
9.7991859471e+02	5		4		2.888280e-10			
9.7991859471e+02	5		5		3.482264e-10			
1.0679559315e+03	1		1		1.386812e-11			
1.0679559315e+03	1		2		2.444168e-11			
1.0679559315e+03	1		3		3.013307e-11			
1.0679559315e+03	1		4		3.591424e-11			
1.0679559315e+03	1		5		3.819952e-11			
1.0679559315e+03	2		1		2.444168e-11			
1.0679559315e+03	2		2		5.292899e-11			
1.0679559315e+03	2		3		7.113875e-11			
1.0679559315e+03	2		4		8.835422e-11			
1.0679559315e+03	2		5		9.453953e-11			
1.0679559315e+03	3		1		3.013307e-11			
1.0679559315e+03	3		2		7.113875e-11			
1.0679559315e+03	3		3		1.098967e-10			
1.0679559315e+03	3		4		1.500678e-10			
1.0679559315e+03	3		5		1.660601e-10			
1.0679559315e+03	4		1		3.591424e-11			
1.0679559315e+03	4		2		8.835422e-11			
1.0679559315e+03	4		3		1.500678e-10			
1.0679559315e+03	4		4		2.247095e-10			
1.0679559315e+03	4		5		2.601030e-10			
1.0679559315e+03	5		1		3.819952e-11			
1.0679559315e+03	5		2		9.453953e-11			
1.0679559315e+03	5		3		1.660601e-10			
1.0679559315e+03	5		4		2.601030e-10			
1.0679559315e+03	5		5		3.137708e-10			
1.1639026730e+03	1		1		1.198150e-11			
1.1639026730e+03	1		2		2.127556e-11			
1.1639026730e+03	1		3		2.633929e-11			
1.1639026730e+03	1		4		3.148955e-11			
1.1639026730e+03	1		5		3.353106e-11			
1.1639026730e+03	2		1		2.127556e-11			
1.1639026730e+03	2		2		4.653941e-11			
1.1639026730e+03	2		3		6.286218e-11			
1.1639026730e+03	2		4		7.829378e-11			
1.1639026730e+03	2		5		8.384552e-11			
1.1639026730e+03	3		1		2.633929e-11			
1.1639026730e+03	3		2		6.286218e-11			
1.1639026730e+03	3		3		9.786197e-11			
1.1639026730e+03	3		4		1.341651e-10			
1.1639026730e+03	3		5		1.486337e-10			
1.1639026730e+03	4		1		3.148955e-11			
1.1639026730e+03	4		2		7.829378e-11			
1.1639026730e+03	4		3		1.341651e-10			
1.1639026730e+03	4		4		2.017871e-10			
1.1639026730e+03	4		5		2.338523e-10			
1.1639026730e+03	5		1		3.353106e-11			
1.1639026730e+03	5		2		8.384552e-11			
1.1639026730e+03	5		3		1.486337e-10			
1.1639026730e+03	5		4		2.338523e-10			
1.1639026730e+03	5		5		2.823841e-10			
1.2684694117e+03	1		1		1.032157e-11			
1.2684694117e+03	1		2		1.846050e-11			
1.2684694117e+03	1		3		2.295195e-11			
1.2684694117e+03	1		4		2.752813e-11			
1.2684694117e+03	1		5		2.934867e-11			
1.2684694117e+03	2		1		1.846050e-11			
1.2684694117e+03	2		2		4.077622e-11			
1.2684694117e+03	2		3		5.535617e-11			
1.2684694117e+03	2		4		6.914247e-11			
1.2684694117e+03	2		5		7.411066e-11			
1.2684694117e+03	3		1		2.295195e-11			
1.2684694117e+03	3		2		5.535617e-11			
1.2684694117e+03	3		3		8.687819e-11			
1.2684694117e+03	3		4		1.196145e-10			
1.2684694117e+03	3		5		1.326828e-10			
1.2684694117e+03	4		1		2.752813e-11			
1.2684694117e+03	4		2		6.914247e-11			
1.2684694117e+03	4		3		1.196145e-10			
1.2684694117e+03	4		4		1.808025e-10			
1.2684694117e+03	4		5		2.098429e-10			
1.2684694117e+03	5		1		2.934867e-11			
1.2684694117e+03	5		2		7.411066e-11			
1.2684694117e+03	5		3		1.326828e-10			
1.2684694117e+03	5		4		2.098429e-10			
1.2684694117e+03	5		5		2.537513e-10			
1.3824305809e+03	1		1		8.866941e-12			
1.3824305809e+03	1		2		1.596841e-11			
1.3824305809e+03	1		3		1.993965e-11			
1.3824305809e+03	1		4		2.399471e-11			
1.3824305809e+03	1		5		2.561517e-11			
1.3824305809e+03	2		1		1.596841e-11			
1.3824305809e+03	2		2		3.560111e-11			
1.3824305809e+03	2		3		4.857584e-11			
1.3824305809e+03	2		4		6.084851e-11			
1.3824305809e+03	2		5		6.528021e-11			
1.3824305809e+03	3		1		1.993965e-11			
1.3824305809e+03	3		2		4.857584e-11			
1.3824305809e+03	3		3		7.687954e-11			
1.3824305809e+03	3		4		1.063240e-10			
1.3824305809e+03	3		5		1.181030e-10			
1.3824305809e+03	4		1		2.399471e-11			
1.3824305809e+03	4		2		6.084851e-11			
1.3824305809e+03	4		3		1.063240e-10			
1.3824305809e+03	4		4		1.615985e-10			
1.3824305809e+03	4		5		1.878789e-10			
1.3824305809e+03	5		1		2.561517e-11			
1.3824305809e+03	5		2		6.528021e-11			
1.3824305809e+03	5		3		1.181030e-10			
1.3824305809e+03	5		4		1.878789e-10			
1.3824305809e+03	5		5		2.276071e-10			
1.5066301903e+03	1		1		7.597075e-12			
1.5066301903e+03	1		2		1.377157e-11			
1.5066301903e+03	1		3		1.727150e-11			
1.5066301903e+03	1		4		2.085479e-11			
1.5066301903e+03	1		5		2.229429e-11			
1.5066301903e+03	2		1		1.377157e-11			
1.5066301903e+03	2		2		3.097552e-11			
1.5066301903e+03	2		3		4.247707e-11			
1.5066301903e+03	2		4		5.336188e-11			
1.5066301903e+03	2		5		5.730165e-11			
1.5066301903e+03	3		1		1.727150e-11			
1.5066301903e+03	3		2		4.247707e-11			
1.5066301903e+03	3		3		6.780562e-11			
1.5066301903e+03	3		4		9.421233e-11			
1.5066301903e+03	3		5		1.048032e-10			
1.5066301903e+03	4		1		2.085479e-11			
1.5066301903e+03	4		2		5.336188e-11			
1.5066301903e+03	4		3		9.421233e-11			
1.5066301903e+03	4		4		1.440409e-10			
1.5066301903e+03	4		5		1.677946e-10			
1.5066301903e+03	5		1		2.229429e-11			
1.5066301903e+03	5		2		5.730165e-11			
1.5066301903e+03	5		3		1.048032e-10			
1.5066301903e+03	5		4		1.677946e-10			
1.5066301903e+03	5		5		2.037274e-10			
1.6419880764e+03	1		1		6.492508e-12			
1.6419880764e+03	1		2		1.184291e-11			
1.6419880764e+03	1		3		1.491739e-11			
1.6419880764e+03	1		4		1.807476e-11			
1.6419880764e+03	1		5		1.935085e-11			
1.6419880764e+03	2		1		1.184291e-11			
1.6419880764e+03	2		2		2.686044e-11			
1.6419880764e+03	2		3		3.701579e-11			
1.6419880764e+03	2		4		4.663316e-11			
1.6419880764e+03	2		5		5.012338e-11			
1.6419880764e+03	3		1		1.491739e-11			
1.6419880764e+03	3		2		3.701579e-11			
1.6419880764e+03	3		3		5.959973e-11			
1.6419880764e+03	3		4		8.320616e-11			
1.6419880764e+03	3		5		9.270190e-11			
1.6419880764e+03	4		1		1.807476e-11			
1.6419880764e+03	4		2		4.663316e-11			
1.6419880764e+03	4		3		8.320616e-11			
1.6419880764e+03	4		4		1.280140e-10			
1.6419880764e+03	4		5		1.494480e-10			
1.6419880764e+03	5		1		1.935085e-11			
1.6419880764e+03	5		2		5.012338e-11			
1.6419880764e+03	5		3		9.270190e-11			
1.6419880764e+03	5		4		1.494480e-10			
1.6419880764e+03	5		5		1.819220e-10			
1.7895067153e+03	1		1		5.534994e-12			
1.7895067153e+03	1		2		1.015635e-11			
1.7895067153e+03	1		3		1.284822e-11			
1.7895067153e+03	1		4		1.562225e-11			
1.7895067153e+03	1		5		1.675101e-11			
1.7895067153e+03	2		1		1.015635e-11			
1.7895067153e+03	2		2		2.321655e-11			
1.7895067153e+03	2		3		3.214765e-11			
1.7895067153e+03	2		4		4.061274e-11			
1.7895067153e+03	2		5		4.369373e-11			
1.7895067153e+03	3		1		1.284822e-11			
1.7895067153e+03	3		2		3.214765e-11			
1.7895067153e+03	3		3		5.220731e-11			
1.7895067153e+03	3		4		7.323752e-11			
1.7895067153e+03	3		5		8.172494e-11			
1.7895067153e+03	4		1		1.562225e-11			
1.7895067153e+03	4		2		4.061274e-11			
1.7895067153e+03	4		3		7.323752e-11			
1.7895067153e+03	4		4		1.134163e-10			
1.7895067153e+03	4		5		1.327167e-10			
1.7895067153e+03	5		1		1.675101e-11			
1.7895067153e+03	5		2		4.369373e-11			
1.7895067153e+03	5		3		8.172494e-11			
1.7895067153e+03	5		4		1.327167e-10			
1.7895067153e+03	5		5		1.620281e-10			
1.9502786470e+03	1		1		4.707602e-12			
1.9502786470e+03	1		2		8.686978e-12			
1.9502786470e+03	1		3		1.103612e-11			
1.9502786470e+03	1		4		1.346620e-11			
1.9502786470e+03	1		5		1.446237e-11			
1.9502786470e+03	2		1		8.686978e-12			
1.9502786470e+03	2		2		2.000462e-11			
1.9502786470e+03	2		3		2.782813e-11			
1.9502786470e+03	2		4		3.525073e-11			
1.9502786470e+03	2		5		3.796080e-11			
1.9502786470e+03	3		1		1.103612e-11			
1.9502786470e+03	3		2		2.782813e-11			
1.9502786470e+03	3		3		4.557503e-11			
1.9502786470e+03	3		4		6.424180e-11			
1.9502786470e+03	3		5		7.180247e-11			
1.9502786470e+03	4		1		1.346620e-11			
1.9502786470e+03	4		2		3.525073e-11			
1.9502786470e+03	4		3		6.424180e-11			
1.9502786470e+03	4		4		1.001561e-10			
1.9502786470e+03	4		5		1.174922e-10			
1.9502786470e+03	5		1		1.446237e-11			
1.9502786470e+03	5		2		3.796080e-11			
1.9502786470e+03	5		3		7.180247e-11			
1.9502786470e+03	5		4		1.174922e-10			
1.9502786470e+03	5		5		1.439047e-10			
2.1254945671e+03	1		1		3.994807e-12			
2.1254945671e+03	1		2		7.411362e-12			
2.1254945671e+03	1		3		9.454740e-12			
2.1254945671e+03	1		4		1.157721e-11			
2.1254945671e+03	1		5		1.245427e-11			
2.1254945671e+03	2		1		7.411362e-12			
2.1254945671e+03	2		2		1.718589e-11			
2.1254945671e+03	2		3		2.401282e-11			
2.1254945671e+03	2		4		3.049706e-11			
2.1254945671e+03	2		5		3.287247e-11			
2.1254945671e+03	3		1		9.454740e-12			
2.1254945671e+03	3		2		2.401282e-11			
2.1254945671e+03	3		3		3.965029e-11			
2.1254945671e+03	3		4		5.615648e-11			
2.1254945671e+03	3		5		6.286766e-11			
2.1254945671e+03	4		1		1.157721e-11			
2.1254945671e+03	4		2		3.049706e-11			
2.1254945671e+03	4		3		5.615648e-11			
2.1254945671e+03	4		4		8.814919e-11			
2.1254945671e+03	4		5		1.036767e-10			
2.1254945671e+03	5		1		1.245427e-11			
2.1254945671e+03	5		2		3.287247e-11			
2.1254945671e+03	5		3		6.286766e-11			
2.1254945671e+03	5		4		1.036767e-10			
2.1254945671e+03	5		5		1.274273e-10			
2.3164521447e+03	1		1		3.382488e-12			
2.3164521447e+03	1		2		6.307653e-12			
2.3164521447e+03	1		3		8.079361e-12			
2.3164521447e+03	1		4		9.927635e-12			
2.3164521447e+03	1		5		1.069793e-11			
2.3164521447e+03	2		1		6.307653e-12			
2.3164521447e+03	2		2		1.472257e-11			
2.3164521447e+03	2		3		2.065769e-11			
2.3164521447e+03	2		4		2.630167e-11			
2.3164521447e+03	2		5		2.837657e-11			
2.3164521447e+03	3		1		8.079361e-12			
2.3164521447e+03	3		2		2.065769e-11			
2.3164521447e+03	3		3		3.438091e-11			
2.3164521447e+03	3		4		4.892021e-11			
2.3164521447e+03	3		5		5.485536e-11			
2.3164521447e+03	4		1		9.927635e-12			
2.3164521447e+03	4		2		2.630167e-11			
2.3164521447e+03	4		3		4.892021e-11			
2.3164521447e+03	4		4		7.731621e-11			
2.3164521447e+03	4		5		9.117999e-11			
2.3164521447e+03	5		1		1.069793e-11			
2.3164521447e+03	5		2		2.837657e-11			
2.3164521447e+03	5		3		5.485536e-11			
2.3164521447e+03	5		4		9.117999e-11			
2.3164521447e+03	5		5		1.124841e-10			
2.5245656337e+03	1		1		2.857904e-12			
2.5245656337e+03	1		2		5.355701e-12			
2.5245656337e+03	1		3		6.887028e-12			
2.5245656337e+03	1		4		8.491735e-12			
2.5245656337e+03	1		5		9.166542e-12			
2.5245656337e+03	2		1		5.355701e-12			
2.5245656337e+03	2		2		1.257837e-11			
2.5245656337e+03	2		3		1.771978e-11			
2.5245656337e+03	2		4		2.261520e-11			
2.5245656337e+03	2		5		2.442154e-11			
2.5245656337e+03	3		1		6.887028e-12			
2.5245656337e+03	3		2		1.771978e-11			
2.5245656337e+03	3		3		2.971514e-11			
2.5245656337e+03	3		4		4.247216e-11			
2.5245656337e+03	3		5		4.770120e-11			
2.5245656337e+03	4		1		8.491735e-12			
2.5245656337e+03	4		2		2.261520e-11			
2.5245656337e+03	4		3		4.247216e-11			
2.5245656337e+03	4		4		6.758061e-11			
2.5245656337e+03	4		5		7.991676e-11			
2.5245656337e+03	5		1		9.166542e-12			
2.5245656337e+03	5		2		2.442154e-11			
2.5245656337e+03	5		3		4.770120e-11			
2.5245656337e+03	5		4		7.991676e-11			
2.5245656337e+03	5		5		9.897261e-11			
2.7513763465e+03	1		1		2.409654e-12			
2.7513763465e+03	1		2		4.537105e-12			
2.7513763465e+03	1		3		5.856613e-12			
2.7513763465e+03	1		4		7.245717e-12			
2.7513763465e+03	1		5		7.835329e-12			
2.7513763465e+03	2		1		4.537105e-12			
2.7513763465e+03	2		2		1.071884e-11			
2.7513763465e+03	2		3		1.515758e-11			
2.7513763465e+03	2		4		1.938950e-11			
2.7513763465e+03	2		5		2.095694e-11			
2.7513763465e+03	3		1		5.856613e-12			
2.7513763465e+03	3		2		1.515758e-11			
2.7513763465e+03	3		3		2.560203e-11			
2.7513763465e+03	3		4		3.675207e-11			
2.7513763465e+03	3		5		4.134150e-11			
2.7513763465e+03	4		1		7.245717e-12			
2.7513763465e+03	4		2		1.938950e-11			
2.7513763465e+03	4		3		3.675207e-11			
2.7513763465e+03	4		4		5.886759e-11			
2.7513763465e+03	4		5		6.980477e-11			
2.7513763465e+03	5		1		7.835329e-12			
2.7513763465e+03	5		2		2.095694e-11			
2.7513763465e+03	5		3		4.134150e-11			
2.7513763465e+03	5		4		6.980477e-11			
2.7513763465e+03	5		5		8.679637e-11			
2.9985640695e+03	1		1		2.027583e-12			
2.9985640695e+03	1		2		3.835186e-12			
2.9985640695e+03	1		3		4.968804e-12			
2.9985640695e+03	1		4		6.167741e-12			
2.9985640695e+03	1		5		6.681536e-12			
2.9985640695e+03	2		1		3.835186e-12			
2.9985640695e+03	2		2		9.111765e-12			
2.9985640695e+03	2		3		1.293155e-11			
2.9985640695e+03	2		4		1.657817e-11			
2.9985640695e+03	2		5		1.793408e-11			
2.9985640695e+03	3		1		4.968804e-12			
2.9985640695e+03	3		2		1.293155e-11			
2.9985640695e+03	3		3		2.199171e-11			
2.9985640695e+03	3		4		3.170038e-11			
2.9985640695e+03	3		5		3.571325e-11			
2.9985640695e+03	4		1		6.167741e-12			
2.9985640695e+03	4		2		1.657817e-11			
2.9985640695e+03	4		3		3.170038e-11			
2.9985640695e+03	4		4		5.110366e-11			
2.9985640695e+03	4		5		6.076405e-11			
2.9985640695e+03	5		1		6.681536e-12			
2.9985640695e+03	5		2		1.793408e-11			
2.9985640695e+03	5		3		3.571325e-11			
2.9985640695e+03	5		4		6.076405e-11			
2.9985640695e+03	5		5		7.586387e-11			
3.2679595033e+03	1		1		1.702701e-12			
3.2679595033e+03	1		2		3.234944e-12			
3.2679595033e+03	1		3		4.206073e-12			
3.2679595033e+03	1		4		5.237882e-12			
3.2679595033e+03	1		5		5.684390e-12			
3.2679595033e+03	2		1		3.234944e-12			
3.2679595033e+03	2		2		7.727373e-12			
3.2679595033e+03	2		3		1.100450e-11			
3.2679595033e+03	2		4		1.413720e-11			
3.2679595033e+03	2		5		1.530660e-11			
3.2679595033e+03	3		1		4.206073e-12			
3.2679595033e+03	3		2		1.100450e-11			
3.2679595033e+03	3		3		1.883587e-11			
3.2679595033e+03	3		4		2.725848e-11			
3.2679595033e+03	3		5		3.075421e-11			
3.2679595033e+03	4		1		5.237882e-12			
3.2679595033e+03	4		2		1.413720e-11			
3.2679595033e+03	4		3		2.725848e-11			
3.2679595033e+03	4		4		4.421598e-11			
3.2679595033e+03	4		5		5.271579e-11			
3.2679595033e+03	5		1		5.684390e-12			
3.2679595033e+03	5		2		1.530660e-11			
3.2679595033e+03	5		3		3.075421e-11			
3.2679595033e+03	5		4		5.271579e-11			
3.2679595033e+03	5		5		6.608651e-11			
3.5615578216e+03	1		1		1.427092e-12			
3.5615578216e+03	1		2		2.722980e-12			
3.5615578216e+03	1		3		3.552623e-12			
3.5615578216e+03	1		4		4.438083e-12			
3.5615578216e+03	1		5		4.825046e-12			
3.5615578216e+03	2		1		2.722980e-12			
3.5615578216e+03	2		2		6.538415e-12			
3.5615578216e+03	2		3		9.341883e-12			
3.5615578216e+03	2		4		1.202527e-11			
3.5615578216e+03	2		5		1.303091e-11			
3.5615578216e+03	3		1		3.552623e-12			
3.5615578216e+03	3		2		9.341883e-12			
3.5615578216e+03	3		3		1.608828e-11			
3.5615578216e+03	3		4		2.336943e-11			
3.5615578216e+03	3		5		2.640370e-11			
3.5615578216e+03	4		1		4.438083e-12			
3.5615578216e+03	4		2		1.202527e-11			
3.5615578216e+03	4		3		2.336943e-11			
3.5615578216e+03	4		4		3.813276e-11			
3.5615578216e+03	4		5		4.558237e-11			
3.5615578216e+03	5		1		4.825046e-12			
3.5615578216e+03	5		2		1.303091e-11			
3.5615578216e+03	5		3		2.640370e-11			
3.5615578216e+03	5		4		4.558237e-11			
3.5615578216e+03	5		5		5.737795e-11			
3.8815334474e+03	1		1		1.193810e-12			
3.8815334474e+03	1		2		2.287394e-12			
3.8815334474e+03	1		3		2.994294e-12			
3.8815334474e+03	1		4		3.752059e-12			
3.8815334474e+03	1		5		4.086488e-12			
3.8815334474e+03	2		1		2.287394e-12			
3.8815334474e+03	2		2		5.520226e-12			
3.8815334474e+03	2		3		7.911936e-12			
3.8815334474e+03	2		4		1.020408e-11			
3.8815334474e+03	2		5		1.106649e-11			
3.8815334474e+03	3		1		2.994294e-12			
3.8815334474e+03	3		2		7.911936e-12			
3.8815334474e+03	3		3		1.370515e-11			
3.8815334474e+03	3		4		1.997834e-11			
3.8815334474e+03	3		5		2.260292e-11			
3.8815334474e+03	4		1		3.752059e-12			
3.8815334474e+03	4		2		1.020408e-11			
3.8815334474e+03	4		3		1.997834e-11			
3.8815334474e+03	4		4		3.278368e-11			
3.8815334474e+03	4		5		3.928761e-11			
3.8815334474e+03	5		1		4.086488e-12			
3.8815334474e+03	5		2		1.106649e-11			
3.8815334474e+03	5		3		2.260292e-11			
3.8815334474e+03	5		4		3.928761e-11			
3.8815334474e+03	5		5		4.965397e-11			
4.2302561569e+03	1		1		9.967895e-13			
4.2302561569e+03	1		2		1.917682e-12			
4.2302561569e+03	1		3		2.518469e-12			
4.2302561569e+03	1		4		3.165210e-12			
4.2302561569e+03	1		5		3.453436e-12			
4.2302561569e+03	2		1		1.917682e-12			
4.2302561569e+03	2		2		4.650645e-12			
4.2302561569e+03	2		3		6.685761e-12			
4.2302561569e+03	2		4		8.638516e-12			
4.2302561569e+03	2		5		9.376119e-12			
4.2302561569e+03	3		1		2.518469e-12			
4.2302561569e+03	3		2		6.685761e-12			
4.2302561569e+03	3		3		1.164547e-11			
4.2302561569e+03	3		4		1.703293e-11			
4.2302561569e+03	3		5		1.929557e-11			
4.2302561569e+03	4		1		3.165210e-12			
4.2302561569e+03	4		2		8.638516e-12			
4.2302561569e+03	4		3		1.703293e-11			
4.2302561569e+03	4		4		2.810021e-11			
4.2302561569e+03	4		5		3.375698e-11			
4.2302561569e+03	5		1		3.453436e-12			
4.2302561569e+03	5		2		9.376119e-12			
4.2302561569e+03	5		3		1.929557e-11			
4.2302561569e+03	5		4		3.375698e-11			
4.2302561569e+03	5		5		4.283231e-11			
4.6103086307e+03	1		1		8.307526e-13			
4.6103086307e+03	1		2		1.604610e-12			
4.6103086307e+03	1		3		2.113969e-12			
4.6103086307e+03	1		4		2.664514e-12			
4.6103086307e+03	1		5		2.912234e-12			
4.6103086307e+03	2		1		1.604610e-12			
4.6103086307e+03	2		2		3.909903e-12			
4.6103086307e+03	2		3		5.637280e-12			
4.6103086307e+03	2		4		7.296675e-12			
4.6103086307e+03	2		5		7.925896e-12			
4.6103086307e+03	3		1		2.113969e-12			
4.6103086307e+03	3		2		5.637280e-12			
4.6103086307e+03	3		3		9.871307e-12			
4.6103086307e+03	3		4		1.448404e-11			
4.6103086307e+03	3		5		1.642846e-11			
4.6103086307e+03	4		1		2.664514e-12			
4.6103086307e+03	4		2		7.296675e-12			
4.6103086307e+03	4		3		1.448404e-11			
4.6103086307e+03	4		4		2.401643e-11			
4.6103086307e+03	4		5		2.891821e-11			
4.6103086307e+03	5		1		2.912234e-12			
4.6103086307e+03	5		2		7.925896e-12			
4.6103086307e+03	5		3		1.642846e-11			
4.6103086307e+03	5		4		2.891821e-11			
4.6103086307e+03	5		5		3.683289e-11			
5.0245055813e+03	1		1		6.911210e-13			
5.0245055813e+03	1		2		1.340097e-12			
5.0245055813e+03	1		3		1.770928e-12			
5.0245055813e+03	1		4		2.238404e-12			
5.0245055813e+03	1		5		2.450729e-12			
5.0245055813e+03	2		1		1.340097e-12			
5.0245055813e+03	2		2		3.280481e-12			
5.0245055813e+03	2		3		4.743147e-12			
5.0245055813e+03	2		4		6.149809e-12			
5.0245055813e+03	2		5		6.685223e-12			
5.0245055813e+03	3		1		1.770928e-12			
5.0245055813e+03	3		2		4.743147e-12			
5.0245055813e+03	3		3		8.347894e-12			
5.0245055813e+03	3		4		1.228593e-11			
5.0245055813e+03	3		5		1.395181e-11			
5.0245055813e+03	4		1		2.238404e-12			
5.0245055813e+03	4		2		6.149809e-12			
5.0245055813e+03	4		3		1.228593e-11			
5.0245055813e+03	4		4		2.046958e-11			
5.0245055813e+03	4		5		2.470202e-11			
5.0245055813e+03	5		1		2.450729e-12			
5.0245055813e+03	5		2		6.685223e-12			
5.0245055813e+03	5		3		1.395181e-11			
5.0245055813e+03	5		4		2.470202e-11			
5.0245055813e+03	5		5		3.157852e-11			
5.4759145989e+03	1		1		5.739383e-13			
5.4759145989e+03	1		2		1.117103e-12			
5.4759145989e+03	1		3		1.480687e-12			
5.4759145989e+03	1		4		1.876661e-12			
5.4759145989e+03	1		5		2.058159e-12			
5.4759145989e+03	2		1		1.117103e-12			
5.4759145989e+03	2		2		2.746929e-12			
5.4759145989e+03	2		3		3.982593e-12			
5.4759145989e+03	2		4		5.172209e-12			
5.4759145989e+03	2		5		5.626689e-12			
5.4759145989e+03	3		1		1.480687e-12			
5.4759145989e+03	3		2		3.982593e-12			
5.4759145989e+03	3		3		7.043673e-12			
5.4759145989e+03	3		4		1.039647e-11			
5.4759145989e+03	3		5		1.181960e-11			
5.4759145989e+03	4		1		1.876661e-12			
5.4759145989e+03	4		2		5.172209e-12			
5.4759145989e+03	4		3		1.039647e-11			
5.4759145989e+03	4		4		1.740052e-11			
5.4759145989e+03	4		5		2.104258e-11			
5.4759145989e+03	5		1		2.058159e-12			
5.4759145989e+03	5		2		5.626689e-12			
5.4759145989e+03	5		3		1.181960e-11			
5.4759145989e+03	5		4		2.104258e-11			
5.4759145989e+03	5		5		2.699520e-11			
5.9678788708e+03	1		1		4.757942e-13			
5.9678788708e+03	1		2		9.295142e-13			
5.9678788708e+03	1		3		1.235674e-12			
5.9678788708e+03	1		4		1.570294e-12			
5.9678788708e+03	1		5		1.725032e-12			
5.9678788708e+03	2		1		9.295142e-13			
5.9678788708e+03	2		2		2.295692e-12			
5.9678788708e+03	2		3		3.337256e-12			
5.9678788708e+03	2		4		4.341024e-12			
5.9678788708e+03	2		5		4.725888e-12			
5.9678788708e+03	3		1		1.235674e-12			
5.9678788708e+03	3		2		3.337256e-12			
5.9678788708e+03	3		3		5.930251e-12			
5.9678788708e+03	3		4		8.777335e-12			
5.9678788708e+03	3		5		9.989720e-12			
5.9678788708e+03	4		1		1.570294e-12			
5.9678788708e+03	4		2		4.341024e-12			
5.9678788708e+03	4		3		8.777335e-12			
5.9678788708e+03	4		4		1.475422e-11			
5.9678788708e+03	4		5		1.787808e-11			
5.9678788708e+03	5		1		1.725032e-12			
5.9678788708e+03	5		2		4.725888e-12			
5.9678788708e+03	5		3		9.989720e-12			
5.9678788708e+03	5		4		1.787808e-11			
5.9678788708e+03	5		5		2.301270e-11			
6.5040419409e+03	1		1		3.937587e-13			
6.5040419409e+03	1		2		7.720394e-13			
6.5040419409e+03	1		3		1.029296e-12			
6.5040419409e+03	1		4		1.311426e-12			
6.5040419409e+03	1		5		1.443009e-12			
6.5040419409e+03	2		1		7.720394e-13			
6.5040419409e+03	2		2		1.914931e-12			
6.5040419409e+03	2		3		2.790983e-12			
6.5040419409e+03	2		4		3.636067e-12			
6.5040419409e+03	2		5		3.961226e-12			
6.5040419409e+03	3		1		1.029296e-12			
6.5040419409e+03	3		2		2.790983e-12			
6.5040419409e+03	3		3		4.982256e-12			
6.5040419409e+03	3		4		7.393857e-12			
6.5040419409e+03	3		5		8.423978e-12			
6.5040419409e+03	4		1		1.311426e-12			
6.5040419409e+03	4		2		3.636067e-12			
6.5040419409e+03	4		3		7.393857e-12			
6.5040419409e+03	4		4		1.248002e-11			
6.5040419409e+03	4		5		1.515114e-11			
6.5040419409e+03	5		1		1.443009e-12			
6.5040419409e+03	5		2		3.961226e-12			
6.5040419409e+03	5		3		8.423978e-12			
6.5040419409e+03	5		4		1.515114e-11			
6.5040419409e+03	5		5		1.956516e-11			
7.0883746947e+03	1		1		3.253213e-13			
7.0883746947e+03	1		2		6.401157e-13			
7.0883746947e+03	1		3		8.558326e-13			
7.0883746947e+03	1		4		1.093183e-12			
7.0883746947e+03	1		5		1.204797e-12			
7.0883746947e+03	2		1		6.401157e-13			
7.0883746947e+03	2		2		1.594343e-12			
7.0883746947e+03	2		3		2.329631e-12			
7.0883746947e+03	2		4		3.039592e-12			
7.0883746947e+03	2		5		3.313689e-12			
7.0883746947e+03	3		1		8.558326e-13			
7.0883746947e+03	3		2		2.329631e-12			
7.0883746947e+03	3		3		4.177180e-12			
7.0883746947e+03	3		4		6.215000e-12			
7.0883746947e+03	3		5		7.088036e-12			
7.0883746947e+03	4		1		1.093183e-12			
7.0883746947e+03	4		2		3.039592e-12			
7.0883746947e+03	4		3		6.215000e-12			
7.0883746947e+03	4		4		1.053170e-11			
7.0883746947e+03	4		5		1.280898e-11			
7.0883746947e+03	5		1		1.204797e-12			
7.0883746947e+03	5		2		3.313689e-12			
7.0883746947e+03	5		3		7.088036e-12			
7.0883746947e+03	5		4		1.280898e-11			
7.0883746947e+03	5		5		1.659123e-11			
7.7252047680e+03	1		1		2.683367e-13			
7.7252047680e+03	1		2		5.298189e-13			
7.7252047680e+03	1		3		7.103393e-13			
7.7252047680e+03	1		4		9.095913e-13			
7.7252047680e+03	1		5		1.004035e-12			
7.7252047680e+03	2		1		5.298189e-13			
7.7252047680e+03	2		2		1.324999e-12			
7.7252047680e+03	2		3		1.940871e-12			
7.7252047680e+03	2		4		2.536068e-12			
7.7252047680e+03	2		5		2.766616e-12			
7.7252047680e+03	3		1		7.103393e-13			
7.7252047680e+03	3		2		1.940871e-12			
7.7252047680e+03	3		3		3.495161e-12			
7.7252047680e+03	3		4		5.213148e-12			
7.7252047680e+03	3		5		5.951247e-12			
7.7252047680e+03	4		1		9.095913e-13			
7.7252047680e+03	4		2		2.536068e-12			
7.7252047680e+03	4		3		5.213148e-12			
7.7252047680e+03	4		4		8.867494e-12			
7.7252047680e+03	4		5		1.080359e-11			
7.7252047680e+03	5		1		1.004035e-12			
7.7252047680e+03	5		2		2.766616e-12			
7.7252047680e+03	5		3		5.951247e-12			
7.7252047680e+03	5		4		1.080359e-11			
7.7252047680e+03	5		5		1.403448e-11			
8.4192485976e+03	1		1		2.209771e-13			
8.4192485976e+03	1		2		4.377852e-13			
8.4192485976e+03	1		3		5.885545e-13			
8.4192485976e+03	1		4		7.554770e-13			
8.4192485976e+03	1		5		8.352039e-13			
8.4192485976e+03	2		1		4.377852e-13			
8.4192485976e+03	2		2		1.099184e-12			
8.4192485976e+03	2		3		1.613998e-12			
8.4192485976e+03	2		4		2.111966e-12			
8.4192485976e+03	2		5		2.305470e-12			
8.4192485976e+03	3		1		5.885545e-13			
8.4192485976e+03	3		2		1.613998e-12			
8.4192485976e+03	3		3		2.918761e-12			
8.4192485976e+03	3		4		4.363870e-12			
8.4192485976e+03	3		5		4.986415e-12			
8.4192485976e+03	4		1		7.554770e-13			
8.4192485976e+03	4		2		2.111966e-12			
8.4192485976e+03	4		3		4.363870e-12			
8.4192485976e+03	4		4		7.449965e-12			
8.4192485976e+03	4		5		9.091600e-12			
8.4192485976e+03	5		1		8.352039e-13			
8.4192485976e+03	5		2		2.305470e-12			
8.4192485976e+03	5		3		4.986415e-12			
8.4192485976e+03	5		4		9.091600e-12			
8.4192485976e+03	5		5		1.184338e-11			
9.1756463519e+03	1		1		1.816890e-13			
9.1756463519e+03	1		2		3.611386e-13			
9.1756463519e+03	1		3		4.868181e-13			
9.1756463519e+03	1		4		6.263749e-13			
9.1756463519e+03	1		5		6.935240e-13			
9.1756463519e+03	2		1		3.611386e-13			
9.1756463519e+03	2		2		9.102503e-13			
9.1756463519e+03	2		3		1.339746e-12			
9.1756463519e+03	2		4		1.755540e-12			
9.1756463519e+03	2		5		1.917614e-12			
9.1756463519e+03	3		1		4.868181e-13			
9.1756463519e+03	3		2		1.339746e-12			
9.1756463519e+03	3		3		2.432749e-12			
9.1756463519e+03	3		4		3.645682e-12			
9.1756463519e+03	3		5		4.169568e-12			
9.1756463519e+03	4		1		6.263749e-13			
9.1756463519e+03	4		2		1.755540e-12			
9.1756463519e+03	4		3		3.645682e-12			
9.1756463519e+03	4		4		6.245775e-12			
9.1756463519e+03	4		5		7.634182e-12			
9.1756463519e+03	5		1		6.935240e-13			
9.1756463519e+03	5		2		1.917614e-12			
9.1756463519e+03	5		3		4.169568e-12			
9.1756463519e+03	5		4		7.634182e-12			
9.1756463519e+03	5		5		9.971333e-12	
1.0000000000e+04	1		1		1.491552e-13			
1.0000000000e+04	1		2		2.974269e-13			
1.0000000000e+04	1		3		4.019952e-13			
1.0000000000e+04	1		4		5.184438e-13			
1.0000000000e+04	1		5		5.748738e-13			
1.0000000000e+04	2		1		2.974269e-13			
1.0000000000e+04	2		2		7.524936e-13			
1.0000000000e+04	2		3		1.110122e-12			
1.0000000000e+04	2		4		1.456629e-12			
1.0000000000e+04	2		5		1.592103e-12			
1.0000000000e+04	3		1		4.019952e-13			
1.0000000000e+04	3		2		1.110122e-12			
1.0000000000e+04	3		3		2.023866e-12			
1.0000000000e+04	3		4		3.039780e-12			
1.0000000000e+04	3		5		3.479668e-12			
1.0000000000e+04	4		1		5.184438e-13			
1.0000000000e+04	4		2		1.456629e-12			
1.0000000000e+04	4		3		3.039780e-12			
1.0000000000e+04	4		4		5.225449e-12			
1.0000000000e+04	4		5		6.396813e-12			
1.0000000000e+04	5		1		5.748738e-13			
1.0000000000e+04	5		2		1.592103e-12			
1.0000000000e+04	5		3		3.479668e-12			
1.0000000000e+04	5		4		6.396813e-12			
1.0000000000e+04	5		5		8.376486e-12