#ell		tomo_i	tomo_j	Cell_gkappa
1.0000000000e+00	1		1		5.654071e-09			
1.0000000000e+00	1		2		2.573714e-08			
1.0000000000e+00	1		3		7.246911e-08			
1.0000000000e+00	1		4		1.237702e-07			
1.0000000000e+00	1		5		1.447414e-07			
1.0000000000e+00	2		1		5.498122e-10			
1.0000000000e+00	2		2		4.517502e-10			
1.0000000000e+00	2		3		3.823738e-09			
1.0000000000e+00	2		4		2.170740e-08			
1.0000000000e+00	2		5		3.596209e-08			
1.0974987655e+00	1		1		5.981096e-09			
1.0974987655e+00	1		2		2.721413e-08			
1.0974987655e+00	1		3		7.667558e-08			
1.0974987655e+00	1		4		1.309890e-07			
1.0974987655e+00	1		5		1.531949e-07			
1.0974987655e+00	2		1		5.831184e-10			
1.0974987655e+00	2		2		4.791182e-10			
1.0974987655e+00	2		3		4.055062e-09			
1.0974987655e+00	2		4		2.302198e-08			
1.0974987655e+00	2		5		3.814112e-08			
1.2045035403e+00	1		1		6.334758e-09			
1.2045035403e+00	1		2		2.880950e-08			
1.2045035403e+00	1		3		8.122711e-08			
1.2045035403e+00	1		4		1.388057e-07			
1.2045035403e+00	1		5		1.623506e-07			
1.2045035403e+00	2		1		6.193970e-10			
1.2045035403e+00	2		2		5.089290e-10			
1.2045035403e+00	2		3		4.306974e-09			
1.2045035403e+00	2		4		2.445380e-08			
1.2045035403e+00	2		5		4.051471e-08			
1.3219411485e+00	1		1		6.716602e-09			
1.3219411485e+00	1		2		3.052968e-08			
1.3219411485e+00	1		3		8.614422e-08			
1.3219411485e+00	1		4		1.472572e-07			
1.3219411485e+00	1		5		1.722521e-07			
1.3219411485e+00	2		1		6.588821e-10			
1.3219411485e+00	2		2		5.413752e-10			
1.3219411485e+00	2		3		4.581082e-09			
1.3219411485e+00	2		4		2.601208e-08			
1.3219411485e+00	2		5		4.309822e-08			
1.4508287785e+00	1		1		7.128122e-09			
1.4508287785e+00	1		2		3.238074e-08			
1.4508287785e+00	1		3		9.144694e-08			
1.4508287785e+00	1		4		1.563799e-07			
1.4508287785e+00	1		5		1.829428e-07			
1.4508287785e+00	2		1		7.018191e-10			
1.4508287785e+00	2		2		5.766586e-10			
1.4508287785e+00	2		3		4.879068e-09			
1.4508287785e+00	2		4		2.770648e-08			
1.4508287785e+00	2		5		4.590773e-08			
1.5922827933e+00	1		1		7.570721e-09			
1.5922827933e+00	1		2		3.436823e-08			
1.5922827933e+00	1		3		9.715429e-08			
1.5922827933e+00	1		4		1.662087e-07			
1.5922827933e+00	1		5		1.944644e-07			
1.5922827933e+00	2		1		7.484630e-10			
1.5922827933e+00	2		2		6.149888e-10			
1.5922827933e+00	2		3		5.202676e-09			
1.5922827933e+00	2		4		2.954703e-08			
1.5922827933e+00	2		5		4.895998e-08			
1.7475284000e+00	1		1		8.045669e-09			
1.7475284000e+00	1		2		3.649696e-08			
1.7475284000e+00	1		3		1.032837e-07			
1.7475284000e+00	1		4		1.767766e-07			
1.7475284000e+00	1		5		2.068563e-07			
1.7475284000e+00	2		1		7.990770e-10			
1.7475284000e+00	2		2		6.565825e-10			
1.7475284000e+00	2		3		5.553700e-09			
1.7475284000e+00	2		4		3.154407e-08			
1.7475284000e+00	2		5		5.227225e-08			
1.9179102617e+00	1		1		8.554051e-09			
1.9179102617e+00	1		2		3.877072e-08			
1.9179102617e+00	1		3		1.098505e-07			
1.9179102617e+00	1		4		1.881128e-07			
1.9179102617e+00	1		5		2.201542e-07			
1.9179102617e+00	2		1		8.539300e-10			
1.9179102617e+00	2		2		7.016606e-10			
1.9179102617e+00	2		3		5.933970e-09			
1.9179102617e+00	2		4		3.370816e-08			
1.9179102617e+00	2		5		5.586219e-08			
2.1049041445e+00	1		1		9.096703e-09			
2.1049041445e+00	1		2		4.119205e-08			
2.1049041445e+00	1		3		1.168668e-07			
2.1049041445e+00	1		4		2.002424e-07			
2.1049041445e+00	1		5		2.343883e-07			
2.1049041445e+00	2		1		9.132933e-10			
2.1049041445e+00	2		2		7.504463e-10			
2.1049041445e+00	2		3		6.345325e-09			
2.1049041445e+00	2		4		3.604995e-08			
2.1049041445e+00	2		5		5.974766e-08			
2.3101297001e+00	1		1		9.674150e-09			
2.3101297001e+00	1		2		4.376187e-08			
2.3101297001e+00	1		3		1.243412e-07			
2.3101297001e+00	1		4		2.131841e-07			
2.3101297001e+00	1		5		2.495823e-07			
2.3101297001e+00	2		1		9.774337e-10			
2.3101297001e+00	2		2		8.031592e-10			
2.3101297001e+00	2		3		6.789552e-09			
2.3101297001e+00	2		4		3.857989e-08			
2.3101297001e+00	2		5		6.394619e-08			
2.5353644940e+00	1		1		1.028653e-08			
2.5353644940e+00	1		2		4.647918e-08			
2.5353644940e+00	1		3		1.322771e-07			
2.5353644940e+00	1		4		2.269490e-07			
2.5353644940e+00	1		5		2.657508e-07			
2.5353644940e+00	2		1		1.046609e-09			
2.5353644940e+00	2		2		8.600122e-10			
2.5353644940e+00	2		3		7.268359e-09			
2.5353644940e+00	2		4		4.130803e-08			
2.5353644940e+00	2		5		6.847478e-08			
2.7825594022e+00	1		1		1.093348e-08			
2.7825594022e+00	1		2		4.934053e-08			
2.7825594022e+00	1		3		1.406721e-07			
2.7825594022e+00	1		4		2.415382e-07			
2.7825594022e+00	1		5		2.828969e-07			
2.7825594022e+00	2		1		1.121064e-09			
2.7825594022e+00	2		2		9.212079e-10			
2.7825594022e+00	2		3		7.783371e-09			
2.7825594022e+00	2		4		4.424395e-08			
2.7825594022e+00	2		5		7.334962e-08			
3.0538555088e+00	1		1		1.161401e-08			
3.0538555088e+00	1		2		5.233936e-08			
3.0538555088e+00	1		3		1.495159e-07			
3.0538555088e+00	1		4		2.569408e-07			
3.0538555088e+00	1		5		3.010102e-07			
3.0538555088e+00	2		1		1.201025e-09			
3.0538555088e+00	2		2		9.869320e-10			
3.0538555088e+00	2		3		8.336075e-09			
3.0538555088e+00	2		4		4.739647e-08			
3.0538555088e+00	2		5		7.858568e-08			
3.3516026509e+00	1		1		1.232654e-08			
3.3516026509e+00	1		2		5.546624e-08			
3.3516026509e+00	1		3		1.587907e-07			
3.3516026509e+00	1		4		2.731330e-07			
3.3516026509e+00	1		5		3.200650e-07			
3.3516026509e+00	2		1		1.286691e-09			
3.3516026509e+00	2		2		1.057346e-09			
3.3516026509e+00	2		3		8.927754e-09			
3.3516026509e+00	2		4		5.077327e-08			
3.3516026509e+00	2		5		8.419607e-08			
3.6783797718e+00	1		1		1.306871e-08			
3.6783797718e+00	1		2		5.870817e-08			
3.6783797718e+00	1		3		1.684685e-07			
3.6783797718e+00	1		4		2.900744e-07			
3.6783797718e+00	1		5		3.400166e-07			
3.6783797718e+00	2		1		1.378200e-09			
3.6783797718e+00	2		2		1.132568e-09			
3.6783797718e+00	2		3		9.559218e-09			
3.6783797718e+00	2		4		5.437968e-08			
3.6783797718e+00	2		5		9.019025e-08			
4.0370172586e+00	1		1		1.383726e-08			
4.0370172586e+00	1		2		6.204795e-08			
4.0370172586e+00	1		3		1.785105e-07			
4.0370172586e+00	1		4		3.077055e-07			
4.0370172586e+00	1		5		3.607980e-07			
4.0370172586e+00	2		1		1.475643e-09			
4.0370172586e+00	2		2		1.212673e-09			
4.0370172586e+00	2		3		1.023091e-08			
4.0370172586e+00	2		4		5.821892e-08			
4.0370172586e+00	2		5		9.657422e-08			
4.4306214576e+00	1		1		1.462779e-08			
4.4306214576e+00	1		2		6.546269e-08			
4.4306214576e+00	1		3		1.888631e-07			
4.4306214576e+00	1		4		3.259440e-07			
4.4306214576e+00	1		5		3.823157e-07			
4.4306214576e+00	2		1		1.579055e-09			
4.4306214576e+00	2		2		1.297692e-09			
4.4306214576e+00	2		3		1.094296e-08			
4.4306214576e+00	2		4		6.229234e-08			
4.4306214576e+00	2		5		1.033507e-07			
4.8626015801e+00	1		1		1.543494e-08			
4.8626015801e+00	1		2		6.892532e-08			
4.8626015801e+00	1		3		1.994606e-07			
4.8626015801e+00	1		4		3.446862e-07			
4.8626015801e+00	1		5		4.044515e-07			
4.8626015801e+00	2		1		1.688394e-09			
4.8626015801e+00	2		2		1.387585e-09			
4.8626015801e+00	2		3		1.169496e-08			
4.8626015801e+00	2		4		6.659803e-08			
4.8626015801e+00	2		5		1.105172e-07			
5.3366992312e+00	1		1		1.625217e-08			
5.3366992312e+00	1		2		7.240359e-08			
5.3366992312e+00	1		3		2.102217e-07			
5.3366992312e+00	1		4		3.638010e-07			
5.3366992312e+00	1		5		4.270549e-07			
5.3366992312e+00	2		1		1.803473e-09			
5.3366992312e+00	2		2		1.482208e-09			
5.3366992312e+00	2		3		1.248527e-08			
5.3366992312e+00	2		4		7.112818e-08			
5.3366992312e+00	2		5		1.180618e-07			
5.8570208181e+00	1		1		1.707136e-08			
5.8570208181e+00	1		2		7.585759e-08			
5.8570208181e+00	1		3		2.210454e-07			
5.8570208181e+00	1		4		3.831247e-07			
5.8570208181e+00	1		5		4.499374e-07			
5.8570208181e+00	2		1		1.924028e-09			
5.8570208181e+00	2		2		1.581346e-09			
5.8570208181e+00	2		3		1.331188e-08			
5.8570208181e+00	2		4		7.587215e-08			
5.8570208181e+00	2		5		1.259677e-07			
6.4280731173e+00	1		1		1.788297e-08			
6.4280731173e+00	1		2		7.924099e-08			
6.4280731173e+00	1		3		2.318128e-07			
6.4280731173e+00	1		4		4.024644e-07			
6.4280731173e+00	1		5		4.728769e-07			
6.4280731173e+00	2		1		2.049689e-09			
6.4280731173e+00	2		2		1.684685e-09			
6.4280731173e+00	2		3		1.417214e-08			
6.4280731173e+00	2		4		8.081519e-08			
6.4280731173e+00	2		5		1.342109e-07			
7.0548023107e+00	1		1		1.867618e-08			
7.0548023107e+00	1		2		8.250204e-08			
7.0548023107e+00	1		3		2.423869e-07			
7.0548023107e+00	1		4		4.215932e-07			
7.0548023107e+00	1		5		4.956105e-07			
7.0548023107e+00	2		1		2.179852e-09			
7.0548023107e+00	2		2		1.791741e-09			
7.0548023107e+00	2		3		1.506142e-08			
7.0548023107e+00	2		4		8.593288e-08			
7.0548023107e+00	2		5		1.427527e-07			
7.7426368268e+00	1		1		1.943803e-08			
7.7426368268e+00	1		2		8.557929e-08			
7.7426368268e+00	1		3		2.526049e-07			
7.7426368268e+00	1		4		4.402412e-07			
7.7426368268e+00	1		5		5.178254e-07			
7.7426368268e+00	2		1		2.313790e-09			
7.7426368268e+00	2		2		1.901922e-09			
7.7426368268e+00	2		3		1.597442e-08			
7.7426368268e+00	2		4		9.119615e-08			
7.7426368268e+00	2		5		1.515455e-07			
8.4975343591e+00	1		1		2.015386e-08			
8.4975343591e+00	1		2		8.840293e-08			
8.4975343591e+00	1		3		2.622817e-07			
8.4975343591e+00	1		4		4.581023e-07			
8.4975343591e+00	1		5		5.391672e-07			
8.4975343591e+00	2		1		2.450645e-09			
8.4975343591e+00	2		2		2.014507e-09			
8.4975343591e+00	2		3		1.690520e-08			
8.4975343591e+00	2		4		9.657122e-08			
8.4975343591e+00	2		5		1.605339e-07			
9.3260334688e+00	1		1		2.080762e-08			
9.3260334688e+00	1		2		9.089840e-08			
9.3260334688e+00	1		3		2.712121e-07			
9.3260334688e+00	1		4		4.748308e-07			
9.3260334688e+00	1		5		5.592331e-07			
9.3260334688e+00	2		1		2.589214e-09			
9.3260334688e+00	2		2		2.128526e-09			
9.3260334688e+00	2		3		1.784478e-08			
9.3260334688e+00	2		4		1.020096e-07			
9.3260334688e+00	2		5		1.696397e-07			
1.0235310219e+01	1		1		2.138065e-08			
1.0235310219e+01	1		2		9.297887e-08			
1.0235310219e+01	1		3		2.791592e-07			
1.0235310219e+01	1		4		4.900285e-07			
1.0235310219e+01	1		5		5.775596e-07			
1.0235310219e+01	2		1		2.728165e-09			
1.0235310219e+01	2		2		2.242888e-09			
1.0235310219e+01	2		3		1.878378e-08			
1.0235310219e+01	2		4		1.074588e-07			
1.0235310219e+01	2		5		1.787760e-07			
1.1233240330e+01	1		1		2.185316e-08			
1.1233240330e+01	1		2		9.455293e-08			
1.1233240330e+01	1		3		2.858689e-07			
1.1233240330e+01	1		4		5.032664e-07			
1.1233240330e+01	1		5		5.936473e-07			
1.1233240330e+01	2		1		2.865982e-09			
1.1233240330e+01	2		2		2.356323e-09			
1.1233240330e+01	2		3		1.971173e-08			
1.1233240330e+01	2		4		1.128588e-07			
1.1233240330e+01	2		5		1.878441e-07			
1.2328467394e+01	1		1		2.220458e-08			
1.2328467394e+01	1		2		9.552904e-08			
1.2328467394e+01	1		3		2.910718e-07			
1.2328467394e+01	1		4		5.140793e-07			
1.2328467394e+01	1		5		6.069502e-07			
1.2328467394e+01	2		1		3.000667e-09			
1.2328467394e+01	2		2		2.467228e-09			
1.2328467394e+01	2		3		2.061389e-08			
1.2328467394e+01	2		4		1.181296e-07			
1.2328467394e+01	2		5		1.967139e-07			
1.3530477746e+01	1		1		2.241295e-08			
1.3530477746e+01	1		2		9.581002e-08			
1.3530477746e+01	1		3		2.944807e-07			
1.3530477746e+01	1		4		5.219697e-07			
1.3530477746e+01	1		5		6.168847e-07			
1.3530477746e+01	2		1		3.130187e-09			
1.3530477746e+01	2		2		2.573911e-09			
1.3530477746e+01	2		3		2.147642e-08			
1.3530477746e+01	2		4		1.231914e-07			
1.3530477746e+01	2		5		2.052526e-07			
1.4849682623e+01	1		1		2.245896e-08			
1.4849682623e+01	1		2		9.531689e-08			
1.4849682623e+01	1		3		2.958299e-07			
1.4849682623e+01	1		4		5.264618e-07			
1.4849682623e+01	1		5		6.228873e-07			
1.4849682623e+01	2		1		3.252116e-09			
1.4849682623e+01	2		2		2.674369e-09			
1.4849682623e+01	2		3		2.228223e-08			
1.4849682623e+01	2		4		1.279481e-07			
1.4849682623e+01	2		5		2.133020e-07			
1.6297508346e+01	1		1		2.232644e-08			
1.6297508346e+01	1		2		9.399266e-08			
1.6297508346e+01	1		3		2.948842e-07			
1.6297508346e+01	1		4		5.271057e-07			
1.6297508346e+01	1		5		6.244165e-07			
1.6297508346e+01	2		1		3.363560e-09			
1.6297508346e+01	2		2		2.766270e-09			
1.6297508346e+01	2		3		2.301043e-08			
1.6297508346e+01	2		4		1.322843e-07			
1.6297508346e+01	2		5		2.206730e-07			
1.7886495291e+01	1		1		2.200519e-08			
1.7886495291e+01	1		2		9.181478e-08			
1.7886495291e+01	1		3		2.914759e-07			
1.7886495291e+01	1		4		5.235517e-07			
1.7886495291e+01	1		5		6.210424e-07			
1.7886495291e+01	2		1		3.461669e-09			
1.7886495291e+01	2		2		2.847212e-09			
1.7886495291e+01	2		3		2.364209e-08			
1.7886495291e+01	2		4		1.360888e-07			
1.7886495291e+01	2		5		2.271795e-07			
1.9630406500e+01	1		1		2.149569e-08			
1.9630406500e+01	1		2		8.882301e-08			
1.9630406500e+01	1		3		2.855560e-07			
1.9630406500e+01	1		4		5.156085e-07			
1.9630406500e+01	1		5		6.125059e-07			
1.9630406500e+01	2		1		3.542804e-09			
1.9630406500e+01	2		2		2.914258e-09			
1.9630406500e+01	2		3		2.415073e-08			
1.9630406500e+01	2		4		1.392161e-07			
1.9630406500e+01	2		5		2.325836e-07			
2.1544346900e+01	1		1		2.080897e-08			
2.1544346900e+01	1		2		8.511389e-08			
2.1544346900e+01	1		3		2.772092e-07			
2.1544346900e+01	1		4		5.032860e-07			
2.1544346900e+01	1		5		5.987732e-07			
2.1544346900e+01	2		1		3.603383e-09			
2.1544346900e+01	2		2		2.964451e-09			
2.1544346900e+01	2		3		2.451214e-08			
2.1544346900e+01	2		4		1.415259e-07			
2.1544346900e+01	2		5		2.366507e-07			
2.3644894126e+01	1		1		1.996956e-08			
2.3644894126e+01	1		2		8.085062e-08			
2.3644894126e+01	1		3		2.666950e-07			
2.3644894126e+01	1		4		4.868763e-07			
2.3644894126e+01	1		5		5.801346e-07			
2.3644894126e+01	2		1		3.639638e-09			
2.3644894126e+01	2		2		2.994644e-09			
2.3644894126e+01	2		3		2.470092e-08			
2.3644894126e+01	2		4		1.428703e-07			
2.3644894126e+01	2		5		2.391341e-07			
2.5950242114e+01	1		1		1.901219e-08			
2.5950242114e+01	1		2		7.624166e-08			
2.5950242114e+01	1		3		2.544209e-07			
2.5950242114e+01	1		4		4.669116e-07			
2.5950242114e+01	1		5		5.571551e-07			
2.5950242114e+01	2		1		3.647352e-09			
2.5950242114e+01	2		2		3.001460e-09			
2.5950242114e+01	2		3		2.468719e-08			
2.5950242114e+01	2		4		1.430816e-07			
2.5950242114e+01	2		5		2.397559e-07			
2.8480358684e+01	1		1		1.797940e-08			
2.8480358684e+01	1		2		7.151438e-08			
2.8480358684e+01	1		3		2.409267e-07			
2.8480358684e+01	1		4		4.441967e-07			
2.8480358684e+01	1		5		5.307335e-07			
2.8480358684e+01	2		1		3.623416e-09			
2.8480358684e+01	2		2		2.982221e-09			
2.8480358684e+01	2		3		2.445302e-08			
2.8480358684e+01	2		4		1.420422e-07			
2.8480358684e+01	2		5		2.383101e-07			
3.1257158497e+01	1		1		1.691509e-08			
3.1257158497e+01	1		2		6.687900e-08			
3.1257158497e+01	1		3		2.268053e-07			
3.1257158497e+01	1		4		4.196813e-07			
3.1257158497e+01	1		5		5.019550e-07			
3.1257158497e+01	2		1		3.564739e-09			
3.1257158497e+01	2		2		2.934462e-09			
3.1257158497e+01	2		3		2.397766e-08			
3.1257158497e+01	2		4		1.396303e-07			
3.1257158497e+01	2		5		2.345900e-07			
3.4304692863e+01	1		1		1.586001e-08			
3.4304692863e+01	1		2		6.249946e-08			
3.4304692863e+01	1		3		2.126418e-07			
3.4304692863e+01	1		4		3.943915e-07			
3.4304692863e+01	1		5		4.720246e-07			
3.4304692863e+01	2		1		3.470498e-09			
3.4304692863e+01	2		2		2.857441e-09			
3.4304692863e+01	2		3		2.326085e-08			
3.4304692863e+01	2		4		1.358205e-07			
3.4304692863e+01	2		5		2.285335e-07			
3.7649358068e+01	1		1		1.484524e-08			
3.7649358068e+01	1		2		5.846239e-08			
3.7649358068e+01	1		3		1.989230e-07			
3.7649358068e+01	1		4		3.692979e-07			
3.7649358068e+01	1		5		4.421217e-07			
3.7649358068e+01	2		1		3.342125e-09			
3.7649358068e+01	2		2		2.752252e-09			
3.7649358068e+01	2		3		2.231823e-08			
3.7649358068e+01	2		4		1.306766e-07			
3.7649358068e+01	2		5		2.202254e-07			
4.1320124001e+01	1		1		1.388584e-08			
4.1320124001e+01	1		2		5.475714e-08			
4.1320124001e+01	1		3		1.859445e-07			
4.1320124001e+01	1		4		3.451214e-07			
4.1320124001e+01	1		5		4.131610e-07			
4.1320124001e+01	2		1		3.183763e-09			
4.1320124001e+01	2		2		2.622360e-09			
4.1320124001e+01	2		3		2.118373e-08			
4.1320124001e+01	2		4		1.243690e-07			
4.1320124001e+01	2		5		2.099247e-07			
4.5348785081e+01	1		1		1.297679e-08			
4.5348785081e+01	1		2		5.126286e-08			
4.5348785081e+01	1		3		1.737484e-07			
4.5348785081e+01	1		4		3.222325e-07			
4.5348785081e+01	1		5		3.856775e-07			
4.5348785081e+01	2		1		3.003400e-09			
4.5348785081e+01	2		2		2.474195e-09			
4.5348785081e+01	2		3		1.991996e-08			
4.5348785081e+01	2		4		1.172237e-07			
4.5348785081e+01	2		5		1.981445e-07			
4.9770235643e+01	1		1		1.209384e-08			
4.9770235643e+01	1		2		4.777473e-08			
4.9770235643e+01	1		3		1.621053e-07			
4.9770235643e+01	1		4		3.005374e-07			
4.9770235643e+01	1		5		3.596651e-07			
4.9770235643e+01	2		1		2.810910e-09			
4.9770235643e+01	2		2		2.315922e-09			
4.9770235643e+01	2		3		1.859738e-08			
4.9770235643e+01	2		4		1.096339e-07			
4.9770235643e+01	2		5		1.855251e-07			
5.4622772177e+01	1		1		1.120332e-08			
5.4622772177e+01	1		2		4.407034e-08			
5.4622772177e+01	1		3		1.506013e-07			
5.4622772177e+01	1		4		2.795679e-07			
5.4622772177e+01	1		5		3.346622e-07			
5.4622772177e+01	2		1		2.617489e-09			
5.4622772177e+01	2		2		2.156730e-09			
5.4622772177e+01	2		3		1.729337e-08			
5.4622772177e+01	2		4		1.020436e-07			
5.4622772177e+01	2		5		1.728007e-07			
5.9948425032e+01	1		1		1.028746e-08			
5.9948425032e+01	1		2		4.006585e-08			
5.9948425032e+01	1		3		1.388970e-07			
5.9948425032e+01	1		4		2.588064e-07			
5.9948425032e+01	1		5		3.100939e-07			
5.9948425032e+01	2		1		2.433171e-09			
5.9948425032e+01	2		2		2.004894e-09			
5.9948425032e+01	2		3		1.607209e-08			
5.9948425032e+01	2		4		9.484275e-08			
5.9948425032e+01	2		5		1.606377e-07			
6.5793322466e+01	1		1		9.359797e-09			
6.5793322466e+01	1		2		3.590596e-08			
6.5793322466e+01	1		3		1.269432e-07			
6.5793322466e+01	1		4		2.380034e-07			
6.5793322466e+01	1		5		2.856234e-07			
6.5793322466e+01	2		1		2.265130e-09			
6.5793322466e+01	2		2		1.866360e-09			
6.5793322466e+01	2		3		1.497481e-08			
6.5793322466e+01	2		4		8.830407e-08			
6.5793322466e+01	2		5		1.495205e-07			
7.2208090184e+01	1		1		8.457946e-09			
7.2208090184e+01	1		2		3.190948e-08			
7.2208090184e+01	1		3		1.150157e-07			
7.2208090184e+01	1		4		2.172792e-07			
7.2208090184e+01	1		5		2.612795e-07			
7.2208090184e+01	2		1		2.116476e-09			
7.2208090184e+01	2		2		1.743771e-09			
7.2208090184e+01	2		3		1.401279e-08			
7.2208090184e+01	2		4		8.253617e-08			
7.2208090184e+01	2		5		1.396704e-07			
7.9248289835e+01	1		1		7.609634e-09			
7.9248289835e+01	1		2		2.833380e-08			
7.9248289835e+01	1		3		1.034608e-07			
7.9248289835e+01	1		4		1.968702e-07			
7.9248289835e+01	1		5		2.372123e-07			
7.9248289835e+01	2		1		1.985918e-09			
7.9248289835e+01	2		2		1.636104e-09			
7.9248289835e+01	2		3		1.316745e-08			
7.9248289835e+01	2		4		7.747458e-08			
7.9248289835e+01	2		5		1.310205e-07			
8.6974900262e+01	1		1		6.804228e-09			
8.6974900262e+01	1		2		2.515861e-08			
8.6974900262e+01	1		3		9.238176e-08			
8.6974900262e+01	1		4		1.767713e-07			
8.6974900262e+01	1		5		2.133346e-07			
8.6974900262e+01	2		1		1.867205e-09			
8.6974900262e+01	2		2		1.538291e-09			
8.6974900262e+01	2		3		1.238572e-08			
8.6974900262e+01	2		4		7.285876e-08			
8.6974900262e+01	2		5		1.231788e-07			
9.5454845666e+01	1		1		6.015822e-09			
9.5454845666e+01	1		2		2.218287e-08			
9.5454845666e+01	1		3		8.170626e-08			
9.5454845666e+01	1		4		1.568816e-07			
9.5454845666e+01	1		5		1.895154e-07			
9.5454845666e+01	2		1		1.749134e-09			
9.5454845666e+01	2		2		1.441206e-09			
9.5454845666e+01	2		3		1.158070e-08			
9.5454845666e+01	2		4		6.823322e-08			
9.5454845666e+01	2		5		1.154274e-07			
1.0476157528e+02	1		1		5.259461e-09			
1.0476157528e+02	1		2		1.936335e-08			
1.0476157528e+02	1		3		7.161217e-08			
1.0476157528e+02	1		4		1.376452e-07			
1.0476157528e+02	1		5		1.663185e-07			
1.0476157528e+02	2		1		1.618164e-09			
1.0476157528e+02	2		2		1.333662e-09			
1.0476157528e+02	2		3		1.065760e-08			
1.0476157528e+02	2		4		6.305895e-08			
1.0476157528e+02	2		5		1.068841e-07			
1.1497569954e+02	1		1		4.584091e-09			
1.1497569954e+02	1		2		1.684798e-08			
1.1497569954e+02	1		3		6.252776e-08			
1.1497569954e+02	1		4		1.200697e-07			
1.1497569954e+02	1		5		1.450338e-07			
1.1497569954e+02	2		1		1.464167e-09			
1.1497569954e+02	2		2		1.207197e-09			
1.1497569954e+02	2		3		9.560051e-09			
1.1497569954e+02	2		4		5.694772e-08			
1.1497569954e+02	2		5		9.686190e-08			
1.2618568831e+02	1		1		4.001812e-09			
1.2618568831e+02	1		2		1.464950e-08			
1.2618568831e+02	1		3		5.459743e-08			
1.2618568831e+02	1		4		1.048188e-07			
1.2618568831e+02	1		5		1.265975e-07			
1.2618568831e+02	2		1		1.290201e-09			
1.2618568831e+02	2		2		1.064196e-09			
1.2618568831e+02	2		3		8.342894e-09			
1.2618568831e+02	2		4		5.005730e-08			
1.2618568831e+02	2		5		8.549854e-08			
1.3848863714e+02	1		1		3.487127e-09			
1.3848863714e+02	1		2		1.265358e-08			
1.3848863714e+02	1		3		4.762831e-08			
1.3848863714e+02	1		4		9.179820e-08			
1.3848863714e+02	1		5		1.109851e-07			
1.3848863714e+02	2		1		1.116979e-09			
1.3848863714e+02	2		2		9.214993e-10			
1.3848863714e+02	2		3		7.186127e-09			
1.3848863714e+02	2		4		4.325651e-08			
1.3848863714e+02	2		5		7.408361e-08			
1.5199110830e+02	1		1		3.030860e-09			
1.5199110830e+02	1		2		1.089053e-08			
1.5199110830e+02	1		3		4.145100e-08			
1.5199110830e+02	1		4		8.041299e-08			
1.5199110830e+02	1		5		9.739118e-08			
1.5199110830e+02	2		1		9.716755e-10			
1.5199110830e+02	2		2		8.015008e-10			
1.5199110830e+02	2		3		6.280079e-09			
1.5199110830e+02	2		4		3.763959e-08			
1.5199110830e+02	2		5		6.439148e-08			
1.6681005372e+02	1		1		2.616221e-09			
1.6681005372e+02	1		2		9.351434e-09			
1.6681005372e+02	1		3		3.577836e-08			
1.6681005372e+02	1		4		6.968450e-08			
1.6681005372e+02	1		5		8.449010e-08			
1.6681005372e+02	2		1		8.647811e-10			
1.6681005372e+02	2		2		7.131689e-10			
1.6681005372e+02	2		3		5.644793e-09			
1.6681005372e+02	2		4		3.357299e-08			
1.6681005372e+02	2		5		5.720334e-08			
1.8307382803e+02	1		1		2.230482e-09			
1.8307382803e+02	1		2		7.968444e-09			
1.8307382803e+02	1		3		3.051586e-08			
1.8307382803e+02	1		4		5.940059e-08			
1.8307382803e+02	1		5		7.200866e-08			
1.8307382803e+02	2		1		7.775956e-10			
1.8307382803e+02	2		2		6.413399e-10			
1.8307382803e+02	2		3		5.083691e-09			
1.8307382803e+02	2		4		3.022963e-08			
1.8307382803e+02	2		5		5.142101e-08			
2.0092330026e+02	1		1		1.900676e-09			
2.0092330026e+02	1		2		6.788896e-09			
2.0092330026e+02	1		3		2.602922e-08			
2.0092330026e+02	1		4		5.060553e-08			
2.0092330026e+02	1		5		6.132386e-08			
2.0092330026e+02	2		1		6.822778e-10			
2.0092330026e+02	2		2		5.628865e-10			
2.0092330026e+02	2		3		4.404572e-09			
2.0092330026e+02	2		4		2.647352e-08			
2.0092330026e+02	2		5		4.522544e-08			
2.2051307399e+02	1		1		1.628830e-09			
2.2051307399e+02	1		2		5.781880e-09			
2.2051307399e+02	1		3		2.231458e-08			
2.2051307399e+02	1		4		4.353181e-08			
2.2051307399e+02	1		5		5.279963e-08			
2.2051307399e+02	2		1		5.799429e-10			
2.2051307399e+02	2		2		4.785019e-10			
2.2051307399e+02	2		3		3.699968e-09			
2.2051307399e+02	2		4		2.242430e-08			
2.2051307399e+02	2		5		3.852488e-08			
2.4201282648e+02	1		1		1.389146e-09			
2.4201282648e+02	1		2		4.908381e-09			
2.4201282648e+02	1		3		1.902811e-08			
2.4201282648e+02	1		4		3.724368e-08			
2.4201282648e+02	1		5		4.521395e-08			
2.4201282648e+02	2		1		4.955035e-10			
2.4201282648e+02	2		2		4.088675e-10			
2.4201282648e+02	2		3		3.182715e-09			
2.4201282648e+02	2		4		1.915434e-08			
2.4201282648e+02	2		5		3.286872e-08			
2.6560877829e+02	1		1		1.174445e-09			
2.6560877829e+02	1		2		4.156602e-09			
2.6560877829e+02	1		3		1.609317e-08			
2.6560877829e+02	1		4		3.145892e-08			
2.6560877829e+02	1		5		3.817777e-08			
2.6560877829e+02	2		1		4.316995e-10			
2.6560877829e+02	2		2		3.563088e-10			
2.6560877829e+02	2		3		2.796296e-09			
2.6560877829e+02	2		4		1.672946e-08			
2.6560877829e+02	2		5		2.858945e-08			
2.9150530628e+02	1		1		9.971746e-10			
2.9150530628e+02	1		2		3.524124e-09			
2.9150530628e+02	1		3		1.366256e-08			
2.9150530628e+02	1		4		2.672047e-08			
2.9150530628e+02	1		5		3.243119e-08			
2.9150530628e+02	2		1		3.701029e-10			
2.9150530628e+02	2		2		3.053841e-10			
2.9150530628e+02	2		3		2.373882e-09			
2.9150530628e+02	2		4		1.433525e-08			
2.9150530628e+02	2		5		2.456206e-08			
3.1992671378e+02	1		1		8.464942e-10			
3.1992671378e+02	1		2		2.987678e-09			
3.1992671378e+02	1		3		1.159538e-08			
3.1992671378e+02	1		4		2.271024e-08			
3.1992671378e+02	1		5		2.757511e-08			
3.1992671378e+02	2		1		3.134510e-10			
3.1992671378e+02	2		2		2.586065e-10			
3.1992671378e+02	2		3		2.001870e-09			
3.1992671378e+02	2		4		1.211299e-08			
3.1992671378e+02	2		5		2.081722e-08			
3.5111917342e+02	1		1		7.160783e-10			
3.5111917342e+02	1		2		2.533238e-09			
3.5111917342e+02	1		3		9.805615e-09			
3.5111917342e+02	1		4		1.917897e-08			
3.5111917342e+02	1		5		2.327908e-08			
3.5111917342e+02	2		1		2.677633e-10			
3.5111917342e+02	2		2		2.210910e-10			
3.5111917342e+02	2		3		1.720119e-09			
3.5111917342e+02	2		4		1.035311e-08			
3.5111917342e+02	2		5		1.775733e-08			
3.8535285937e+02	1		1		6.081098e-10			
3.8535285937e+02	1		2		2.153321e-09			
3.8535285937e+02	1		3		8.322568e-09			
3.8535285937e+02	1		4		1.627803e-08			
3.8535285937e+02	1		5		1.975827e-08			
3.8535285937e+02	2		1		2.265941e-10			
3.8535285937e+02	2		2		1.869854e-10			
3.8535285937e+02	2		3		1.449296e-09			
3.8535285937e+02	2		4		8.765240e-09			
3.8535285937e+02	2		5		1.504538e-08			
4.2292428744e+02	1		1		5.161538e-10			
4.2292428744e+02	1		2		1.833880e-09			
4.2292428744e+02	1		3		7.058980e-09			
4.2292428744e+02	1		4		1.378656e-08			
4.2292428744e+02	1		5		1.672799e-08			
4.2292428744e+02	2		1		1.920271e-10			
4.2292428744e+02	2		2		1.584970e-10			
4.2292428744e+02	2		3		1.228363e-09			
4.2292428744e+02	2		4		7.420631e-09			
4.2292428744e+02	2		5		1.274663e-08			
4.6415888336e+02	1		1		4.395736e-10			
4.6415888336e+02	1		2		1.567492e-09			
4.6415888336e+02	1		3		6.006167e-09			
4.6415888336e+02	1		4		1.171377e-08			
4.6415888336e+02	1		5		1.420796e-08			
4.6415888336e+02	2		1		1.621697e-10			
4.6415888336e+02	2		2		1.338662e-10			
4.6415888336e+02	2		3		1.037244e-09			
4.6415888336e+02	2		4		6.268704e-09			
4.6415888336e+02	2		5		1.076582e-08			
5.0941380148e+02	1		1		3.752766e-10			
5.0941380148e+02	1		2		1.345119e-09			
5.0941380148e+02	1		3		5.121983e-09			
5.0941380148e+02	1		4		9.967098e-09			
5.0941380148e+02	1		5		1.208252e-08			
5.0941380148e+02	2		1		1.369665e-10			
5.0941380148e+02	2		2		1.130462e-10			
5.0941380148e+02	2		3		8.758468e-10			
5.0941380148e+02	2		4		5.293806e-09			
5.0941380148e+02	2		5		9.092867e-09			
5.5908101825e+02	1		1		3.217339e-10			
5.5908101825e+02	1		2		1.160031e-09			
5.5908101825e+02	1		3		4.385574e-09			
5.5908101825e+02	1		4		8.512734e-09			
5.5908101825e+02	1		5		1.031293e-08			
5.5908101825e+02	2		1		1.155606e-10			
5.5908101825e+02	2		2		9.538746e-11			
5.5908101825e+02	2		3		7.390037e-10			
5.5908101825e+02	2		4		4.466371e-09			
5.5908101825e+02	2		5		7.671781e-09			
6.1359072734e+02	1		1		2.771041e-10			
6.1359072734e+02	1		2		1.006043e-09			
6.1359072734e+02	1		3		3.771759e-09			
6.1359072734e+02	1		4		7.298906e-09			
6.1359072734e+02	1		5		8.835480e-09			
6.1359072734e+02	2		1		9.759246e-11			
6.1359072734e+02	2		2		8.055842e-11			
6.1359072734e+02	2		3		6.243959e-10			
6.1359072734e+02	2		4		3.772217e-09			
6.1359072734e+02	2		5		6.477983e-09			
6.7341506578e+02	1		1		2.399407e-10			
6.7341506578e+02	1		2		8.778728e-10			
6.7341506578e+02	1		3		3.260762e-09			
6.7341506578e+02	1		4		6.287921e-09			
6.7341506578e+02	1		5		7.604762e-09			
6.7341506578e+02	2		1		8.249367e-11			
6.7341506578e+02	2		2		6.808834e-11			
6.7341506578e+02	2		3		5.282522e-10			
6.7341506578e+02	2		4		3.189275e-09			
6.7341506578e+02	2		5		5.475206e-09			
7.3907220335e+02	1		1		2.090091e-10			
7.3907220335e+02	1		2		7.710757e-10			
7.3907220335e+02	1		3		2.835666e-09			
7.3907220335e+02	1		4		5.447166e-09			
7.3907220335e+02	1		5		6.581350e-09			
7.3907220335e+02	2		1		6.985545e-11			
7.3907220335e+02	2		2		5.765359e-11			
7.3907220335e+02	2		3		4.478021e-10			
7.3907220335e+02	2		4		2.701370e-09			
7.3907220335e+02	2		5		4.635547e-09			
8.1113083079e+02	1		1		1.832313e-10			
8.1113083079e+02	1		2		6.818338e-10			
8.1113083079e+02	1		3		2.481703e-09			
8.1113083079e+02	1		4		4.747662e-09			
8.1113083079e+02	1		5		5.730034e-09			
8.1113083079e+02	2		1		5.932014e-11			
8.1113083079e+02	2		2		4.895577e-11			
8.1113083079e+02	2		3		3.808266e-10			
8.1113083079e+02	2		4		2.294779e-09			
8.1113083079e+02	2		5		3.935401e-09			
8.9021508545e+02	1		1		1.616953e-10			
8.9021508545e+02	1		2		6.069318e-10			
8.9021508545e+02	1		3		2.186357e-09			
8.9021508545e+02	1		4		4.164975e-09			
8.9021508545e+02	1		5		5.021176e-09			
8.9021508545e+02	2		1		5.055465e-11			
8.9021508545e+02	2		2		4.171729e-11			
8.9021508545e+02	2		3		3.251470e-10			
8.9021508545e+02	2		4		1.956581e-09			
8.9021508545e+02	2		5		3.352869e-09			
9.7700995730e+02	1		1		1.436301e-10			
9.7700995730e+02	1		2		5.436689e-10			
9.7700995730e+02	1		3		1.939037e-09			
9.7700995730e+02	1		4		3.678281e-09			
9.7700995730e+02	1		5		4.429465e-09			
9.7700995730e+02	2		1		4.327783e-11			
9.7700995730e+02	2		2		3.570883e-11			
9.7700995730e+02	2		3		2.789501e-10			
9.7700995730e+02	2		4		1.675855e-09			
9.7700995730e+02	2		5		2.869188e-09			
1.0722672220e+03	1		1		1.283910e-10			
1.0722672220e+03	1		2		4.897882e-10			
1.0722672220e+03	1		3		1.730872e-09			
1.0722672220e+03	1		4		3.270215e-09			
1.0722672220e+03	1		5		3.933824e-09			
1.0722672220e+03	2		1		3.724644e-11			
1.0722672220e+03	2		2		3.072796e-11			
1.0722672220e+03	2		3		2.406773e-10			
1.0722672220e+03	2		4		1.443225e-09			
1.0722672220e+03	2		5		2.468282e-09			
1.1768119524e+03	1		1		1.154349e-10			
1.1768119524e+03	1		2		4.434249e-10			
1.1768119524e+03	1		3		1.554373e-09			
1.1768119524e+03	1		4		2.925932e-09			
1.1768119524e+03	1		5		3.516172e-09			
1.1768119524e+03	2		1		3.225091e-11			
1.1768119524e+03	2		2		2.660299e-11			
1.1768119524e+03	2		3		2.089753e-10			
1.1768119524e+03	2		4		1.250540e-09			
1.1768119524e+03	2		5		2.136217e-09			
1.2915496650e+03	1		1		1.043152e-10			
1.2915496650e+03	1		2		4.030496e-10			
1.2915496650e+03	1		3		1.403369e-09			
1.2915496650e+03	1		4		2.633229e-09			
1.2915496650e+03	1		5		3.161660e-09			
1.2915496650e+03	2		1		2.811598e-11			
1.2915496650e+03	2		2		2.318838e-11			
1.2915496650e+03	2		3		1.827332e-10			
1.2915496650e+03	2		4		1.091058e-09			
1.2915496650e+03	2		5		1.861373e-09			
1.4174741629e+03	1		1		9.466378e-11			
1.4174741629e+03	1		2		3.674268e-10			
1.4174741629e+03	1		3		1.272758e-09			
1.4174741629e+03	1		4		2.381926e-09			
1.4174741629e+03	1		5		2.857870e-09			
1.4174741629e+03	2		1		2.468857e-11			
1.4174741629e+03	2		2		2.035829e-11			
1.4174741629e+03	2		3		1.609588e-10			
1.4174741629e+03	2		4		9.588347e-10			
1.4174741629e+03	2		5		1.633591e-09			
1.5556761439e+03	1		1		8.618286e-11			
1.5556761439e+03	1		2		3.355764e-10			
1.5556761439e+03	1		3		1.158392e-09			
1.5556761439e+03	1		4		2.163676e-09			
1.5556761439e+03	1		5		2.594600e-09			
1.5556761439e+03	2		1		2.184198e-11			
1.5556761439e+03	2		2		1.800798e-11			
1.5556761439e+03	2		3		1.428498e-10			
1.5556761439e+03	2		4		8.489858e-10			
1.5556761439e+03	2		5		1.444455e-09			
1.7073526475e+03	1		1		7.863503e-11			
1.7073526475e+03	1		2		3.067345e-10			
1.7073526475e+03	1		3		1.056950e-09			
1.7073526475e+03	1		4		1.971766e-09			
1.7073526475e+03	1		5		2.363638e-09			
1.7073526475e+03	2		1		1.946862e-11			
1.7073526475e+03	2		2		1.604850e-11			
1.7073526475e+03	2		3		1.277179e-10			
1.7073526475e+03	2		4		7.573517e-10			
1.7073526475e+03	2		5		1.286821e-09			
1.8738174229e+03	1		1		7.183251e-11			
1.8738174229e+03	1		2		2.803225e-10			
1.8738174229e+03	1		3		9.657931e-10			
1.8738174229e+03	1		4		1.800751e-09			
1.8738174229e+03	1		5		2.158285e-09			
1.8738174229e+03	2		1		1.747737e-11			
1.8738174229e+03	2		2		1.440494e-11			
1.8738174229e+03	2		3		1.149798e-10			
1.8738174229e+03	2		4		6.804103e-10			
1.8738174229e+03	2		5		1.154638e-09			
2.0565123083e+03	1		1		6.563306e-11			
2.0565123083e+03	1		2		2.559174e-10			
2.0565123083e+03	1		3		8.829055e-10			
2.0565123083e+03	1		4		1.646447e-09			
2.0565123083e+03	1		5		1.973389e-09			
2.0565123083e+03	2		1		1.579400e-11			
2.0565123083e+03	2		2		1.301564e-11			
2.0565123083e+03	2		3		1.041683e-10			
2.0565123083e+03	2		4		6.153026e-10			
2.0565123083e+03	2		5		1.042971e-09			
2.2570197196e+03	1		1		5.992779e-11			
2.2570197196e+03	1		2		2.332143e-10			
2.2570197196e+03	1		3		8.067420e-10			
2.2570197196e+03	1		4		1.505560e-09			
2.2570197196e+03	1		5		1.804869e-09			
2.2570197196e+03	2		1		1.435483e-11			
2.2570197196e+03	2		2		1.182832e-11			
2.2570197196e+03	2		3		9.487464e-11			
2.2570197196e+03	2		4		5.595650e-10			
2.2570197196e+03	2		5		9.475885e-10			
2.4770763560e+03	1		1		5.463933e-11			
2.4770763560e+03	1		2		2.120116e-10			
2.4770763560e+03	1		3		7.361932e-10			
2.4770763560e+03	1		4		1.375684e-09			
2.4770763560e+03	1		5		1.649729e-09			
2.4770763560e+03	2		1		1.310901e-11			
2.4770763560e+03	2		2		1.080078e-11			
2.4770763560e+03	2		3		8.678146e-11			
2.4770763560e+03	2		4		5.112438e-10			
2.4770763560e+03	2		5		8.651070e-10			
2.7185882427e+03	1		1		4.971142e-11			
2.7185882427e+03	1		2		1.921707e-10			
2.7185882427e+03	1		3		6.704568e-10			
2.7185882427e+03	1		4		1.255036e-09			
2.7185882427e+03	1		5		1.505742e-09			
2.7185882427e+03	2		1		1.201411e-11			
2.7185882427e+03	2		2		9.898052e-12			
2.7185882427e+03	2		3		7.961994e-11			
2.7185882427e+03	2		4		4.687018e-10			
2.7185882427e+03	2		5		7.927020e-10			
2.9836472403e+03	1		1		4.510672e-11			
2.9836472403e+03	1		2		1.736094e-10			
2.9836472403e+03	1		3		6.089966e-10			
2.9836472403e+03	1		4		1.142389e-09			
2.9836472403e+03	1		5		1.371358e-09			
2.9836472403e+03	2		1		1.103651e-11			
2.9836472403e+03	2		2		9.092340e-12			
2.9836472403e+03	2		3		7.318152e-11			
2.9836472403e+03	2		4		4.306495e-10			
2.9836472403e+03	2		5		7.281311e-10			
3.2745491629e+03	1		1		4.079978e-11			
3.2745491629e+03	1		2		1.562716e-10			
3.2745491629e+03	1		3		5.514538e-10			
3.2745491629e+03	1		4		1.036906e-09			
3.2745491629e+03	1		5		1.245521e-09			
3.2745491629e+03	2		1		1.014975e-11			
3.2745491629e+03	2		2		8.361739e-12			
3.2745491629e+03	2		3		6.730291e-11			
3.2745491629e+03	2		4		3.960717e-10			
3.2745491629e+03	2		5		6.696268e-10			
3.5938136638e+03	1		1		3.677462e-11			
3.5938136638e+03	1		2		1.401224e-10			
3.5938136638e+03	1		3		4.976068e-10			
3.5938136638e+03	1		4		9.380657e-10			
3.5938136638e+03	1		5		1.127567e-09			
3.5938136638e+03	2		1		9.333597e-12			
3.5938136638e+03	2		2		7.689515e-12			
3.5938136638e+03	2		3		6.186193e-11			
3.5938136638e+03	2		4		3.641980e-10			
3.5938136638e+03	2		5		6.158349e-10			
3.9442060594e+03	1		1		3.302055e-11			
3.9442060594e+03	1		2		1.251344e-10			
3.9442060594e+03	1		3		4.473131e-10			
3.9442060594e+03	1		4		8.455322e-10			
3.9442060594e+03	1		5		1.017072e-09			
3.9442060594e+03	2		1		8.573102e-12			
3.9442060594e+03	2		2		7.063313e-12			
3.9442060594e+03	2		3		5.676906e-11			
3.9442060594e+03	2		4		3.344591e-10			
3.9442060594e+03	2		5		5.657500e-10			
4.3287612811e+03	1		1		2.953024e-11			
4.3287612811e+03	1		2		1.112802e-10			
4.3287612811e+03	1		3		4.004820e-10			
4.3287612811e+03	1		4		7.591201e-10			
4.3287612811e+03	1		5		9.138052e-10			
4.3287612811e+03	2		1		7.858186e-12			
4.3287612811e+03	2		2		6.474695e-12			
4.3287612811e+03	2		3		5.196803e-11			
4.3287612811e+03	2		4		3.064780e-10			
4.3287612811e+03	2		5		5.186913e-10			
4.7508101621e+03	1		1		2.629767e-11			
4.7508101621e+03	1		2		9.853291e-11			
4.7508101621e+03	1		3		3.570412e-10			
4.7508101621e+03	1		4		6.786925e-10			
4.7508101621e+03	1		5		8.176023e-10			
4.7508101621e+03	2		1		7.181836e-12			
4.7508101621e+03	2		2		5.917926e-12			
4.7508101621e+03	2		3		4.741841e-11			
4.7508101621e+03	2		4		2.799908e-10			
4.7508101621e+03	2		5		4.741825e-10			
5.2140082880e+03	1		1		2.331677e-11			
5.2140082880e+03	1		2		8.685782e-11			
5.2140082880e+03	1		3		3.169214e-10			
5.2140082880e+03	1		4		6.041505e-10			
5.2140082880e+03	1		5		7.283538e-10			
5.2140082880e+03	2		1		6.540568e-12			
5.2140082880e+03	2		2		5.390012e-12			
5.2140082880e+03	2		3		4.310500e-11			
5.2140082880e+03	2		4		2.548742e-10			
5.2140082880e+03	2		5		4.319828e-10			
5.7223676594e+03	1		1		2.058109e-11			
5.7223676594e+03	1		2		7.621841e-11			
5.7223676594e+03	1		3		2.800458e-10			
5.7223676594e+03	1		4		5.353852e-10			
5.7223676594e+03	1		5		6.459401e-10			
5.7223676594e+03	2		1		5.932341e-12			
5.7223676594e+03	2		2		4.889297e-12			
5.7223676594e+03	2		3		3.901737e-11			
5.7223676594e+03	2		4		2.310541e-10			
5.7223676594e+03	2		5		3.919500e-10			
6.2802914418e+03	1		1		1.808265e-11			
6.2802914418e+03	1		2		6.657035e-11			
6.2802914418e+03	1		3		2.463184e-10			
6.2802914418e+03	1		4		4.722578e-10			
6.2802914418e+03	1		5		5.702076e-10			
6.2802914418e+03	2		1		5.356861e-12			
6.2802914418e+03	2		2		4.415503e-12			
6.2802914418e+03	2		3		3.515715e-11			
6.2802914418e+03	2		4		2.085254e-10			
6.2802914418e+03	2		5		3.540596e-10			
6.8926121043e+03	1		1		1.581277e-11			
6.8926121043e+03	1		2		5.786688e-11			
6.8926121043e+03	1		3		2.156316e-10			
6.8926121043e+03	1		4		4.146133e-10			
6.8926121043e+03	1		5		5.009854e-10			
6.8926121043e+03	2		1		4.814482e-12			
6.8926121043e+03	2		2		3.968884e-12			
6.8926121043e+03	2		3		3.152809e-11			
6.8926121043e+03	2		4		1.873048e-10			
6.8926121043e+03	2		5		3.183330e-10			
7.5646332755e+03	1		1		1.376118e-11			
7.5646332755e+03	1		2		5.005674e-11			
7.5646332755e+03	1		3		1.878558e-10			
7.5646332755e+03	1		4		3.622444e-10			
7.5646332755e+03	1		5		4.380361e-10			
7.5646332755e+03	2		1		4.305648e-12			
7.5646332755e+03	2		2		3.549860e-12			
7.5646332755e+03	2		3		2.813263e-11			
7.5646332755e+03	2		4		1.674099e-10			
7.5646332755e+03	2		5		2.847988e-10			
8.3021756813e+03	1		1		1.191699e-11			
8.3021756813e+03	1		2		4.308602e-11			
8.3021756813e+03	1		3		1.628524e-10			
8.3021756813e+03	1		4		3.149344e-10			
8.3021756813e+03	1		5		3.811138e-10			
8.3021756813e+03	2		1		3.831151e-12			
8.3021756813e+03	2		2		3.159017e-12			
8.3021756813e+03	2		3		2.497638e-11			
8.3021756813e+03	2		4		1.488724e-10			
8.3021756813e+03	2		5		2.535110e-10			
9.1116275612e+03	1		1		1.026829e-11			
9.1116275612e+03	1		2		3.689972e-11			
9.1116275612e+03	1		3		1.404674e-10			
9.1116275612e+03	1		4		2.724239e-10			
9.1116275612e+03	1		5		3.299162e-10			
9.1116275612e+03	2		1		3.391059e-12			
9.1116275612e+03	2		2		2.796485e-12			
9.1116275612e+03	2		3		2.205741e-11			
9.1116275612e+03	2		4		1.316919e-10			
9.1116275612e+03	2		5		2.244761e-10			
1.0000000000e+04	1		1		8.802762e-12			
1.0000000000e+04	1		2		3.144087e-11			
1.0000000000e+04	1		3		1.205412e-10			
1.0000000000e+04	1		4		2.344465e-10			
1.0000000000e+04	1		5		2.841345e-10			
1.0000000000e+04	2		1		2.985586e-12			
1.0000000000e+04	2		2		2.462394e-12			
1.0000000000e+04	2		3		1.937678e-11			
1.0000000000e+04	2		4		1.158763e-10			
1.0000000000e+04	2		5		1.977107e-10			
