5.000000000000000000e-01 1.576597714820669808e-05
7.997997997997998709e-01 6.136142246760528584e-06
1.099599599599599742e+00 3.221070383924049620e-06
1.399399399399399391e+00 1.963789568899050093e-06
1.699199199199199262e+00 1.307155805147222416e-06
1.998998998998999133e+00 9.198207751310399601e-07
2.298798798798798781e+00 6.710062837463427933e-07
2.598598598598598652e+00 5.006612284659499578e-07
2.898398398398398523e+00 3.780717718481578222e-07
3.198198198198198394e+00 2.862031466568555073e-07
3.497997997997998265e+00 2.149904502813728433e-07
3.797797797797798136e+00 1.581768445603214969e-07
4.097597597597597563e+00 1.117068838993522746e-07
4.397397397397397434e+00 7.285848319275254606e-08
4.697197197197197305e+00 3.974946579071201940e-08
4.996996996996997176e+00 1.104473236360968254e-08
5.296796796796797047e+00 -1.422402875544679962e-08
5.596596596596596918e+00 -3.677293782033678906e-08
5.896396396396396788e+00 -5.714082451486020764e-08
6.196196196196196659e+00 -7.573940425963018039e-08
6.495995995995996530e+00 -9.288763588033714831e-08
6.795795795795796401e+00 -1.088357136110419188e-07
7.095595595595596272e+00 -1.237821193445768389e-07
7.395395395395396143e+00 -1.378859379119505097e-07
7.695195195195195126e+00 -1.512758816920206265e-07
7.994994994994994997e+00 -1.640569923798388974e-07
8.294794794794794868e+00 -1.763156788984078499e-07
8.594594594594594739e+00 -1.881235473381829025e-07
8.894394394394394610e+00 -1.995403429559795643e-07
9.194194194194194480e+00 -2.106162319383967290e-07
9.493993993993994351e+00 -2.213935869946796151e-07
9.793793793793794222e+00 -2.319083963592933982e-07
1.009359359359359409e+01 -2.421913843150920920e-07
1.039339339339339396e+01 -2.522689088137771411e-07
1.069319319319319384e+01 -2.621636854693486717e-07
1.099299299299299371e+01 -2.718953752689716571e-07
1.129279279279279358e+01 -2.814810645528386036e-07
1.159259259259259345e+01 -2.909356592539285257e-07
1.189239239239239332e+01 -3.002722104642597091e-07
1.219219219219219319e+01 -3.095021846687372169e-07
1.249199199199199306e+01 -3.186356891362799568e-07
1.279179179179179293e+01 -3.276816607768598871e-07
1.309159159159159280e+01 -3.366480250781899515e-07
1.339139139139139267e+01 -3.455418304199096255e-07
1.369119119119119254e+01 -3.543693620290794662e-07
1.399099099099099242e+01 -3.631362390305446666e-07
1.429079079079079229e+01 -3.718474973970291287e-07
1.459059059059059216e+01 -3.805076610932368831e-07
1.489039039039039025e+01 -3.891208032963594450e-07
1.519019019019019012e+01 -3.976905992432067821e-07
1.548998998998998999e+01 -4.062203719880248798e-07
1.578978978978978986e+01 -4.147131321380733766e-07
1.608958958958958974e+01 -4.231716124547232530e-07
1.638938938938938961e+01 -4.315982980655957074e-07
1.668918918918918948e+01 -4.399954529123917453e-07
1.698898898898898935e+01 -4.483651429604267210e-07
1.728878878878878922e+01 -4.567092566167017321e-07
1.758858858858858909e+01 -4.650295227319253409e-07
1.788838838838838896e+01 -4.733275265089205718e-07
1.818818818818818883e+01 -4.816047235908563602e-07
1.848798798798798870e+01 -4.898624525636029327e-07
1.878778778778778857e+01 -4.981019460721396901e-07
1.908758758758758844e+01 -5.063243407257652691e-07
1.938738738738738832e+01 -5.145306859383279969e-07
1.968718718718718819e+01 -5.227219518340417859e-07
1.998698698698698806e+01 -5.308990363292372263e-07
2.028678678678678793e+01 -5.390627714873008115e-07
2.058658658658658780e+01 -5.472139292299368869e-07
2.088638638638638767e+01 -5.553532264797215128e-07
2.118618618618618754e+01 -5.634813297961831414e-07
2.148598598598598741e+01 -5.715988595622815933e-07
2.178578578578578728e+01 -5.797063937709299346e-07
2.208558558558558715e+01 -5.878044714534941625e-07
2.238538538538538702e+01 -5.958935957896272368e-07
2.268518518518518690e+01 -6.039742369312684563e-07
2.298498498498498677e+01 -6.120468345700054034e-07
2.328478478478478664e+01 -6.201118002751864231e-07
2.358458458458458651e+01 -6.281695196250030016e-07
2.388438438438438638e+01 -6.362203541513688929e-07
2.418418418418418625e+01 -6.442646431175068502e-07
2.448398398398398612e+01 -6.523027051438402265e-07
2.478378378378378599e+01 -6.603348396969379826e-07
2.508358358358358586e+01 -6.683613284550334418e-07
2.538338338338338573e+01 -6.763824365609012154e-07
2.568318318318318561e+01 -6.843984137731731841e-07
2.598298298298298548e+01 -6.924094955252702889e-07
2.628278278278278535e+01 -7.004159039001748237e-07
2.658258258258258522e+01 -7.084178485286021494e-07
2.688238238238238509e+01 -7.164155274176648846e-07
2.718218218218218496e+01 -7.244091277156470952e-07
2.748198198198198483e+01 -7.323988264188956409e-07
2.778178178178178470e+01 -7.403847910257109753e-07
2.808158158158158457e+01 -7.483671801412963831e-07
2.838138138138138444e+01 -7.563461440384565215e-07
2.868118118118118431e+01 -7.643218251774994669e-07
2.898098098098098419e+01 -7.722943586883424579e-07
2.928078078078078050e+01 -7.802638728189667126e-07
2.958058058058058037e+01 -7.882304893513275465e-07
2.988038038038038025e+01 -7.961943239889939184e-07
3.018018018018018012e+01 -8.041554867173491915e-07
3.047997997997997999e+01 -8.121140821396192680e-07
3.077977977977977986e+01 -8.200702097895192259e-07
3.107957957957957973e+01 -8.280239644236643391e-07
3.137937937937937960e+01 -8.359754362938555947e-07
3.167917917917917947e+01 -8.439247114015842945e-07
3.197897897897897934e+01 -8.518718717362820940e-07
3.227877877877877921e+01 -8.598169954973808543e-07
3.257857857857857908e+01 -8.677601573030672998e-07
3.287837837837837895e+01 -8.757014283851073726e-07
3.317817817817817883e+01 -8.836408767715935904e-07
3.347797797797797870e+01 -8.915785674583591046e-07
3.377777777777777857e+01 -8.995145625697767406e-07
3.407757757757757844e+01 -9.074489215093868669e-07
3.437737737737737831e+01 -9.153817011021142270e-07
3.467717717717717818e+01 -9.233129557270132486e-07
3.497697697697697805e+01 -9.312427374427254819e-07
3.527677677677677792e+01 -9.391710961053239051e-07
3.557657657657657779e+01 -9.470980794790353775e-07
3.587637637637637766e+01 -9.550237333407594225e-07
3.617617617617617753e+01 -9.629481015785798542e-07
3.647597597597597741e+01 -9.708712262844250987e-07
3.677577577577577728e+01 -9.787931478414531962e-07
3.707557557557557715e+01 -9.867139050069102568e-07
3.737537537537537702e+01 -9.946335349897542549e-07
3.767517517517517689e+01 -1.002552073524501055e-06
3.797497497497497676e+01 -1.010469554940681113e-06
3.827477477477477663e+01 -1.018386012228652244e-06
3.857457457457457650e+01 -1.026301477101773532e-06
3.887437437437437637e+01 -1.034215980055318168e-06
3.917417417417417624e+01 -1.042129550422018480e-06
3.947397397397397611e+01 -1.050042216425161348e-06
3.977377377377377599e+01 -1.057954005228226030e-06
4.007357357357357586e+01 -1.065864942982568724e-06
4.037337337337337573e+01 -1.073775054872120504e-06
4.067317317317317560e+01 -1.081684365156206521e-06
4.097297297297297547e+01 -1.089592897209703843e-06
4.127277277277277534e+01 -1.097500673561789818e-06
4.157257257257257521e+01 -1.105407715932235746e-06
4.187237237237237508e+01 -1.113314045266023419e-06
4.217217217217217495e+01 -1.121219681766367549e-06
4.247197197197197482e+01 -1.129124644925851004e-06
4.277177177177177470e+01 -1.137028953556435185e-06
4.307157157157157457e+01 -1.144932625817627261e-06
4.337137137137137444e+01 -1.152835679243475108e-06
4.367117117117117431e+01 -1.160738130768312030e-06
4.397097097097097418e+01 -1.168639996751110648e-06
4.427077077077077405e+01 -1.176541292998776306e-06
4.457057057057057392e+01 -1.184442034788466393e-06
4.487037037037037379e+01 -1.192342236888683152e-06
4.517017017017017366e+01 -1.200241913579395798e-06
4.546996996996997353e+01 -1.208141078671446045e-06
4.576976976976977340e+01 -1.216039745524849093e-06
4.606956956956957328e+01 -1.223937927066257760e-06
4.636936936936937315e+01 -1.231835635805870950e-06
4.666916916916917302e+01 -1.239732883853349405e-06
4.696896896896897289e+01 -1.247629682933097867e-06
4.726876876876877276e+01 -1.255526044399013627e-06
4.756856856856857263e+01 -1.263421979248105108e-06
4.786836836836837250e+01 -1.271317498134345945e-06
4.816816816816817237e+01 -1.279212611381043356e-06
4.846796796796797224e+01 -1.287107328993274282e-06
4.876776776776777211e+01 -1.295001660669496511e-06
4.906756756756757198e+01 -1.302895615812939582e-06
4.936736736736737186e+01 -1.310789203541926724e-06
4.966716716716717173e+01 -1.318682432700645730e-06
4.996696696696697160e+01 -1.326575311868664523e-06
5.026676676676677147e+01 -1.334467849370489078e-06
5.056656656656657134e+01 -1.342360053284574157e-06
5.086636636636637121e+01 -1.350251931452083322e-06
5.116616616616617108e+01 -1.358143491485037398e-06
5.146596596596597095e+01 -1.366034740774407018e-06
5.176576576576577082e+01 -1.373925686497830793e-06
5.206556556556557069e+01 -1.381816335626884546e-06
5.236536536536537056e+01 -1.389706694934164202e-06
5.266516516516517044e+01 -1.397596770999950244e-06
5.296496496496497031e+01 -1.405486570218928072e-06
5.326476476476477018e+01 -1.413376098806318827e-06
5.356456456456457005e+01 -1.421265362803832339e-06
5.386436436436436992e+01 -1.429154368085625156e-06
5.416416416416416979e+01 -1.437043120363647018e-06
5.446396396396396966e+01 -1.444931625193075417e-06
5.476376376376376953e+01 -1.452819887977487584e-06
5.506356356356356940e+01 -1.460707913973802077e-06
5.536336336336336927e+01 -1.468595708296905274e-06
5.566316316316316914e+01 -1.476483275924354104e-06
5.596296296296296902e+01 -1.484370621700756895e-06
5.626276276276276889e+01 -1.492257750341950947e-06
5.656256256256256876e+01 -1.500144666439149602e-06
5.686236236236236863e+01 -1.508031374462896193e-06
5.716216216216216850e+01 -1.515917878766736781e-06
5.746196196196196837e+01 -1.523804183591013169e-06
5.776176176176176824e+01 -1.531690293066249336e-06
5.806156156156156101e+01 -1.539576211216670015e-06
5.836136136136136088e+01 -1.547461941963343185e-06
5.866116116116116075e+01 -1.555347489127453006e-06
5.896096096096096062e+01 -1.563232856433259351e-06
5.926076076076076049e+01 -1.571118047511084446e-06
5.956056056056056036e+01 -1.579003065900006433e-06
5.986036036036036023e+01 -1.586887915050890055e-06
6.016016016016016010e+01 -1.594772598328653317e-06
6.045995995995995997e+01 -1.602657119015118596e-06
6.075975975975975985e+01 -1.610541480311277610e-06
6.105955955955955972e+01 -1.618425685339776611e-06
6.135935935935935959e+01 -1.626309737147084791e-06
6.165915915915915946e+01 -1.634193638705891383e-06
6.195895895895895933e+01 -1.642077392917092802e-06
6.225875875875875920e+01 -1.649961002611876346e-06
6.255855855855855907e+01 -1.657844470553832694e-06
6.285835835835835894e+01 -1.665727799440765172e-06
6.315815815815815881e+01 -1.673610991906571857e-06
6.345795795795795868e+01 -1.681494050523105662e-06
6.375775775775775855e+01 -1.689376977801934474e-06
6.405755755755755843e+01 -1.697259776195925100e-06
6.435735735735735830e+01 -1.705142448101052533e-06
6.465715715715715817e+01 -1.713024995857668806e-06
6.495695695695695804e+01 -1.720907421752495214e-06
6.525675675675675791e+01 -1.728789728019672635e-06
6.555655655655655778e+01 -1.736671916842431879e-06
6.585635635635635765e+01 -1.744553990354470963e-06
6.615615615615615752e+01 -1.752435950641139262e-06
6.645595595595595739e+01 -1.760317799740975726e-06
6.675575575575575726e+01 -1.768199539646733782e-06
6.705555555555555713e+01 -1.776081172306807744e-06
6.735535535535535701e+01 -1.783962699626306846e-06
6.765515515515515688e+01 -1.791844123468229236e-06
6.795495495495495675e+01 -1.799725445654534311e-06
6.825475475475475662e+01 -1.807606667967252338e-06
6.855455455455455649e+01 -1.815487792149575428e-06
6.885435435435435636e+01 -1.823368819906843484e-06
6.915415415415415623e+01 -1.831249752907482714e-06
6.945395395395395610e+01 -1.839130592783956000e-06
6.975375375375375597e+01 -1.847011341133743763e-06
7.005355355355355584e+01 -1.854891999520267231e-06
7.035335335335335571e+01 -1.862772569473652458e-06
7.065315315315315559e+01 -1.870653052491621409e-06
7.095295295295295546e+01 -1.878533450040355927e-06
7.125275275275275533e+01 -1.886413763555319360e-06
7.155255255255255520e+01 -1.894293994441791884e-06
7.185235235235235507e+01 -1.902174144075956399e-06
7.215215215215215494e+01 -1.910054213805399971e-06
7.245195195195195481e+01 -1.917934204949889719e-06
7.275175175175175468e+01 -1.925814118802113116e-06
7.305155155155155455e+01 -1.933693956628182824e-06
7.335135135135135442e+01 -1.941573719668434600e-06
7.365115115115115429e+01 -1.949453409138096448e-06
7.395095095095095417e+01 -1.957333026227679951e-06
7.425075075075075404e+01 -1.965212572103823918e-06
7.455055055055055391e+01 -1.973092047909636579e-06
7.485035035035035378e+01 -1.980971454765490108e-06
7.515015015015015365e+01 -1.988850793769422114e-06
7.544994994994995352e+01 -1.996730065997659107e-06
7.574974974974975339e+01 -2.004609272505229750e-06
7.604954954954955326e+01 -2.012488414326381601e-06
7.634934934934935313e+01 -2.020367492475119825e-06
7.664914914914915300e+01 -2.028246507945571415e-06
7.694894894894895288e+01 -2.036125461712644190e-06
7.724874874874875275e+01 -2.044004354732321556e-06
7.754854854854855262e+01 -2.051883187942155483e-06
7.784834834834835249e+01 -2.059761962261645975e-06
7.814814814814815236e+01 -2.067640678592696775e-06
7.844794794794795223e+01 -2.075519337820055818e-06
7.874774774774775210e+01 -2.083397940811623555e-06
7.904754754754755197e+01 -2.091276488418888327e-06
7.934734734734735184e+01 -2.099154981477300753e-06
7.964714714714715171e+01 -2.107033420806532921e-06
7.994694694694695158e+01 -2.114911807211028962e-06
8.024674674674675146e+01 -2.122790141480186313e-06
8.054654654654655133e+01 -2.130668424388711474e-06
8.084634634634635120e+01 -2.138546656697004554e-06
8.114614614614615107e+01 -2.146424839151474376e-06
8.144594594594595094e+01 -2.154302972484762086e-06
8.174574574574575081e+01 -2.162181057416096914e-06
8.204554554554555068e+01 -2.170059094651662085e-06
8.234534534534535055e+01 -2.177937084884735432e-06
8.264514514514515042e+01 -2.185815028796065477e-06
8.294494494494495029e+01 -2.193692927054145868e-06
8.324474474474475016e+01 -2.201570780315423751e-06
8.354454454454455004e+01 -2.209448589224625030e-06
8.384434434434434991e+01 -2.217326354414920385e-06
8.414414414414414978e+01 -2.225204076508252230e-06
8.444394394394394965e+01 -2.233081756115544770e-06
8.474374374374374952e+01 -2.240959393836902214e-06
8.504354354354354939e+01 -2.248836990261939115e-06
8.534334334334334926e+01 -2.256714545969861684e-06
8.564314314314314913e+01 -2.264592061529771029e-06
8.594294294294294900e+01 -2.272469537500883385e-06
8.624274274274274887e+01 -2.280346974432713070e-06
8.654254254254254874e+01 -2.288224372865272388e-06
8.684234234234234862e+01 -2.296101733329188515e-06
8.714214214214214849e+01 -2.303979056346135493e-06
8.744194194194194836e+01 -2.311856342428700390e-06
8.774174174174174823e+01 -2.319733592080820377e-06
8.804154154154154810e+01 -2.327610805797870815e-06
8.834134134134134797e+01 -2.335487984066782145e-06
8.864114114114114784e+01 -2.343365127366302473e-06
8.894094094094094771e+01 -2.351242236167072101e-06
8.924074074074074758e+01 -2.359119310931952185e-06
8.954054054054054745e+01 -2.366996352115978988e-06
8.984034034034034732e+01 -2.374873360166573948e-06
9.014014014014014720e+01 -2.382750335523857078e-06
9.043993993993994707e+01 -2.390627278620543629e-06
9.073973973973974694e+01 -2.398504189882284598e-06
9.103953953953954681e+01 -2.406381069727710773e-06
9.133933933933934668e+01 -2.414257918568585198e-06
9.163913913913914655e+01 -2.422134736809982745e-06
9.193893893893894642e+01 -2.430011524850320608e-06
9.223873873873874629e+01 -2.437888283081610718e-06
9.253853853853854616e+01 -2.445765011889515644e-06
9.283833833833834603e+01 -2.453641711653450243e-06
9.313813813813814591e+01 -2.461518382746781557e-06
9.343793793793794578e+01 -2.469395025536850834e-06
9.373773773773774565e+01 -2.477271640385114138e-06
9.403753753753754552e+01 -2.485148227647355798e-06
9.433733733733734539e+01 -2.493024787673690109e-06
9.463713713713714526e+01 -2.500901320808656192e-06
9.493693693693694513e+01 -2.508777827391345052e-06
9.523673673673674500e+01 -2.516654307755609643e-06
9.553653653653654487e+01 -2.524530762229998800e-06
9.583633633633634474e+01 -2.532407191137948664e-06
9.613613613613614461e+01 -2.540283594797879249e-06
9.643593593593594449e+01 -2.548159973523243568e-06
9.673573573573574436e+01 -2.556036327622659770e-06
9.703553553553554423e+01 -2.563912657399972125e-06
9.733533533533534410e+01 -2.571788963154371304e-06
9.763513513513514397e+01 -2.579665245180441814e-06
9.793493493493494384e+01 -2.587541503768272112e-06
9.823473473473474371e+01 -2.595417739203576574e-06
9.853453453453454358e+01 -2.603293951767653147e-06
9.883433433433434345e+01 -2.611170141737564616e-06
9.913413413413414332e+01 -2.619046309386226690e-06
9.943393393393394319e+01 -2.626922454982409699e-06
9.973373373373374307e+01 -2.634798578790880895e-06
1.000335335335335429e+02 -2.642674681072399373e-06
1.003333333333333428e+02 -2.650550762083892246e-06
1.006331331331331427e+02 -2.658426822078408915e-06
1.009329329329329425e+02 -2.666302861305298939e-06
1.012327327327327424e+02 -2.674178880010173072e-06
1.015325325325325423e+02 -2.682054878435072675e-06
1.018323323323323422e+02 -2.689930856818442602e-06
1.021321321321321420e+02 -2.697806815395259960e-06
1.024319319319319419e+02 -2.705682754397051038e-06
1.027317317317317418e+02 -2.713558674051965857e-06
1.030315315315315416e+02 -2.721434574584847616e-06
1.033313313313313415e+02 -2.729310456217283524e-06
1.036311311311311414e+02 -2.737186319167691191e-06
1.039309309309309413e+02 -2.745062163651271195e-06
1.042307307307307411e+02 -2.752937989880179031e-06
1.045305305305305410e+02 -2.760813798063553064e-06
1.048303303303303409e+02 -2.768689588407499279e-06
1.051301301301301407e+02 -2.776565361115209868e-06
1.054299299299299406e+02 -2.784441116386982714e-06
1.057297297297297405e+02 -2.792316854420313712e-06
1.060295295295295404e+02 -2.800192575409867973e-06
1.063293293293293402e+02 -2.808068279547603493e-06
1.066291291291291401e+02 -2.815943967022742350e-06
1.069289289289289400e+02 -2.823819638021916395e-06
1.072287287287287398e+02 -2.831695292729090174e-06
1.075285285285285397e+02 -2.839570931325703224e-06
1.078283283283283396e+02 -2.847446553990696339e-06
1.081281281281281395e+02 -2.855322160900476836e-06
1.084279279279279393e+02 -2.863197752229063398e-06
1.087277277277277392e+02 -2.871073328148050502e-06
1.090275275275275391e+02 -2.878948888826695657e-06
1.093273273273273389e+02 -2.886824434431905014e-06
1.096271271271271388e+02 -2.894699965128375657e-06
1.099269269269269387e+02 -2.902575481078506673e-06
1.102267267267267385e+02 -2.910450982442494863e-06
1.105265265265265384e+02 -2.918326469378343210e-06
1.108263263263263383e+02 -2.926201942042015893e-06
1.111261261261261382e+02 -2.934077400587269718e-06
1.114259259259259380e+02 -2.941952845165858262e-06
1.117257257257257379e+02 -2.949828275927496294e-06
1.120255255255255378e+02 -2.957703693019840289e-06
1.123253253253253376e+02 -2.965579096588678170e-06
1.126251251251251375e+02 -2.973454486777764983e-06
1.129249249249249374e+02 -2.981329863729004155e-06
1.132247247247247373e+02 -2.989205227582401764e-06
1.135245245245245371e+02 -2.997080578476146998e-06
1.138243243243243370e+02 -3.004955916546587599e-06
1.141241241241241369e+02 -3.012831241928273057e-06
1.144239239239239367e+02 -3.020706554753976632e-06
1.147237237237237366e+02 -3.028581855154811402e-06
1.150235235235235365e+02 -3.036457143260148097e-06
1.153233233233233364e+02 -3.044332419197629500e-06
1.156231231231231220e+02 -3.052207683093304277e-06
1.159229229229229219e+02 -3.060082935071577853e-06
1.162227227227227218e+02 -3.067958175255242898e-06
1.165225225225225216e+02 -3.075833403765528463e-06
1.168223223223223215e+02 -3.083708620722116915e-06
1.171221221221221214e+02 -3.091583826243138857e-06
1.174219219219219212e+02 -3.099459020445213785e-06
1.177217217217217211e+02 -3.107334203443489052e-06
1.180215215215215210e+02 -3.115209375351676291e-06
1.183213213213213209e+02 -3.123084536282035317e-06
1.186211211211211207e+02 -3.130959686345380065e-06
1.189209209209209206e+02 -3.138834825651124321e-06
1.192207207207207205e+02 -3.146709954307367276e-06
1.195205205205205203e+02 -3.154585072420830000e-06
1.198203203203203202e+02 -3.162460180096863063e-06
1.201201201201201201e+02 -3.170335277439553261e-06
1.204199199199199199e+02 -3.178210364551672796e-06
1.207197197197197198e+02 -3.186085441534694521e-06
1.210195195195195197e+02 -3.193960508488873255e-06
1.213193193193193196e+02 -3.201835565513228845e-06
1.216191191191191194e+02 -3.209710612705521597e-06
1.219189189189189193e+02 -3.217585650162325127e-06
1.222187187187187192e+02 -3.225460677979099200e-06
1.225185185185185190e+02 -3.233335696250010163e-06
1.228183183183183189e+02 -3.241210705068182513e-06
1.231181181181181188e+02 -3.249085704525568452e-06
1.234179179179179187e+02 -3.256960694713013957e-06
1.237177177177177185e+02 -3.264835675720224901e-06
1.240175175175175184e+02 -3.272710647635924596e-06
1.243173173173173183e+02 -3.280585610547600534e-06
1.246171171171171181e+02 -3.288460564541893174e-06
1.249169169169169180e+02 -3.296335509704244424e-06
1.252167167167167179e+02 -3.304210446119158526e-06
1.255165165165165178e+02 -3.312085373870079236e-06
1.258163163163163176e+02 -3.319960293039494011e-06
1.261161161161161175e+02 -3.327835203708916220e-06
1.264159159159159174e+02 -3.335710105958854650e-06
1.267157157157157172e+02 -3.343584999868921928e-06
1.270155155155155171e+02 -3.351459885517724406e-06
1.273153153153153170e+02 -3.359334762982999379e-06
1.276151151151151169e+02 -3.367209632341544783e-06
1.279149149149149167e+02 -3.375084493669276794e-06
1.282147147147147166e+02 -3.382959347041215425e-06
1.285145145145145307e+02 -3.390834192531470130e-06
1.288143143143143163e+02 -3.398709030213410904e-06
1.291141141141141304e+02 -3.406583860159396382e-06
1.294139139139139161e+02 -3.414458682441039812e-06
1.297137137137137302e+02 -3.422333497129148067e-06
1.300135135135135158e+02 -3.430208304293619998e-06
1.303133133133133299e+02 -3.438083104003662434e-06
1.306131131131131156e+02 -3.445957896327601287e-06
1.309129129129129296e+02 -3.453832681333014539e-06
1.312127127127127153e+02 -3.461707459086716150e-06
1.315125125125125294e+02 -3.469582229654752666e-06
1.318123123123123150e+02 -3.477456993102435409e-06
1.321121121121121291e+02 -3.485331749494279492e-06
1.324119119119119148e+02 -3.493206498894163057e-06
1.327117117117117289e+02 -3.501081241365152789e-06
1.330115115115115145e+02 -3.508955976969649606e-06
1.333113113113113286e+02 -3.516830705769342916e-06
1.336111111111111143e+02 -3.524705427825256362e-06
1.339109109109109284e+02 -3.532580143197724947e-06
1.342107107107107140e+02 -3.540454851946350144e-06
1.345105105105105281e+02 -3.548329554130126952e-06
1.348103103103103138e+02 -3.556204249807410859e-06
1.351101101101101278e+02 -3.564078939035865326e-06
1.354099099099099135e+02 -3.571953621872546492e-06
1.357097097097097276e+02 -3.579828298373854894e-06
1.360095095095095132e+02 -3.587702968595591367e-06
1.363093093093093273e+02 -3.595577632592934180e-06
1.366091091091091130e+02 -3.603452290420472064e-06
1.369089089089089271e+02 -3.611326942132188124e-06
1.372087087087087127e+02 -3.619201587781443741e-06
1.375085085085085268e+02 -3.627076227421068359e-06
1.378083083083083125e+02 -3.634950861103308666e-06
1.381081081081081265e+02 -3.642825488879804871e-06
1.384079079079079122e+02 -3.650700110801684731e-06
1.387077077077077263e+02 -3.658574726919516959e-06
1.390075075075075119e+02 -3.666449337283308687e-06
1.393073073073073260e+02 -3.674323941942496146e-06
1.396071071071071117e+02 -3.682198540946082732e-06
1.399069069069069258e+02 -3.690073134342458591e-06
1.402067067067067114e+02 -3.697947722179542071e-06
1.405065065065065255e+02 -3.705822304504738218e-06
1.408063063063063112e+02 -3.713696881364911670e-06
1.411061061061061253e+02 -3.721571452806454423e-06
1.414059059059059109e+02 -3.729446018875288366e-06
1.417057057057057250e+02 -3.737320579616825479e-06
1.420055055055055107e+02 -3.745195135075980530e-06
1.423053053053053247e+02 -3.753069685297256629e-06
1.426051051051051104e+02 -3.760944230324623258e-06
1.429049049049049245e+02 -3.768818770201613674e-06
1.432047047047047101e+02 -3.776693304971346090e-06
1.435045045045045242e+02 -3.784567834676409322e-06
1.438043043043043099e+02 -3.792442359359011022e-06
1.441041041041041240e+02 -3.800316879060887891e-06
1.444039039039039096e+02 -3.808191393823385303e-06
1.447037037037037237e+02 -3.816065903687365819e-06
1.450035035035035094e+02 -3.823940408693309145e-06
1.453033033033033234e+02 -3.831814908881247752e-06
1.456031031031031091e+02 -3.839689404290851581e-06
1.459029029029029232e+02 -3.847563894961317929e-06
1.462027027027027088e+02 -3.855438380931505279e-06
1.465025025025025229e+02 -3.863312862239829963e-06
1.468023023023023086e+02 -3.871187338924323760e-06
1.471021021021021227e+02 -3.879061811022679638e-06
1.474019019019019083e+02 -3.886936278572117070e-06
1.477017017017017224e+02 -3.894810741609560764e-06
1.480015015015015081e+02 -3.902685200171522921e-06
1.483013013013013222e+02 -3.910559654294141357e-06
1.486011011011011078e+02 -3.918434104013240482e-06
1.489009009009009219e+02 -3.926308549364197474e-06
1.492007007007007076e+02 -3.934182990382123543e-06
1.495005005005005216e+02 -3.942057427101732641e-06
1.498003003003003073e+02 -3.949931859557366023e-06
1.501001001001001214e+02 -3.957806287783079497e-06
1.503998998998999070e+02 -3.965680711812564646e-06
1.506996996996997211e+02 -3.973555131679177626e-06
1.509994994994995068e+02 -3.981429547415930700e-06
1.512992992992993209e+02 -3.989303959055551527e-06
1.515990990990991065e+02 -3.997178366630378130e-06
1.518988988988989206e+02 -4.005052770172485954e-06
1.521986986986987063e+02 -4.012927169713618405e-06
1.524984984984985203e+02 -4.020801565285211416e-06
1.527982982982983060e+02 -4.028675956918365498e-06
1.530980980980981201e+02 -4.036550344643911801e-06
1.533978978978979058e+02 -4.044424728492368923e-06
1.536976976976977198e+02 -4.052299108493931047e-06
1.539974974974975055e+02 -4.060173484678567893e-06
1.542972972972972912e+02 -4.068047857075885804e-06
1.545970970970971052e+02 -4.075922225715235319e-06
1.548968968968968909e+02 -4.083796590625662890e-06
1.551966966966967050e+02 -4.091670951835991356e-06
1.554964964964964906e+02 -4.099545309374699658e-06
1.557962962962963047e+02 -4.107419663270027874e-06
1.560960960960960904e+02 -4.115294013549928093e-06
1.563958958958959045e+02 -4.123168360242108454e-06
1.566956956956956901e+02 -4.131042703373978946e-06
1.569954954954955042e+02 -4.138917042972725937e-06
1.572952952952952899e+02 -4.146791379065241029e-06
1.575950950950951039e+02 -4.154665711678200677e-06
1.578948948948948896e+02 -4.162540040837996736e-06
1.581946946946947037e+02 -4.170414366570764405e-06
1.584944944944944893e+02 -4.178288688902422046e-06
1.587942942942943034e+02 -4.186163007858603418e-06
1.590940940940940891e+02 -4.194037323464761013e-06
1.593938938938939032e+02 -4.201911635746050863e-06
1.596936936936936888e+02 -4.209785944727440957e-06
1.599934934934935029e+02 -4.217660250433596049e-06
1.602932932932932886e+02 -4.225534552889033507e-06
1.605930930930931027e+02 -4.233408852118002191e-06
1.608928928928928883e+02 -4.241283148144500237e-06
1.611926926926927024e+02 -4.249157440992341130e-06
1.614924924924924881e+02 -4.257031730685107961e-06
1.617922922922923021e+02 -4.264906017246177146e-06
1.620920920920920878e+02 -4.272780300698648967e-06
1.623918918918919019e+02 -4.280654581065511051e-06
1.626916916916916875e+02 -4.288528858369448635e-06
1.629914914914915016e+02 -4.296403132632986865e-06
1.632912912912912873e+02 -4.304277403878451837e-06
1.635910910910911014e+02 -4.312151672127906217e-06
1.638908908908908870e+02 -4.320025937403272913e-06
1.641906906906907011e+02 -4.327900199726244437e-06
1.644904904904904868e+02 -4.335774459118351521e-06
1.647902902902903008e+02 -4.343648715600846221e-06
1.650900900900900865e+02 -4.351522969194912831e-06
1.653898898898899006e+02 -4.359397219921416314e-06
1.656896896896896862e+02 -4.367271467801101353e-06
1.659894894894895003e+02 -4.375145712854549155e-06
1.662892892892892860e+02 -4.383019955102076653e-06
1.665890890890891001e+02 -4.390894194563895746e-06
1.668888888888888857e+02 -4.398768431259980319e-06
1.671886886886886998e+02 -4.406642665210182283e-06
1.674884884884884855e+02 -4.414516896434093509e-06
1.677882882882882996e+02 -4.422391124951222861e-06
1.680880880880880852e+02 -4.430265350780856432e-06
1.683878878878878993e+02 -4.438139573942091427e-06
1.686876876876876850e+02 -4.446013794453907312e-06
1.689874874874874990e+02 -4.453888012335058245e-06
1.692872872872872847e+02 -4.461762227604188267e-06
1.695870870870870988e+02 -4.469636440279744909e-06
1.698868868868868844e+02 -4.477510650380021542e-06
1.701866866866866985e+02 -4.485384857923116719e-06
1.704864864864864842e+02 -4.493259062927034125e-06
1.707862862862862983e+02 -4.501133265409558910e-06
1.710860860860860839e+02 -4.509007465388384747e-06
1.713858858858858980e+02 -4.516881662880990159e-06
1.716856856856856837e+02 -4.524755857904723229e-06
1.719854854854854977e+02 -4.532630050476769408e-06
1.722852852852852834e+02 -4.540504240614217586e-06
1.725850850850850975e+02 -4.548378428333936424e-06
1.728848848848848831e+02 -4.556252613652683621e-06
1.731846846846846972e+02 -4.564126796587085588e-06
1.734844844844844829e+02 -4.572000977153580693e-06
1.737842842842842970e+02 -4.579875155368525990e-06
1.740840840840840826e+02 -4.587749331248093030e-06
1.743838838838838967e+02 -4.595623504808312760e-06
1.746836836836836824e+02 -4.603497676065100083e-06
1.749834834834834965e+02 -4.611371845034234373e-06
1.752832832832832821e+02 -4.619246011731337461e-06
1.755830830830830962e+02 -4.627120176171932919e-06
1.758828828828828819e+02 -4.634994338371378301e-06
1.761826826826826959e+02 -4.642868498344913425e-06
1.764824824824824816e+02 -4.650742656107664604e-06
1.767822822822822957e+02 -4.658616811674582817e-06
1.770820820820820813e+02 -4.666490965060558904e-06
1.773818818818818954e+02 -4.674365116280307520e-06
1.776816816816816811e+02 -4.682239265348431514e-06
1.779814814814814952e+02 -4.690113412279421078e-06
1.782812812812812808e+02 -4.697987557087639351e-06
1.785810810810810949e+02 -4.705861699787326649e-06
1.788808808808808806e+02 -4.713735840392603013e-06
1.791806806806806946e+02 -4.721609978917478366e-06
1.794804804804804803e+02 -4.729484115375830498e-06
1.797802802802802944e+02 -4.737358249781445716e-06
1.800800800800800801e+02 -4.745232382147966332e-06
1.803798798798798941e+02 -4.753106512488942333e-06
1.806796796796796798e+02 -4.760980640817822909e-06
1.809794794794794939e+02 -4.768854767147891229e-06
1.812792792792792795e+02 -4.776728891492388960e-06
1.815790790790790936e+02 -4.784603013864395984e-06
1.818788788788788793e+02 -4.792477134276926116e-06
1.821786786786786934e+02 -4.800351252742860186e-06
1.824784784784784790e+02 -4.808225369274957898e-06
1.827782782782782931e+02 -4.816099483885946770e-06
1.830780780780780788e+02 -4.823973596588340865e-06
1.833778778778778928e+02 -4.831847707394641543e-06
1.836776776776776785e+02 -4.839721816317218873e-06
1.839774774774774926e+02 -4.847595923368331964e-06
1.842772772772772782e+02 -4.855470028560127267e-06
1.845770770770770923e+02 -4.863344131904724978e-06
1.848768768768768780e+02 -4.871218233414058096e-06
1.851766766766766921e+02 -4.879092333100007952e-06
1.854764764764764777e+02 -4.886966430974352539e-06
1.857762762762762918e+02 -4.894840527048787690e-06
1.860760760760760775e+02 -4.902714621334888954e-06
1.863758758758758916e+02 -4.910588713844157347e-06
1.866756756756756772e+02 -4.918462804588004096e-06
1.869754754754754913e+02 -4.926336893577721844e-06
1.872752752752752770e+02 -4.934210980824560883e-06
1.875750750750750910e+02 -4.942085066339635132e-06
1.878748748748748767e+02 -4.949959150133986513e-06
1.881746746746746908e+02 -4.957833232218587490e-06
1.884744744744744764e+02 -4.965707312604308037e-06
1.887742742742742905e+02 -4.973581391301897003e-06
1.890740740740740762e+02 -4.981455468322096458e-06
1.893738738738738903e+02 -4.989329543675487540e-06
1.896736736736736759e+02 -4.997203617372615807e-06
1.899734734734734900e+02 -5.005077689423916706e-06
1.902732732732732757e+02 -5.012951759839772320e-06
1.905730730730730897e+02 -5.020825828630437677e-06
1.908728728728728754e+02 -5.028699895806136463e-06
1.911726726726726895e+02 -5.036573961376980560e-06
1.914724724724724751e+02 -5.044448025353021705e-06
1.917722722722722892e+02 -5.052322087744210844e-06
1.920720720720720749e+02 -5.060196148560437932e-06
1.923718718718718890e+02 -5.068070207811513304e-06
1.926716716716716746e+02 -5.075944265507169370e-06
1.929714714714714887e+02 -5.083818321657086869e-06
1.932712712712712744e+02 -5.091692376270811016e-06
1.935710710710710885e+02 -5.099566429357876012e-06
1.938708708708708741e+02 -5.107440480927701712e-06
1.941706706706706882e+02 -5.115314530989655453e-06
1.944704704704704739e+02 -5.123188579553027493e-06
1.947702702702702879e+02 -5.131062626627059807e-06
1.950700700700700736e+02 -5.138936672220869011e-06
1.953698698698698877e+02 -5.146810716343540381e-06
1.956696696696696733e+02 -5.154684759004093971e-06
1.959694694694694874e+02 -5.162558800211451579e-06
1.962692692692692731e+02 -5.170432839974496886e-06
1.965690690690690872e+02 -5.178306878302027176e-06
1.968688688688688728e+02 -5.186180915202787218e-06
1.971686686686686869e+02 -5.194054950685438770e-06
1.974684684684684726e+02 -5.201928984758607169e-06
1.977682682682682866e+02 -5.209803017430805096e-06
1.980680680680680723e+02 -5.217677048710516434e-06
1.983678678678678864e+02 -5.225551078606166618e-06
1.986676676676676720e+02 -5.233425107126070972e-06
1.989674674674674861e+02 -5.241299134278549899e-06
1.992672672672672718e+02 -5.249173160071802679e-06
1.995670670670670859e+02 -5.257047184513990475e-06
1.998668668668668715e+02 -5.264921207613236331e-06
2.001666666666666856e+02 -5.272795229377547252e-06
2.004664664664664713e+02 -5.280669249814926850e-06
2.007662662662662854e+02 -5.288543268933280485e-06
2.010660660660660710e+02 -5.296417286740482175e-06
2.013658658658658851e+02 -5.304291303244317000e-06
2.016656656656656708e+02 -5.312165318452536157e-06
2.019654654654654848e+02 -5.320039332372833248e-06
2.022652652652652705e+02 -5.327913345012829875e-06
2.025650650650650846e+02 -5.335787356380091736e-06
2.028648648648648702e+02 -5.343661366482152342e-06
2.031646646646646843e+02 -5.351535375326467277e-06
2.034644644644644700e+02 -5.359409382920451467e-06
2.037642642642642841e+02 -5.367283389271432596e-06
2.040640640640640697e+02 -5.375157394386732414e-06
2.043638638638638838e+02 -5.383031398273587126e-06
2.046636636636636695e+02 -5.390905400939189734e-06
2.049634634634634835e+02 -5.398779402390687503e-06
2.052632632632632692e+02 -5.406653402635153158e-06
2.055630630630630833e+02 -5.414527401679623001e-06
2.058628628628628690e+02 -5.422401399531104536e-06
2.061626626626626830e+02 -5.430275396196507011e-06
2.064624624624624687e+02 -5.438149391682726121e-06
2.067622622622622828e+02 -5.446023385996589798e-06
2.070620620620620684e+02 -5.453897379144882777e-06
2.073618618618618825e+02 -5.461771371134344052e-06
2.076616616616616682e+02 -5.469645361971660947e-06
2.079614614614614823e+02 -5.477519351663453026e-06
2.082612612612612679e+02 -5.485393340216345779e-06
2.085610610610610820e+02 -5.493267327636853738e-06
2.088608608608608677e+02 -5.501141313931490586e-06
2.091606606606606817e+02 -5.509015299106690384e-06
2.094604604604604674e+02 -5.516889283168866020e-06
2.097602602602602815e+02 -5.524763266124389723e-06
2.100600600600600671e+02 -5.532637247979532923e-06
2.103598598598598812e+02 -5.540511228740607711e-06
2.106596596596596669e+02 -5.548385208413810133e-06
2.109594594594594810e+02 -5.556259187005336235e-06
2.112592592592592666e+02 -5.564133164521305830e-06
2.115590590590590807e+02 -5.572007140967827719e-06
2.118588588588588664e+02 -5.579881116350940400e-06
2.121586586586586805e+02 -5.587755090676646796e-06
2.124584584584584661e+02 -5.595629063950916795e-06
2.127582582582582802e+02 -5.603503036179661840e-06
2.130580580580580659e+02 -5.611377007368773892e-06
2.133578578578578799e+02 -5.619250977524088162e-06
2.136576576576576656e+02 -5.627124946651402589e-06
2.139574574574574797e+02 -5.634998914756475303e-06
2.142572572572572653e+02 -5.642872881845020390e-06
2.145570570570570794e+02 -5.650746847922714663e-06
2.148568568568568651e+02 -5.658620812995195127e-06
2.151566566566566792e+02 -5.666494777068077610e-06
2.154564564564564648e+02 -5.674368740146893238e-06
2.157562562562562789e+02 -5.682242702237172289e-06
2.160560560560560646e+02 -5.690116663344400147e-06
2.163558558558558786e+02 -5.697990623474035094e-06
2.166556556556556643e+02 -5.705864582631457483e-06
2.169554554554554784e+02 -5.713738540822050207e-06
2.172552552552552640e+02 -5.721612498051150422e-06
2.175550550550550781e+02 -5.729486454324052084e-06
2.178548548548548638e+02 -5.737360409645995785e-06
2.181546546546546779e+02 -5.745234364022239906e-06
2.184544544544544635e+02 -5.753108317457945418e-06
2.187542542542542776e+02 -5.760982269958269059e-06
2.190540540540540633e+02 -5.768856221528331142e-06
2.193538538538538774e+02 -5.776730172173206242e-06
2.196536536536536630e+02 -5.784604121897961310e-06
2.199534534534534771e+02 -5.792478070707580287e-06
2.202532532532532628e+02 -5.800352018607064057e-06
2.205530530530530768e+02 -5.808225965601357597e-06
2.208528528528528625e+02 -5.816099911695344053e-06
2.211526526526526766e+02 -5.823973856893931133e-06
2.214524524524524622e+02 -5.831847801201964713e-06
2.217522522522522763e+02 -5.839721744624236458e-06
2.220520520520520620e+02 -5.847595687165547352e-06
2.223518518518518761e+02 -5.855469628830627225e-06
2.226516516516516617e+02 -5.863343569624199134e-06
2.229514514514514758e+02 -5.871217509550949713e-06
2.232512512512512615e+02 -5.879091448615526630e-06
2.235510510510510755e+02 -5.886965386822563156e-06
2.238508508508508612e+02 -5.894839324176617175e-06
2.241506506506506753e+02 -5.902713260682289771e-06
2.244504504504504609e+02 -5.910587196344093934e-06
2.247502502502502750e+02 -5.918461131166522329e-06
2.250500500500500607e+02 -5.926335065154053216e-06
2.253498498498498748e+02 -5.934208998311107263e-06
2.256496496496496604e+02 -5.942082930642128850e-06
2.259494494494494745e+02 -5.949956862151462410e-06
2.262492492492492602e+02 -5.957830792843497267e-06
2.265490490490490743e+02 -5.965704722722520256e-06
2.268488488488488599e+02 -5.973578651792838537e-06
2.271486486486486740e+02 -5.981452580058725394e-06
2.274484484484484597e+02 -5.989326507524424461e-06
2.277482482482482737e+02 -5.997200434194127703e-06
2.280480480480480594e+02 -6.005074360072030476e-06
2.283478478478478735e+02 -6.012948285162284087e-06
2.286476476476476591e+02 -6.020822209469011893e-06
2.289474474474474732e+02 -6.028696132996317769e-06
2.292472472472472589e+02 -6.036570055748288649e-06
2.295470470470470730e+02 -6.044443977728944550e-06
2.298468468468468586e+02 -6.052317898942330903e-06
2.301466466466466727e+02 -6.060191819392436385e-06
2.304464464464464584e+02 -6.068065739083222570e-06
2.307462462462462440e+02 -6.075939658018637478e-06
2.310460460460460581e+02 -6.083813576202607107e-06
2.313458458458458438e+02 -6.091687493639012561e-06
2.316456456456456579e+02 -6.099561410331737488e-06
2.319454454454454435e+02 -6.107435326284585064e-06
2.322452452452452576e+02 -6.115309241501419455e-06
2.325450450450450433e+02 -6.123183155986002332e-06
2.328448448448448573e+02 -6.131057069742118241e-06
2.331446446446446430e+02 -6.138930982773499207e-06
2.334444444444444571e+02 -6.146804895083880646e-06
2.337442442442442427e+02 -6.154678806676943764e-06
2.340440440440440568e+02 -6.162552717556368071e-06
2.343438438438438425e+02 -6.170426627725811056e-06
2.346436436436436566e+02 -6.178300537188879385e-06
2.349434434434434422e+02 -6.186174445949189888e-06
2.352432432432432563e+02 -6.194048354010317045e-06
2.355430430430430420e+02 -6.201922261375818394e-06
2.358428428428428560e+02 -6.209796168049236227e-06
2.361426426426426417e+02 -6.217670074034073872e-06
2.364424424424424558e+02 -6.225543979333826187e-06
2.367422422422422414e+02 -6.233417883951949067e-06
2.370420420420420555e+02 -6.241291787891896711e-06
2.373418418418418412e+02 -6.249165691157106380e-06
2.376416416416416553e+02 -6.257039593750957735e-06
2.379414414414414409e+02 -6.264913495676841449e-06
2.382412412412412550e+02 -6.272787396938122784e-06
2.385410410410410407e+02 -6.280661297538134814e-06
2.388408408408408548e+02 -6.288535197480196215e-06
2.391406406406406404e+02 -6.296409096767597709e-06
2.394404404404404545e+02 -6.304282995403630020e-06
2.397402402402402402e+02 -6.312156893391534742e-06
2.400400400400400542e+02 -6.320030790734556012e-06
2.403398398398398399e+02 -6.327904687435904085e-06
2.406396396396396540e+02 -6.335778583498782439e-06
2.409394394394394396e+02 -6.343652478926356437e-06
2.412392392392392537e+02 -6.351526373721784664e-06
2.415390390390390394e+02 -6.359400267888213847e-06
2.418388388388388535e+02 -6.367274161428745822e-06
2.421386386386386391e+02 -6.375148054346487505e-06
2.424384384384384532e+02 -6.383021946644505155e-06
2.427382382382382389e+02 -6.390895838325870962e-06
2.430380380380380529e+02 -6.398769729393627466e-06
2.433378378378378386e+02 -6.406643619850790954e-06
2.436376376376376527e+02 -6.414517509700363308e-06
2.439374374374374383e+02 -6.422391398945328627e-06
2.442372372372372524e+02 -6.430265287588648985e-06
2.445370370370370381e+02 -6.438139175633284761e-06
2.448368368368368522e+02 -6.446013063082153138e-06
2.451366366366366378e+02 -6.453886949938186543e-06
2.454364364364364519e+02 -6.461760836204258960e-06
2.457362362362362376e+02 -6.469634721883251146e-06
2.460360360360360517e+02 -6.477508606978041321e-06
2.463358358358358373e+02 -6.485382491491445021e-06
2.466356356356356514e+02 -6.493256375426296419e-06
2.469354354354354371e+02 -6.501130258785407665e-06
2.472352352352352511e+02 -6.509004141571564649e-06
2.475350350350350368e+02 -6.516878023787549875e-06
2.478348348348348509e+02 -6.524751905436106883e-06
2.481346346346346365e+02 -6.532625786519993611e-06
2.484344344344344506e+02 -6.540499667041907013e-06
2.487342342342342363e+02 -6.548373547004577924e-06
2.490340340340340504e+02 -6.556247426410700754e-06
2.493338338338338360e+02 -6.564121305262923329e-06
2.496336336336336501e+02 -6.571995183563935825e-06
2.499334334334334358e+02 -6.579869061316352187e-06
2.502332332332332498e+02 -6.587742938522823626e-06
2.505330330330330355e+02 -6.595616815185945453e-06
2.508328328328328496e+02 -6.603490691308328223e-06
2.511326326326326353e+02 -6.611364566892538445e-06
2.514324324324324493e+02 -6.619238441941144324e-06
2.517322322322322350e+02 -6.627112316456703898e-06
2.520320320320320491e+02 -6.634986190441739633e-06
2.523318318318318347e+02 -6.642860063898782462e-06
2.526316316316316488e+02 -6.650733936830329439e-06
2.529314314314314345e+02 -6.658607809238870841e-06
2.532312312312312486e+02 -6.666481681126883391e-06
2.535310310310310342e+02 -6.674355552496826874e-06
2.538308308308308483e+02 -6.682229423351155990e-06
2.541306306306306340e+02 -6.690103293692277162e-06
2.544304304304304480e+02 -6.697977163522642548e-06
2.547302302302302337e+02 -6.705851032844624689e-06
2.550300300300300478e+02 -6.713724901660624075e-06
2.553298298298298334e+02 -6.721598769973016635e-06
2.556296296296296475e+02 -6.729472637784163895e-06
2.559294294294294332e+02 -6.737346505096414679e-06
2.562292292292292473e+02 -6.745220371912099174e-06
2.565290290290290613e+02 -6.753094238233529779e-06
2.568288288288288186e+02 -6.760968104063024825e-06
2.571286286286286327e+02 -6.768841969402862829e-06
2.574284284284284468e+02 -6.776715834255340098e-06
2.577282282282282608e+02 -6.784589698622721599e-06
2.580280280280280181e+02 -6.792463562507243497e-06
2.583278278278278322e+02 -6.800337425911159748e-06
2.586276276276276462e+02 -6.808211288836695508e-06
2.589274274274274603e+02 -6.816085151286057297e-06
2.592272272272272176e+02 -6.823959013261463494e-06
2.595270270270270316e+02 -6.831832874765074880e-06
2.598268268268268457e+02 -6.839706735799094589e-06
2.601266266266266598e+02 -6.847580596365680860e-06
2.604264264264264170e+02 -6.855454456466961440e-06
2.607262262262262311e+02 -6.863328316105095416e-06
2.610260260260260452e+02 -6.871202175282213075e-06
2.613258258258258593e+02 -6.879076034000425224e-06
2.616256256256256165e+02 -6.886949892261822341e-06
2.619254254254254306e+02 -6.894823750068509301e-06
2.622252252252252447e+02 -6.902697607422550325e-06
2.625250250250250588e+02 -6.910571464326015560e-06
2.628248248248248160e+02 -6.918445320780970074e-06
2.631246246246246301e+02 -6.926319176789450980e-06
2.634244244244244442e+02 -6.934193032353483534e-06
2.637242242242242583e+02 -6.942066887475087910e-06
2.640240240240240155e+02 -6.949940742156276659e-06
2.643238238238238296e+02 -6.957814596399045388e-06
2.646236236236236437e+02 -6.965688450205388015e-06
2.649234234234234577e+02 -6.973562303577258645e-06
2.652232232232232150e+02 -6.981436156516641874e-06
2.655230230230230291e+02 -6.989310009025476563e-06
2.658228228228228431e+02 -6.997183861105701568e-06
2.661226226226226572e+02 -7.005057712759257444e-06
2.664224224224224145e+02 -7.012931563988054248e-06
2.667222222222222285e+02 -7.020805414794008818e-06
2.670220220220220426e+02 -7.028679265179017658e-06
2.673218218218218567e+02 -7.036553115144953560e-06
2.676216216216216139e+02 -7.044426964693718959e-06
2.679214214214214280e+02 -7.052300813827151069e-06
2.682212212212212421e+02 -7.060174662547127764e-06
2.685210210210210562e+02 -7.068048510855484562e-06
2.688208208208208134e+02 -7.075922358754058679e-06
2.691206206206206275e+02 -7.083796206244675471e-06
2.694204204204204416e+02 -7.091670053329141658e-06
2.697202202202202557e+02 -7.099543900009280904e-06
2.700200200200200129e+02 -7.107417746286862658e-06
2.703198198198198270e+02 -7.115291592163691103e-06
2.706196196196196411e+02 -7.123165437641531454e-06
2.709194194194194552e+02 -7.131039282722152317e-06
2.712192192192192124e+02 -7.138913127407305354e-06
2.715190190190190265e+02 -7.146786971698738844e-06
2.718188188188188406e+02 -7.154660815598192590e-06
2.721186186186186546e+02 -7.162534659107387764e-06
2.724184184184184119e+02 -7.170408502228037067e-06
2.727182182182182260e+02 -7.178282344961851505e-06
2.730180180180180400e+02 -7.186156187310540391e-06
2.733178178178178541e+02 -7.194030029275772379e-06
2.736176176176176114e+02 -7.201903870859243230e-06
2.739174174174174254e+02 -7.209777712062614822e-06
2.742172172172172395e+02 -7.217651552887547340e-06
2.745170170170170536e+02 -7.225525393335695039e-06
2.748168168168168108e+02 -7.233399233408703704e-06
2.751166166166166249e+02 -7.241273073108206414e-06
2.754164164164164390e+02 -7.249146912435828627e-06
2.757162162162162531e+02 -7.257020751393183092e-06
2.760160160160160103e+02 -7.264894589981880020e-06
2.763158158158158244e+02 -7.272768428203517760e-06
2.766156156156156385e+02 -7.280642266059687889e-06
2.769154154154154526e+02 -7.288516103551970970e-06
2.772152152152152098e+02 -7.296389940681941637e-06
2.775150150150150239e+02 -7.304263777451160972e-06
2.778148148148148380e+02 -7.312137613861189209e-06
2.781146146146146521e+02 -7.320011449913570490e-06
2.784144144144144093e+02 -7.327885285609846414e-06
2.787142142142142234e+02 -7.335759120951551805e-06
2.790140140140140375e+02 -7.343632955940194383e-06
2.793138138138138515e+02 -7.351506790577314051e-06
2.796136136136136088e+02 -7.359380624864390579e-06
2.799134134134134229e+02 -7.367254458802945235e-06
2.802132132132132369e+02 -7.375128292394455247e-06
2.805130130130130510e+02 -7.383002125640413932e-06
2.808128128128128083e+02 -7.390875958542277342e-06
2.811126126126126223e+02 -7.398749791101526935e-06
2.814124124124124364e+02 -7.406623623319619609e-06
2.817122122122122505e+02 -7.414497455198010567e-06
2.820120120120120077e+02 -7.422371286738137224e-06
2.823118118118118218e+02 -7.430245117941432758e-06
2.826116116116116359e+02 -7.438118948809333739e-06
2.829114114114114500e+02 -7.445992779343258099e-06
2.832112112112112072e+02 -7.453866609544609371e-06
2.835110110110110213e+02 -7.461740439414808031e-06
2.838108108108108354e+02 -7.469614268955245753e-06
2.841106106106106495e+02 -7.477488098167320989e-06
2.844104104104104067e+02 -7.485361927052397461e-06
2.847102102102102208e+02 -7.493235755611874468e-06
2.850100100100100349e+02 -7.501109583847106416e-06
2.853098098098098490e+02 -7.508983411759466346e-06
2.856096096096096062e+02 -7.516857239350295109e-06
2.859094094094094203e+02 -7.524731066620953042e-06
2.862092092092092344e+02 -7.532604893572771680e-06
2.865090090090090484e+02 -7.540478720207095264e-06
2.868088088088088057e+02 -7.548352546525236695e-06
2.871086086086086198e+02 -7.556226372528523275e-06
2.874084084084084338e+02 -7.564100198218277221e-06
2.877082082082082479e+02 -7.571974023595791952e-06
2.880080080080080052e+02 -7.579847848662356654e-06
2.883078078078078192e+02 -7.587721673419293544e-06
2.886076076076076333e+02 -7.595595497867863854e-06
2.889074074074074474e+02 -7.603469322009360157e-06
2.892072072072072046e+02 -7.611343145845045379e-06
2.895070070070070187e+02 -7.619216969376184140e-06
2.898068068068068328e+02 -7.627090792604052918e-06
2.901066066066066469e+02 -7.634964615529888382e-06
2.904064064064064041e+02 -7.642838438154939059e-06
2.907062062062062182e+02 -7.650712260480448392e-06
2.910060060060060323e+02 -7.658586082507646273e-06
2.913058058058058464e+02 -7.666459904237764289e-06
2.916056056056056036e+02 -7.674333725672020473e-06
2.919054054054054177e+02 -7.682207546811637940e-06
2.922052052052052318e+02 -7.690081367657812701e-06
2.925050050050050459e+02 -7.697955188211745849e-06
2.928048048048048031e+02 -7.705829008474650334e-06
2.931046046046046172e+02 -7.713702828447698451e-06
2.934044044044044313e+02 -7.721576648132089598e-06
2.937042042042042453e+02 -7.729450467528987598e-06
2.940040040040040026e+02 -7.737324286639569827e-06
2.943038038038038167e+02 -7.745198105465001803e-06
2.946036036036036307e+02 -7.753071924006443960e-06
2.949034034034034448e+02 -7.760945742265056734e-06
2.952032032032032021e+02 -7.768819560241976843e-06
2.955030030030030161e+02 -7.776693377938351170e-06
2.958028028028028302e+02 -7.784567195355319820e-06
2.961026026026026443e+02 -7.792441012494007654e-06
2.964024024024024015e+02 -7.800314829355549696e-06
2.967022022022022156e+02 -7.808188645941048782e-06
2.970020020020020297e+02 -7.816062462251636549e-06
2.973018018018018438e+02 -7.823936278288417528e-06
2.976016016016016010e+02 -7.831810094052482697e-06
2.979014014014014151e+02 -7.839683909544943363e-06
2.982012012012012292e+02 -7.847557724766880341e-06
2.985010010010010433e+02 -7.855431539719382914e-06
2.988008008008008005e+02 -7.863305354403531897e-06
2.991006006006006146e+02 -7.871179168820411493e-06
2.994004004004004287e+02 -7.879052982971075409e-06
2.997002002002002428e+02 -7.886926796856612930e-06
3.000000000000000000e+02 -7.894800610478040496e-06
