5.000000000000000000e-01 -1.762691664832807025e-05
7.997997997997998709e-01 -6.807181951426157610e-06
1.099599599599599742e+00 -3.513709668975188022e-06
1.399399399399399391e+00 -2.078460132906245097e-06
1.699199199199199262e+00 -1.316546094585715381e-06
1.998998998998999133e+00 -8.565792970612448782e-07
2.298798798798798781e+00 -5.519782116328020283e-07
2.598598598598598652e+00 -3.354350378560091018e-07
2.898398398398398523e+00 -1.725243764526916278e-07
3.198198198198198394e+00 -4.415290167368476600e-08
3.497997997997998265e+00 6.096059530312283588e-08
3.797797797797798136e+00 1.498290696195005449e-07
4.097597597597597563e+00 2.269980623555713738e-07
4.397397397397397434e+00 2.955186222130016475e-07
4.697197197197197305e+00 3.575003883017882004e-07
4.996996996996997176e+00 4.144398096963657898e-07
5.296796796796797047e+00 4.674222223455914537e-07
5.596596596596596918e+00 5.172502926344223868e-07
5.896396396396396788e+00 5.645279698029444368e-07
6.196196196196196659e+00 6.097167323047560886e-07
6.495995995995996530e+00 6.531740836562820336e-07
6.795795795795796401e+00 6.951804577899389813e-07
7.095595595595596272e+00 7.359583257605904218e-07
7.395395395395396143e+00 7.756859993451521333e-07
7.695195195195195126e+00 8.145077475671095609e-07
7.994994994994994997e+00 8.525413083971926115e-07
8.294794794794794868e+00 8.898835342494718824e-07
8.594594594594594739e+00 9.266146733582169247e-07
8.894394394394394610e+00 9.628017308310109429e-07
9.194194194194194480e+00 9.985008979177322717e-07
9.493993993993994351e+00 1.033759681666980763e-06
9.793793793793794222e+00 1.068618420723425994e-06
1.009359359359359409e+01 1.103111552704783135e-06
1.039339339339339396e+01 1.137268621579992780e-06
1.069319319319319384e+01 1.171115089164968660e-06
1.099299299299299371e+01 1.204672992594338403e-06
1.129279279279279358e+01 1.237961482312453174e-06
1.159259259259259345e+01 1.270997246155675922e-06
1.189239239239239332e+01 1.303794981105868550e-06
1.219219219219219319e+01 1.336367468521766123e-06
1.249199199199199306e+01 1.368726062066937636e-06
1.279179179179179293e+01 1.400880778566327868e-06
1.309159159159159280e+01 1.432840501590973539e-06
1.339139139139139267e+01 1.464613132006312211e-06
1.369119119119119254e+01 1.496205714429246167e-06
1.399099099099099242e+01 1.527624546008800980e-06
1.429079079079079229e+01 1.558875275765355048e-06
1.459059059059059216e+01 1.589962970335800446e-06
1.489039039039039025e+01 1.620892196592116770e-06
1.519019019019019012e+01 1.651667074513848719e-06
1.548998998998998999e+01 1.682291328476398287e-06
1.578978978978978986e+01 1.712768333062439184e-06
1.608958958958958974e+01 1.743101151845703877e-06
1.638938938938938961e+01 1.773292569981961981e-06
1.668918918918918948e+01 1.803345112395944190e-06
1.698898898898898935e+01 1.833261133450731880e-06
1.728878878878878922e+01 1.863042711252444855e-06
1.758858858858858909e+01 1.892691796409696277e-06
1.788838838838838896e+01 1.922210166211143104e-06
1.818818818818818883e+01 1.951599451874109096e-06
1.848798798798798870e+01 1.980861153831576255e-06
1.878778778778778857e+01 2.009996654192457914e-06
1.908758758758758844e+01 2.039007226570857049e-06
1.938738738738738832e+01 2.067894045994830488e-06
1.968718718718718819e+01 2.096658204134846989e-06
1.998698698698698806e+01 2.125300703234550532e-06
2.028678678678678793e+01 2.153822477240879797e-06
2.058658658658658780e+01 2.182224391839270852e-06
2.088638638638638767e+01 2.210507250217477499e-06
2.118618618618618754e+01 2.238671799535578227e-06
2.148598598598598741e+01 2.266718735618847064e-06
2.178578578578578728e+01 2.294648705928220193e-06
2.208558558558558715e+01 2.322462313403409796e-06
2.238538538538538702e+01 2.350160126316614513e-06
2.268518518518518690e+01 2.377742643229805876e-06
2.298498498498498677e+01 2.405210430874881909e-06
2.328478478478478664e+01 2.432563878420788026e-06
2.358458458458458651e+01 2.459803441847907752e-06
2.388438438438438638e+01 2.486929526408793794e-06
2.418418418418418625e+01 2.513942512819390693e-06
2.448398398398398612e+01 2.540842757807629268e-06
2.478378378378378599e+01 2.567630584319235466e-06
2.508358358358358586e+01 2.594306346733456657e-06
2.538338338338338573e+01 2.620870303623091971e-06
2.568318318318318561e+01 2.647322747689525983e-06
2.598298298298298548e+01 2.673663943264207877e-06
2.628278278278278535e+01 2.699894138864639262e-06
2.658258258258258522e+01 2.726013569474903652e-06
2.688238238238238509e+01 2.752022457474617668e-06
2.718218218218218496e+01 2.777921012222101039e-06
2.748198198198198483e+01 2.803709430847218078e-06
2.778178178178178470e+01 2.829387905352805346e-06
2.808158158158158457e+01 2.854956609281268537e-06
2.838138138138138444e+01 2.880415712354776167e-06
2.868118118118118431e+01 2.905765374689070786e-06
2.898098098098098419e+01 2.931005747333952232e-06
2.928078078078078050e+01 2.956136974049482005e-06
2.958058058058058037e+01 2.981159191772523930e-06
2.988038038038038025e+01 3.006072529777093952e-06
3.018018018018018012e+01 3.030877110078401625e-06
3.047997997997997999e+01 3.055573054178622200e-06
3.077977977977977986e+01 3.080160469404927728e-06
3.107957957957957973e+01 3.104639463249780272e-06
3.137937937937937960e+01 3.129010137306694383e-06
3.167917917917917947e+01 3.153272587555749890e-06
3.197897897897897934e+01 3.177426905904175418e-06
3.227877877877877921e+01 3.201473180435706424e-06
3.257857857857857908e+01 3.225411494370271183e-06
3.287837837837837895e+01 3.249241914817210987e-06
3.317817817817817883e+01 3.272964556676618822e-06
3.347797797797797870e+01 3.296579454164416004e-06
3.377777777777777857e+01 3.320086471814533494e-06
3.407757757757757844e+01 3.343486330176904960e-06
3.437737737737737831e+01 3.366778438990813006e-06
3.467717717717717818e+01 3.389963077059128346e-06
3.497697697697697805e+01 3.413040303163091491e-06
3.527677677677677792e+01 3.436010172765671895e-06
3.557657657657657779e+01 3.458872738135689630e-06
3.587637637637637766e+01 3.481628054834842618e-06
3.617617617617617753e+01 3.504276167814338430e-06
3.647597597597597741e+01 3.526817125532494911e-06
3.677577577577577728e+01 3.549250973683049040e-06
3.707557557557557715e+01 3.571577755287681736e-06
3.737537537537537702e+01 3.593797512057134577e-06
3.767517517517517689e+01 3.615910284474174135e-06
3.797497497497497676e+01 3.637916110597190129e-06
3.827477477477477663e+01 3.659815026134117682e-06
3.857457457457457650e+01 3.681607070882117114e-06
3.887437437437437637e+01 3.703292274779540839e-06
3.917417417417417624e+01 3.724870671982286878e-06
3.947397397397397611e+01 3.746342294553217895e-06
3.977377377377377599e+01 3.767707172517966277e-06
4.007357357357357586e+01 3.788965335192100076e-06
4.037337337337337573e+01 3.810116811231569755e-06
4.067317317317317560e+01 3.831161627406366262e-06
4.097297297297297547e+01 3.852099797179542121e-06
4.127277277277277534e+01 3.872931384452234421e-06
4.157257257257257521e+01 3.893656374926537175e-06
4.187237237237237508e+01 3.914274804822378809e-06
4.217217217217217495e+01 3.934786697212358281e-06
4.247197197197197482e+01 3.955192073523228548e-06
4.277177177177177470e+01 3.975490954843366458e-06
4.307157157157157457e+01 3.995683361954520388e-06
4.337137137137137444e+01 4.015769314087911027e-06
4.367117117117117431e+01 4.035748828953097407e-06
4.397097097097097418e+01 4.055621929135618450e-06
4.427077077077077405e+01 4.075388628108451365e-06
4.457057057057057392e+01 4.095048944271613244e-06
4.487037037037037379e+01 4.114602870398277426e-06
4.517017017017017366e+01 4.134050494693850568e-06
4.546996996996997353e+01 4.153391760018635236e-06
4.576976976976977340e+01 4.172626705981521736e-06
4.606956956956957328e+01 4.191755346648953288e-06
4.636936936936937315e+01 4.210777694771109324e-06
4.666916916916917302e+01 4.229693768170163600e-06
4.696896896896897289e+01 4.248503575742625983e-06
4.726876876876877276e+01 4.267207131490517754e-06
4.756856856856857263e+01 4.285804448166700899e-06
4.786836836836837250e+01 4.304295537289761322e-06
4.816816816816817237e+01 4.322680410432583125e-06
4.846796796796797224e+01 4.340959079235879117e-06
4.876776776776777211e+01 4.359131554147268765e-06
4.906756756756757198e+01 4.377197832967154889e-06
4.936736736736737186e+01 4.395157964565145733e-06
4.966716716716717173e+01 4.413011920208323490e-06
4.996696696696697160e+01 4.430759722255700826e-06
5.026676676676677147e+01 4.448401380464121512e-06
5.056656656656657134e+01 4.465936903465193481e-06
5.086636636636637121e+01 4.483366300049168856e-06
5.116616616616617108e+01 4.500689579174180842e-06
5.146596596596597095e+01 4.517906748701238986e-06
5.176576576576577082e+01 4.535017815402655457e-06
5.206556556556557069e+01 4.552022791340952764e-06
5.236536536536537056e+01 4.568921679861515485e-06
5.266516516516517044e+01 4.585714489615331668e-06
5.296496496496497031e+01 4.602401228195868726e-06
5.326476476476477018e+01 4.618981902146014024e-06
5.356456456456457005e+01 4.635456518238932695e-06
5.386436436436436992e+01 4.651825083484522873e-06
5.416416416416416979e+01 4.668087603861511559e-06
5.446396396396396966e+01 4.684244084323526154e-06
5.476376376376376953e+01 4.700294535175394156e-06
5.506356356356356940e+01 4.716238958063280901e-06
5.536336336336336927e+01 4.732077359995491255e-06
5.566316316316316914e+01 4.747809746976909442e-06
5.596296296296296902e+01 4.763436099805505225e-06
5.626276276276276889e+01 4.778956496393276611e-06
5.656256256256256876e+01 4.794370869686836457e-06
5.686236236236236863e+01 4.809679248481621224e-06
5.716216216216216850e+01 4.824881624916988132e-06
5.746196196196196837e+01 4.839978042395277246e-06
5.776176176176176824e+01 4.854968466898506991e-06
5.806156156156156101e+01 4.869852915679401885e-06
5.836136136136136088e+01 4.884631393558541628e-06
5.866116116116116075e+01 4.899303904395033737e-06
5.896096096096096062e+01 4.913870452364070477e-06
5.926076076076076049e+01 4.928331041960238210e-06
5.956056056056056036e+01 4.942685676726488560e-06
5.986036036036036023e+01 4.956934359257269046e-06
6.016016016016016010e+01 4.971077097572150394e-06
6.045995995995995997e+01 4.985113891103195316e-06
6.075975975975975985e+01 4.999044744713109004e-06
6.105955955955955972e+01 5.012869662327378405e-06
6.135935935935935959e+01 5.026588646936681193e-06
6.165915915915915946e+01 5.040201701873621911e-06
6.195895895895895933e+01 5.053708830815096045e-06
6.225875875875875920e+01 5.067110036510468357e-06
6.255855855855855907e+01 5.080405320783783640e-06
6.285835835835835894e+01 5.093594690906686762e-06
6.315815815815815881e+01 5.106678145584898676e-06
6.345795795795795868e+01 5.119655688975884090e-06
6.375775775775775855e+01 5.132527324320038696e-06
6.405755755755755843e+01 5.145293053942588212e-06
6.435735735735735830e+01 5.157952880529595239e-06
6.465715715715715817e+01 5.170506807129697373e-06
6.495695695695695804e+01 5.182954835881675677e-06
6.525675675675675791e+01 5.195296956548812568e-06
6.555655655655655778e+01 5.207533210227993836e-06
6.585635635635635765e+01 5.219663560662017372e-06
6.615615615615615752e+01 5.231688022930364249e-06
6.645595595595595739e+01 5.243606599743126548e-06
6.675575575575575726e+01 5.255419292909754683e-06
6.705555555555555713e+01 5.267125886733808387e-06
6.735535535535535701e+01 5.278727037418123090e-06
6.765515515515515688e+01 5.290222092984330918e-06
6.795495495495495675e+01 5.301611272081712851e-06
6.825475475475475662e+01 5.312894580955313213e-06
6.855455455455455649e+01 5.324072017312268026e-06
6.885435435435435636e+01 5.335143584338590077e-06
6.915415415415415623e+01 5.346109284329513342e-06
6.945395395395395610e+01 5.356969118690550084e-06
6.975375375375375597e+01 5.367723089212679472e-06
7.005355355355355584e+01 5.378371198073352163e-06
7.035335335335335571e+01 5.388913446563363359e-06
7.065315315315315559e+01 5.399349835087682900e-06
7.095295295295295546e+01 5.409680369537315668e-06
7.125275275275275533e+01 5.419905047274308838e-06
7.155255255255255520e+01 5.430023871148435305e-06
7.185235235235235507e+01 5.440036843127259431e-06
7.215215215215215494e+01 5.449943964296880743e-06
7.245195195195195481e+01 5.459745236136965849e-06
7.275175175175175468e+01 5.469440660521439621e-06
7.305155155155155455e+01 5.479030238445150725e-06
7.335135135135135442e+01 5.488513958557008093e-06
7.365115115115115429e+01 5.497891860869134607e-06
7.395095095095095417e+01 5.507163908066586448e-06
7.425075075075075404e+01 5.516330114198940716e-06
7.455055055055055391e+01 5.525390480972591024e-06
7.485035035035035378e+01 5.534345009218880728e-06
7.515015015015015365e+01 5.543193700168832456e-06
7.544994994994995352e+01 5.551936555453857922e-06
7.574974974974975339e+01 5.560573575832006721e-06
7.604954954954955326e+01 5.569104761188676144e-06
7.634934934934935313e+01 5.577530116907940486e-06
7.664914914914915300e+01 5.585849639857186458e-06
7.694894894894895288e+01 5.594063332403584004e-06
7.724874874874875275e+01 5.602171196043639595e-06
7.754854854854855262e+01 5.610173231403770518e-06
7.784834834834835249e+01 5.618069439514908195e-06
7.814814814814815236e+01 5.625859797603635870e-06
7.844794794794795223e+01 5.633544378865138467e-06
7.874774774774775210e+01 5.641123110370314603e-06
7.904754754754755197e+01 5.648596021530404701e-06
7.934734734734735184e+01 5.655963109034813523e-06
7.964714714714715171e+01 5.663224375076743150e-06
7.994694694694695158e+01 5.670379820982830982e-06
8.024674674674675146e+01 5.677429447213348796e-06
8.054654654654655133e+01 5.684373254636937347e-06
8.084634634634635120e+01 5.691211244530847782e-06
8.114614614614615107e+01 5.697943417307160783e-06
8.144594594594595094e+01 5.704569761045547801e-06
8.174574574574575081e+01 5.711090315202504362e-06
8.204554554554555068e+01 5.717505041919626073e-06
8.234534534534535055e+01 5.723813954716044122e-06
8.264514514514515042e+01 5.730017054779727300e-06
8.294494494494495029e+01 5.736114342435416180e-06
8.324474474474475016e+01 5.742105818419136653e-06
8.354454454454455004e+01 5.747991483878433711e-06
8.384434434434434991e+01 5.753771339098508428e-06
8.414414414414414978e+01 5.759445383502499180e-06
8.444394394394394965e+01 5.765013622022619526e-06
8.474374374374374952e+01 5.770476051084456499e-06
8.504354354354354939e+01 5.775832672623207637e-06
8.534334334334334926e+01 5.781083487713039467e-06
8.564314314314314913e+01 5.786228496567306036e-06
8.594294294294294900e+01 5.791267699812975202e-06
8.624274274274274887e+01 5.796201098490886980e-06
8.654254254254254874e+01 5.801028692781755002e-06
8.684234234234234862e+01 5.805750482006393523e-06
8.714214214214214849e+01 5.810366470996901889e-06
8.744194194194194836e+01 5.814876656080785800e-06
8.774174174174174823e+01 5.819281039097212129e-06
8.804154154154154810e+01 5.823579621026307262e-06
8.834134134134134797e+01 5.827772401989299403e-06
8.864114114114114784e+01 5.831859382522964341e-06
8.894094094094094771e+01 5.835840563579770297e-06
8.924074074074074758e+01 5.839715921044298781e-06
8.954054054054054745e+01 5.843485515313577645e-06
8.984034034034034732e+01 5.847149312910980166e-06
9.014014014014014720e+01 5.850707299889121227e-06
9.043993993993994707e+01 5.854159489475077597e-06
9.073973973973974694e+01 5.857505882570803840e-06
9.103953953953954681e+01 5.860746479220957226e-06
9.133933933933934668e+01 5.863881279887208828e-06
9.163913913913914655e+01 5.866910285448445115e-06
9.193893893893894642e+01 5.869833495926683861e-06
9.223873873873874629e+01 5.872650910487253718e-06
9.253853853853854616e+01 5.875362533809845700e-06
9.283833833833834603e+01 5.877968362072598022e-06
9.313813813813814591e+01 5.880468396968297558e-06
9.343793793793794578e+01 5.882862639333561292e-06
9.373773773773774565e+01 5.885151089148967605e-06
9.403753753753754552e+01 5.887333746813402100e-06
9.433733733733734539e+01 5.889410613144116046e-06
9.463713713713714526e+01 5.891381688102716826e-06
9.493693693693694513e+01 5.893246970795253493e-06
9.523673673673674500e+01 5.895006465843303824e-06
9.553653653653654487e+01 5.896660169367957518e-06
9.583633633633634474e+01 5.898208083006068475e-06
9.613613613613614461e+01 5.899650207539357475e-06
9.643593593593594449e+01 5.900986542894590894e-06
9.673573573573574436e+01 5.902217089417765599e-06
9.703553553553554423e+01 5.903341847874315617e-06
9.733533533533534410e+01 5.904360818174968758e-06
9.763513513513514397e+01 5.905273987908090260e-06
9.793493493493494384e+01 5.906081396049501391e-06
9.823473473473474371e+01 5.906783004268958902e-06
9.853453453453454358e+01 5.907378825623847522e-06
9.883433433433434345e+01 5.907868860849568880e-06
9.913413413413414332e+01 5.908253109827364720e-06
9.943393393393394319e+01 5.908531572858607672e-06
9.973373373373374307e+01 5.908704250664881716e-06
1.000335335335335429e+02 5.908771143113865904e-06
1.003333333333333428e+02 5.908730288232348373e-06
1.006331331331331427e+02 5.908587573512602510e-06
1.009329329329329425e+02 5.908337112025666565e-06
1.012327327327327424e+02 5.907980866308235989e-06
1.015325325325325423e+02 5.907518837056391448e-06
1.018323323323323422e+02 5.906951024112788101e-06
1.021321321321321420e+02 5.906277427740882840e-06
1.024319319319319419e+02 5.905498048625002054e-06
1.027317317317317418e+02 5.904612886596257538e-06
1.030315315315315416e+02 5.903621940632543105e-06
1.033313313313313415e+02 5.902525215229648752e-06
1.036311311311311414e+02 5.901322706385121034e-06
1.039309309309309413e+02 5.900014415614500099e-06
1.042307307307307411e+02 5.898600343580394412e-06
1.045305305305305410e+02 5.897080490092541737e-06
1.048303303303303409e+02 5.895454855382059249e-06
1.051301301301301407e+02 5.893723440101531624e-06
1.054299299299299406e+02 5.891886244050807518e-06
1.057297297297297405e+02 5.889943254709327119e-06
1.060295295295295404e+02 5.887894510946073736e-06
1.063293293293293402e+02 5.885739974325582299e-06
1.066291291291291401e+02 5.883479657802032501e-06
1.069289289289289400e+02 5.881113562009390388e-06
1.072287287287287398e+02 5.878641686729240044e-06
1.075285285285285397e+02 5.876064032164998972e-06
1.078283283283283396e+02 5.873380598942032444e-06
1.081281281281281395e+02 5.870591386833437274e-06
1.084279279279279393e+02 5.867696394760120592e-06
1.087277277277277392e+02 5.864695627161835238e-06
1.090275275275275391e+02 5.861589079981025732e-06
1.093273273273273389e+02 5.858376754679065312e-06
1.096271271271271388e+02 5.855058651865331503e-06
1.099269269269269387e+02 5.851634771297179012e-06
1.102267267267267385e+02 5.848105113154260987e-06
1.105265265265265384e+02 5.844469678038510379e-06
1.108263263263263383e+02 5.840728465700001647e-06
1.111261261261261382e+02 5.836881475036999884e-06
1.114259259259259380e+02 5.832928686257138627e-06
1.117257257257257379e+02 5.828870167910442779e-06
1.120255255255255378e+02 5.824705848807238006e-06
1.123253253253253376e+02 5.820435753745500582e-06
1.126251251251251375e+02 5.816059882461733803e-06
1.129249249249249374e+02 5.811578235115042646e-06
1.132247247247247373e+02 5.806990812287159172e-06
1.135245245245245371e+02 5.802297613708269508e-06
1.138243243243243370e+02 5.797498626789249913e-06
1.141241241241241369e+02 5.792593890331799634e-06
1.144239239239239367e+02 5.787583365834001324e-06
1.147237237237237366e+02 5.782467066184868198e-06
1.150235235235235365e+02 5.777244991954186614e-06
1.153233233233233364e+02 5.771917142860392656e-06
1.156231231231231220e+02 5.766483519044805301e-06
1.159229229229229219e+02 5.760944121071658605e-06
1.162227227227227218e+02 5.755298948653914280e-06
1.165225225225225216e+02 5.749548000653301499e-06
1.168223223223223215e+02 5.743691281451344667e-06
1.171221221221221214e+02 5.737728786933183985e-06
1.174219219219219212e+02 5.731660518503793849e-06
1.177217217217217211e+02 5.725486476717043175e-06
1.180215215215215210e+02 5.719206661275671679e-06
1.183213213213213209e+02 5.712821072305558622e-06
1.186211211211211207e+02 5.706329710355706713e-06
1.189209209209209206e+02 5.699732575124111438e-06
1.192207207207207205e+02 5.693029665457744963e-06
1.195205205205205203e+02 5.686220985723603384e-06
1.198203203203203202e+02 5.679306531792515433e-06
1.201201201201201201e+02 5.672286305055370195e-06
1.204199199199199199e+02 5.665160306052143552e-06
1.207197197197197198e+02 5.657928534471920202e-06
1.210195195195195197e+02 5.650590990427092946e-06
1.213193193193193196e+02 5.643147674453425369e-06
1.216191191191191194e+02 5.635598586235833076e-06
1.219189189189189193e+02 5.627943713140551146e-06
1.222187187187187192e+02 5.620183093925475366e-06
1.225185185185185190e+02 5.612316665835448320e-06
1.228183183183183189e+02 5.604344514346662817e-06
1.231181181181181188e+02 5.596266567357213757e-06
1.234179179179179187e+02 5.588082848754152769e-06
1.237177177177177185e+02 5.579793358638100594e-06
1.240175175175175184e+02 5.571398097533214770e-06
1.243173173173173183e+02 5.562897065112978496e-06
1.246171171171171181e+02 5.554290260200223499e-06
1.249169169169169180e+02 5.545577687138175590e-06
1.252167167167167179e+02 5.536759341774213393e-06
1.255165165165165178e+02 5.527835225476146888e-06
1.258163163163163176e+02 5.518805338761193874e-06
1.261161161161161175e+02 5.509669681296007075e-06
1.264159159159159174e+02 5.500428253170895451e-06
1.267157157157157172e+02 5.491081054899829276e-06
1.270155155155155171e+02 5.481628086146259491e-06
1.273153153153153170e+02 5.472069345723129560e-06
1.276151151151151169e+02 5.462404837963931190e-06
1.279149149149149167e+02 5.452634558706418172e-06
1.282147147147147166e+02 5.442758509308932350e-06
1.285145145145145307e+02 5.432776690279353832e-06
1.288143143143143163e+02 5.422689101275117931e-06
1.291141141141141304e+02 5.412495742377460188e-06
1.294139139139139161e+02 5.402196614091401128e-06
1.297137137137137302e+02 5.391791716071567302e-06
1.300135135135135158e+02 5.381281035654314705e-06
1.303133133133133299e+02 5.370664611568191972e-06
1.306131131131131156e+02 5.359942405238850275e-06
1.309129129129129296e+02 5.349114429484163919e-06
1.312127127127127153e+02 5.338180684803782393e-06
1.315125125125125294e+02 5.327141170847037445e-06
1.318123123123123150e+02 5.315995887687143215e-06
1.321121121121121291e+02 5.304744835821222493e-06
1.324119119119119148e+02 5.293388014896126914e-06
1.327117117117117289e+02 5.281925423708406466e-06
1.330115115115115145e+02 5.270357066575393164e-06
1.333113113113113286e+02 5.258682939318909801e-06
1.336111111111111143e+02 5.246902825391763839e-06
1.339109109109109284e+02 5.235017378955753861e-06
1.342107107107107140e+02 5.223025945983623150e-06
1.345105105105105281e+02 5.210928744431312173e-06
1.348103103103103138e+02 5.198725774788970945e-06
1.351101101101101278e+02 5.186417036696541852e-06
1.354099099099099135e+02 5.174002528943795232e-06
1.357097097097097276e+02 5.161482255841355445e-06
1.360095095095095132e+02 5.148856213204432497e-06
1.363093093093093273e+02 5.136124402369102279e-06
1.366091091091091130e+02 5.123286823821317758e-06
1.369089089089089271e+02 5.110343477196868317e-06
1.372087087087087127e+02 5.097294362555632410e-06
1.375085085085085268e+02 5.084139480381555536e-06
1.378083083083083125e+02 5.070878830308491609e-06
1.381081081081081265e+02 5.057512399652266240e-06
1.384079079079079122e+02 5.044040227121263597e-06
1.387077077077077263e+02 5.030462274121116922e-06
1.390075075075075119e+02 5.016778553450018863e-06
1.393073073073073260e+02 5.002989065588190515e-06
1.396071071071071117e+02 4.989093810165779177e-06
1.399069069069069258e+02 4.975092787237097447e-06
1.402067067067067114e+02 4.960985997280596968e-06
1.405065065065065255e+02 4.946773439924681846e-06
1.408063063063063112e+02 4.932455113947739141e-06
1.411061061061061253e+02 4.918031023649153933e-06
1.414059059059059109e+02 4.903501164833042638e-06
1.417057057057057250e+02 4.888865538824540870e-06
1.420055055055055107e+02 4.874124146098769737e-06
1.423053053053053247e+02 4.859276986280870572e-06
1.426051051051051104e+02 4.844324059420183045e-06
1.429049049049049245e+02 4.829265365990260408e-06
1.432047047047047101e+02 4.814100905614684606e-06
1.435045045045045242e+02 4.798830677067043411e-06
1.438043043043043099e+02 4.783454684642042894e-06
1.441041041041041240e+02 4.767972924139098438e-06
1.444039039039039096e+02 4.752385396878780995e-06
1.447037037037037237e+02 4.736692079121642894e-06
1.450035035035035094e+02 4.720893043118418009e-06
1.453033033033033234e+02 4.704988216283931671e-06
1.456031031031031091e+02 4.688977623297402748e-06
1.459029029029029232e+02 4.672861263778092470e-06
1.462027027027027088e+02 4.656639125027417572e-06
1.465025025025025229e+02 4.640311245739587124e-06
1.468023023023023086e+02 4.623877587306157529e-06
1.471021021021021227e+02 4.607338162511479222e-06
1.474019019019019083e+02 4.590692971822077622e-06
1.477017017017017224e+02 4.573942014854596628e-06
1.480015015015015081e+02 4.557085291649986048e-06
1.483013013013013222e+02 4.540122802673534632e-06
1.486011011011011078e+02 4.523054547540632672e-06
1.489009009009009219e+02 4.505880525016798255e-06
1.492007007007007076e+02 4.488600739388734686e-06
1.495005005005005216e+02 4.471215186448003659e-06
1.498003003003003073e+02 4.453723867507371563e-06
1.501001001001001214e+02 4.436126783029731739e-06
1.503998998998999070e+02 4.418423932628131587e-06
1.506996996996997211e+02 4.400615316339979467e-06
1.509994994994995068e+02 4.382700934627057415e-06
1.512992992992993209e+02 4.364680787101293898e-06
1.515990990990991065e+02 4.346554872524779909e-06
1.518988988988989206e+02 4.328323195180849255e-06
1.521986986986987063e+02 4.309985750857709379e-06
1.524984984984985203e+02 4.291542540864833406e-06
1.527982982982983060e+02 4.272993565661865461e-06
1.530980980980981201e+02 4.254338824858607110e-06
1.533978978978979058e+02 4.235578318489302201e-06
1.536976976976977198e+02 4.216712047012564018e-06
1.539974974974975055e+02 4.197740010037231899e-06
1.542972972972972912e+02 4.178662194854380305e-06
1.545970970970971052e+02 4.159478640148093722e-06
1.548968968968968909e+02 4.140189307299806509e-06
1.551966966966967050e+02 4.120794209083935100e-06
1.554964964964964906e+02 4.101293345957186106e-06
1.557962962962963047e+02 4.081686693316415230e-06
1.560960960960960904e+02 4.061974323823202053e-06
1.563958958958959045e+02 4.042156165303110890e-06
1.566956956956956901e+02 4.022232241572250974e-06
1.569954954954955042e+02 4.002202551386873008e-06
1.572952952952952899e+02 3.982067099024534879e-06
1.575950950950951039e+02 3.961825880267745193e-06
1.578948948948948896e+02 3.941478896420318897e-06
1.581946946946947037e+02 3.921026147936340189e-06
1.584944944944944893e+02 3.900467634420109157e-06
1.587942942942943034e+02 3.879803355900400358e-06
1.590940940940940891e+02 3.859033312830464510e-06
1.593938938938939032e+02 3.838157504813802102e-06
1.596936936936936888e+02 3.817175930604154924e-06
1.599934934934935029e+02 3.796088594476636327e-06
1.602932932932932886e+02 3.774895492211316310e-06
1.605930930930931027e+02 3.753596625109583916e-06
1.608928928928928883e+02 3.732191993623144028e-06
1.611926926926927024e+02 3.710681597353940289e-06
1.614924924924924881e+02 3.689065436328433160e-06
1.617922922922923021e+02 3.667343510997533857e-06
1.620920920920920878e+02 3.645515820962486370e-06
1.623918918918919019e+02 3.623582353506843510e-06
1.626916916916916875e+02 3.601543147307307870e-06
1.629914914914915016e+02 3.579398163737899730e-06
1.632912912912912873e+02 3.557147415565800167e-06
1.635910910910911014e+02 3.534790903240549895e-06
1.638908908908908870e+02 3.512328626361952952e-06
1.641906906906907011e+02 3.489760584954359840e-06
1.644904904904904868e+02 3.467086779466620943e-06
1.647902902902903008e+02 3.444307209497889774e-06
1.650900900900900865e+02 3.421421873797643315e-06
1.653898898898899006e+02 3.398430776636719094e-06
1.656896896896896862e+02 3.375333913790995143e-06
1.659894894894895003e+02 3.352131286557718514e-06
1.662892892892892860e+02 3.328822895384489370e-06
1.665890890890891001e+02 3.305408739869167806e-06
1.668888888888888857e+02 3.281888602143296613e-06
1.671886886886886998e+02 3.258263136326559049e-06
1.674884884884884855e+02 3.234531688343524245e-06
1.677882882882882996e+02 3.210694474832711833e-06
1.680880880880880852e+02 3.186751500063139066e-06
1.683878878878878993e+02 3.162702759808875563e-06
1.686876876876876850e+02 3.138548255365385369e-06
1.689874874874874990e+02 3.114287987178484797e-06
1.692872872872872847e+02 3.089921954844308537e-06
1.695870870870870988e+02 3.065450158383540285e-06
1.698868868868868844e+02 3.040872598241444934e-06
1.701866866866866985e+02 3.016189274013617614e-06
1.704864864864864842e+02 2.991400172978047822e-06
1.707862862862862983e+02 2.966505333805936673e-06
1.710860860860860839e+02 2.941504717865859717e-06
1.713858858858858980e+02 2.916398337919608363e-06
1.716856856856856837e+02 2.891186194411389557e-06
1.719854854854854977e+02 2.865868286935739639e-06
1.722852852852852834e+02 2.840444615511792237e-06
1.725850850850850975e+02 2.814915180583218972e-06
1.728848848848848831e+02 2.789279981744116575e-06
1.731846846846846972e+02 2.763539017738851027e-06
1.734844844844844829e+02 2.737692292833303868e-06
1.737842842842842970e+02 2.711739802798376812e-06
1.740840840840840826e+02 2.685681548926469340e-06
1.743838838838838967e+02 2.659517531660282377e-06
1.746836836836836824e+02 2.633247750592928399e-06
1.749834834834834965e+02 2.606872205742107854e-06
1.752832832832832821e+02 2.580390897550084595e-06
1.755830830830830962e+02 2.553803825609516243e-06
1.758828828828828819e+02 2.527110988663416069e-06
1.761826826826826959e+02 2.500312390976265466e-06
1.764824824824824816e+02 2.473408028317649860e-06
1.767822822822822957e+02 2.446397901978542328e-06
1.770820820820820813e+02 2.419282012400388492e-06
1.773818818818818954e+02 2.392060359174952351e-06
1.776816816816816811e+02 2.364732942318624841e-06
1.779814814814814952e+02 2.337299738062244376e-06
1.782812812812812808e+02 2.309760818627580535e-06
1.785810810810810949e+02 2.282116098658052575e-06
1.788808808808808806e+02 2.254365641030855028e-06
1.791806806806806946e+02 2.226509407110490911e-06
1.794804804804804803e+02 2.198547409654668934e-06
1.797802802802802944e+02 2.170479649103570095e-06
1.800800800800800801e+02 2.142306125047800501e-06
1.803798798798798941e+02 2.114026837502532206e-06
1.806796796796796798e+02 2.085641786907577751e-06
1.809794794794794939e+02 2.057150972853133278e-06
1.812792792792792795e+02 2.028554394079800556e-06
1.815790790790790936e+02 1.999852054849673192e-06
1.818788788788788793e+02 1.971043950929914097e-06
1.821786786786786934e+02 1.942130083609208513e-06
1.824784784784784790e+02 1.913110453326632910e-06
1.827782782782782931e+02 1.883985059671652440e-06
1.830780780780780788e+02 1.854753902658384603e-06
1.833778778778778928e+02 1.825416982725534866e-06
1.836776776776776785e+02 1.795974299462268534e-06
1.839774774774774926e+02 1.766425851608096394e-06
1.842772772772772782e+02 1.736771643424073594e-06
1.845770770770770923e+02 1.707011670676343215e-06
1.848768768768768780e+02 1.677145934652534251e-06
1.851766766766766921e+02 1.647174435790722825e-06
1.854764764764764777e+02 1.617097173679376285e-06
1.857762762762762918e+02 1.586914148331599925e-06
1.860760760760760775e+02 1.556625360185138678e-06
1.863758758758758916e+02 1.526230808828127008e-06
1.866756756756756772e+02 1.495730481531201319e-06
1.869754754754754913e+02 1.465124416958304500e-06
1.872752752752752770e+02 1.434412576470762349e-06
1.875750750750750910e+02 1.403594972823248653e-06
1.878748748748748767e+02 1.372671606452861213e-06
1.881746746746746908e+02 1.341642476947164441e-06
1.884744744744744764e+02 1.310507584318359846e-06
1.887742742742742905e+02 1.279266929003277564e-06
1.890740740740740762e+02 1.247920486379016257e-06
1.893738738738738903e+02 1.216468327813718406e-06
1.896736736736736759e+02 1.184910384936131341e-06
1.899734734734734900e+02 1.153246677720729373e-06
1.902732732732732757e+02 1.121477207453368655e-06
1.905730730730730897e+02 1.089601974570299108e-06
1.908728728728728754e+02 1.057620978658248273e-06
1.911726726726726895e+02 1.025534219728553688e-06
1.914724724724724751e+02 9.933416982172170912e-07
1.917722722722722892e+02 9.610434137106848107e-07
1.920720720720720749e+02 9.286393649458172698e-07
1.923718718718718890e+02 8.961295561810184008e-07
1.926716716716716746e+02 8.635139831798164956e-07
1.929714714714714887e+02 8.307926472272452383e-07
1.932712712712712744e+02 7.979655487588176304e-07
1.935710710710710885e+02 7.650326873604243461e-07
1.938708708708708741e+02 7.319940630426812492e-07
1.941706706706706882e+02 6.988496762408133499e-07
1.944704704704704739e+02 6.655995265405139638e-07
1.947702702702702879e+02 6.322436012099173582e-07
1.950700700700700736e+02 5.987819389105930370e-07
1.953698698698698877e+02 5.652145010014290362e-07
1.956696696696696733e+02 5.315413002347215229e-07
1.959694694694694874e+02 4.977623370452143926e-07
1.962692692692692731e+02 4.638776110181469511e-07
1.965690690690690872e+02 4.298871221633625685e-07
1.968688688688688728e+02 3.957908709154281100e-07
1.971686686686686869e+02 3.615888568593236897e-07
1.974684684684684726e+02 3.272810787304646925e-07
1.977682682682682866e+02 2.928675407858489762e-07
1.980680680680680723e+02 2.583482387875682645e-07
1.983678678678678864e+02 2.237231740192908248e-07
1.986676676676676720e+02 1.889923469151083370e-07
1.989674674674674861e+02 1.541557570595790926e-07
1.992672672672672718e+02 1.192134044619281273e-07
1.995670670670670859e+02 8.416528955603620998e-08
1.998668668668668715e+02 4.901141192626257934e-08
2.001666666666666856e+02 1.374980928386289189e-08
2.004664664664664713e+02 -2.161363104420657905e-08
2.007662662662662854e+02 -5.708479636706867514e-08
2.010660660660660710e+02 -9.266172437814816231e-08
2.013658658658658851e+02 -1.283444146439598362e-07
2.016656656656656708e+02 -1.641328675805510338e-07
2.019654654654654848e+02 -2.000270831793125124e-07
2.022652652652652705e+02 -2.360270610069225449e-07
2.025650650650650846e+02 -2.721328014796478499e-07
2.028648648648648702e+02 -3.083443173312438906e-07
2.031646646646646843e+02 -3.446615699020181880e-07
2.034644644644644700e+02 -3.810845978349834483e-07
2.037642642642642841e+02 -4.176133883796993534e-07
2.040640640640640697e+02 -4.542479411032397405e-07
2.043638638638638838e+02 -4.909882564222143767e-07
2.046636636636636695e+02 -5.278343343285654376e-07
2.049634634634634835e+02 -5.647861743895319319e-07
2.052632632632632692e+02 -6.018437770219167501e-07
2.055630630630630833e+02 -6.390071434920400776e-07
2.058628628628628690e+02 -6.762762695446658854e-07
2.061626626626626830e+02 -7.136511594194210793e-07
2.064624624624624687e+02 -7.511318118343619514e-07
2.067622622622622828e+02 -7.887182263570925814e-07
2.070620620620620684e+02 -8.264104034047241800e-07
2.073618618618618825e+02 -8.642083429697096836e-07
2.076616616616616682e+02 -9.021120446198149553e-07
2.079614614614614823e+02 -9.401215087723392472e-07
2.082612612612612679e+02 -9.782367366940940235e-07
2.085610610610610820e+02 -1.016457724130355710e-06
2.088608608608608677e+02 -1.054784475321212846e-06
2.091606606606606817e+02 -1.093216988985230790e-06
2.094604604604604674e+02 -1.131755264690475255e-06
2.097602602602602815e+02 -1.170399302854577530e-06
2.100600600600600671e+02 -1.209149103470428467e-06
2.103598598598598812e+02 -1.248004666106269114e-06
2.106596596596596669e+02 -1.286965991179856969e-06
2.109594594594594810e+02 -1.326033091426452673e-06
2.112592592592592666e+02 -1.365205952398037366e-06
2.115590590590590807e+02 -1.404484540108562617e-06
2.118588588588588664e+02 -1.443868914439579132e-06
2.121586586586586805e+02 -1.483359050749436499e-06
2.124584584584584661e+02 -1.522954949456178509e-06
2.127582582582582802e+02 -1.562656610553167813e-06
2.130580580580580659e+02 -1.602464033609069823e-06
2.133578578578578799e+02 -1.642377219042091810e-06
2.136576576576576656e+02 -1.682396168119909213e-06
2.139574574574574797e+02 -1.722520876588695465e-06
2.142572572572572653e+02 -1.762751348689438654e-06
2.145570570570570794e+02 -1.803087583141532537e-06
2.148568568568568651e+02 -1.843529579513916117e-06
2.151566566566566792e+02 -1.884077338225066870e-06
2.154564564564564648e+02 -1.924730859268734540e-06
2.157562562562562789e+02 -1.965490142213977984e-06
2.160560560560560646e+02 -2.006355187479415710e-06
2.163558558558558786e+02 -2.047325996333128884e-06
2.166556556556556643e+02 -2.088402564521682268e-06
2.169554554554554784e+02 -2.129584896286428599e-06
2.172552552552552640e+02 -2.170872990347166515e-06
2.175550550550550781e+02 -2.212266846273228043e-06
2.178548548548548638e+02 -2.253766464483450224e-06
2.181546546546546779e+02 -2.295371844971970318e-06
2.184544544544544635e+02 -2.337082987308239786e-06
2.187542542542542776e+02 -2.378899891911208745e-06
2.190540540540540633e+02 -2.420822571517341470e-06
2.193538538538538774e+02 -2.462850987469590342e-06
2.196536536536536630e+02 -2.504985178413640881e-06
2.199534534534534771e+02 -2.547225131601672641e-06
2.202532532532532628e+02 -2.589570846603351380e-06
2.205530530530530768e+02 -2.632022323837873281e-06
2.208528528528528625e+02 -2.674579563299734323e-06
2.211526526526526766e+02 -2.717242564558719272e-06
2.214524524524524622e+02 -2.760011328034135695e-06
2.217522522522522763e+02 -2.802885854994803796e-06
2.220520520520520620e+02 -2.845866141187959188e-06
2.223518518518518761e+02 -2.888952215065874791e-06
2.226516516516516617e+02 -2.932144002718446154e-06
2.229514514514514758e+02 -2.975441576346268730e-06
2.232512512512512615e+02 -3.018844912158678999e-06
2.235510510510510755e+02 -3.062354010150493121e-06
2.238508508508508612e+02 -3.105968869891801641e-06
2.241506506506506753e+02 -3.149689491802238658e-06
2.244504504504504609e+02 -3.193515877150952174e-06
2.247502502502502750e+02 -3.237448021685486549e-06
2.250500500500500607e+02 -3.281485929648227049e-06
2.253498498498498748e+02 -3.325629599759976048e-06
2.256496496496496604e+02 -3.369879031591053214e-06
2.259494494494494745e+02 -3.414234225561274333e-06
2.262492492492492602e+02 -3.458695181665765154e-06
2.265490490490490743e+02 -3.503261899474924966e-06
2.268488488488488599e+02 -3.547934379408679669e-06
2.271486486486486740e+02 -3.592712634204481179e-06
2.274484484484484597e+02 -3.637596625206156439e-06
2.277482482482482737e+02 -3.682586391060392583e-06
2.280480480480480594e+02 -3.727681919020266174e-06
2.283478478478478735e+02 -3.772883208656374284e-06
2.286476476476476591e+02 -3.818190260388849066e-06
2.289474474474474732e+02 -3.863603074213064025e-06
2.292472472472472589e+02 -3.909121649699723383e-06
2.295470470470470730e+02 -3.954745987269024937e-06
2.298468468468468586e+02 -4.000476088190684629e-06
2.301466466466466727e+02 -4.046311948212795269e-06
2.304464464464464584e+02 -4.092253571578321919e-06
2.307462462462462440e+02 -4.138300957008634465e-06
2.310460460460460581e+02 -4.184454104074580274e-06
2.313458458458458438e+02 -4.230713013196524860e-06
2.316456456456456579e+02 -4.277077684370157670e-06
2.319454454454454435e+02 -4.323548117166404002e-06
2.322452452452452576e+02 -4.370124312005744562e-06
2.325450450450450433e+02 -4.416806270158119754e-06
2.328448448448448573e+02 -4.463593987371911228e-06
2.331446446446446430e+02 -4.510487467890316134e-06
2.334444444444444571e+02 -4.557486928326813265e-06
2.337442442442442427e+02 -4.604591714576923607e-06
2.340440440440440568e+02 -4.651802480736850664e-06
2.343438438438438425e+02 -4.699119008910646771e-06
2.346436436436436566e+02 -4.746541298669499806e-06
2.349434434434434422e+02 -4.794069350434103080e-06
2.352432432432432563e+02 -4.841703176942671686e-06
2.355430430430430420e+02 -4.889442739539799132e-06
2.358428428428428560e+02 -4.937288076872932340e-06
2.361426426426426417e+02 -4.985239176195911051e-06
2.364424424424424558e+02 -5.033296037080084076e-06
2.367422422422422414e+02 -5.081458659946287879e-06
2.370420420420420555e+02 -5.129727044790667610e-06
2.373418418418418412e+02 -5.178101191184633070e-06
2.376416416416416553e+02 -5.226581099549117281e-06
2.379414414414414409e+02 -5.275166771154539222e-06
2.382412412412412550e+02 -5.323858201749740480e-06
2.385410410410410407e+02 -5.372655395578374756e-06
2.388408408408408548e+02 -5.421558351362486172e-06
2.391406406406406404e+02 -5.470567068673632758e-06
2.394404404404404545e+02 -5.519681547932909321e-06
2.397402402402402402e+02 -5.568901789136630420e-06
2.400400400400400542e+02 -5.618227791856453188e-06
2.403398398398398399e+02 -5.667659556513474973e-06
2.406396396396396540e+02 -5.717197084378368862e-06
2.409394394394394396e+02 -5.766840371200150085e-06
2.412392392392392537e+02 -5.816589421222699346e-06
2.415390390390390394e+02 -5.866444233168253893e-06
2.418388388388388535e+02 -5.916404806608588596e-06
2.421386386386386391e+02 -5.966471141964965126e-06
2.424384384384384532e+02 -6.016643239233928436e-06
2.427382382382382389e+02 -6.066921097987304219e-06
2.430380380380380529e+02 -6.117304718646451555e-06
2.433378378378378386e+02 -6.167794113950157283e-06
2.436376376376376527e+02 -6.218389245243682372e-06
2.439374374374374383e+02 -6.269090151175053964e-06
2.442372372372372524e+02 -6.319896818998747921e-06
2.445370370370370381e+02 -6.370809272496912536e-06
2.448368368368368522e+02 -6.421827439460368528e-06
2.451366366366366378e+02 -6.472951392516490592e-06
2.454364364364364519e+02 -6.524181107027074043e-06
2.457362362362362376e+02 -6.575516583413629581e-06
2.460360360360360517e+02 -6.626957822947175036e-06
2.463358358358358373e+02 -6.678504821377105956e-06
2.466356356356356514e+02 -6.730157582947685904e-06
2.469354354354354371e+02 -6.781916106381512962e-06
2.472352352352352511e+02 -6.833780391250727921e-06
2.475350350350350368e+02 -6.885750437976963451e-06
2.478348348348348509e+02 -6.937826246557127036e-06
2.481346346346346365e+02 -6.990007816563401815e-06
2.484344344344344506e+02 -7.042295148417456037e-06
2.487342342342342363e+02 -7.094688243390504889e-06
2.490340340340340504e+02 -7.147187097232094692e-06
2.493338338338338360e+02 -7.199791714186651640e-06
2.496336336336336501e+02 -7.252502092976965244e-06
2.499334334334334358e+02 -7.305318233175312666e-06
2.502332332332332498e+02 -7.358240135203511231e-06
2.505330330330330355e+02 -7.411267799058609029e-06
2.508328328328328496e+02 -7.464401224312979782e-06
2.511326326326326353e+02 -7.517640411388450135e-06
2.514324324324324493e+02 -7.570985373024374436e-06
2.517322322322322350e+02 -7.624436070566468514e-06
2.520320320320320491e+02 -7.677992542663327868e-06
2.523318318318318347e+02 -7.731654776569865428e-06
2.526316316316316488e+02 -7.785422771858553173e-06
2.529314314314314345e+02 -7.839296528951330401e-06
2.532312312312312486e+02 -7.893276047845442561e-06
2.535310310310310342e+02 -7.947361328113348078e-06
2.538308308308308483e+02 -8.001552370177074342e-06
2.541306306306306340e+02 -8.055849175308109288e-06
2.544304304304304480e+02 -8.110251739256327881e-06
2.547302302302302337e+02 -8.164760066266447697e-06
2.550300300300300478e+02 -8.219374155061568262e-06
2.553298298298298334e+02 -8.274094005214269973e-06
2.556296296296296475e+02 -8.328919641356894354e-06
2.559294294294294332e+02 -8.383850990856101903e-06
2.562292292292292473e+02 -8.438888125915249399e-06
2.565290290290290613e+02 -8.494031022746214421e-06
2.568288288288288186e+02 -8.549279682620632289e-06
2.571286286286286327e+02 -8.604634101288555846e-06
2.574284284284284468e+02 -8.660094282994804311e-06
2.577282282282282608e+02 -8.715660226462631368e-06
2.580280280280280181e+02 -8.771331931264756332e-06
2.583278278278278322e+02 -8.827109397823409878e-06
2.586276276276276462e+02 -8.882992626136100036e-06
2.589274274274274603e+02 -8.938981615775593552e-06
2.592272272272272176e+02 -8.995076367164163455e-06
2.595270270270270316e+02 -9.051276893041588459e-06
2.598268268268268457e+02 -9.107583154754004520e-06
2.601266266266266598e+02 -9.163995190950403549e-06
2.604264264264264170e+02 -9.220512988886122839e-06
2.607262262262262311e+02 -9.277136548134066356e-06
2.610260260260260452e+02 -9.333865869116559646e-06
2.613258258258258593e+02 -9.390700951831232709e-06
2.616256256256256165e+02 -9.447641795850984428e-06
2.619254254254254306e+02 -9.504688401598236912e-06
2.622252252252252447e+02 -9.561840770344845705e-06
2.625250250250250588e+02 -9.619098897841109292e-06
2.628248248248248160e+02 -9.676462788332109471e-06
2.631246246246246301e+02 -9.733932440541357426e-06
2.634244244244244442e+02 -9.791507854041821496e-06
2.637242242242242583e+02 -9.849189029255964447e-06
2.640240240240240155e+02 -9.906975966181558581e-06
2.643238238238238296e+02 -9.964868664391592567e-06
2.646236236236236437e+02 -1.002286712430861218e-05
2.649234234234234577e+02 -1.008097134720460002e-05
2.652232232232232150e+02 -1.013918132882994096e-05
2.655230230230230291e+02 -1.019749707342989300e-05
2.658228228228228431e+02 -1.025591857972801644e-05
2.661226226226226572e+02 -1.031444584729742192e-05
2.664224224224224145e+02 -1.037307887656068570e-05
2.667222222222222285e+02 -1.043181788540776525e-05
2.670220220220220426e+02 -1.049066221973552577e-05
2.673218218218218567e+02 -1.054961253364284995e-05
2.676216216216216139e+02 -1.060866862197776672e-05
2.679214214214214280e+02 -1.066783044608677288e-05
2.682212212212212421e+02 -1.072709804461919238e-05
2.685210210210210562e+02 -1.078647140483075891e-05
2.688208208208208134e+02 -1.084595052629464073e-05
2.691206206206206275e+02 -1.090553540943355301e-05
2.694204204204204416e+02 -1.096522605424543915e-05
2.697202202202202557e+02 -1.102502246030354194e-05
2.700200200200200129e+02 -1.108492462803059349e-05
2.703198198198198270e+02 -1.114493255869881527e-05
2.706196196196196411e+02 -1.120504624805880222e-05
2.709194194194194552e+02 -1.126526570035599190e-05
2.712192192192192124e+02 -1.132559091431417839e-05
2.715190190190190265e+02 -1.138602188950666886e-05
2.718188188188188406e+02 -1.144655862635625811e-05
2.721186186186186546e+02 -1.150720112486101658e-05
2.724184184184184119e+02 -1.156794938459424975e-05
2.727182182182182260e+02 -1.162880340597881001e-05
2.730180180180180400e+02 -1.168976319028703063e-05
2.733178178178178541e+02 -1.175082873326955738e-05
2.736176176176176114e+02 -1.181200003917194470e-05
2.739174174174174254e+02 -1.187327710671810020e-05
2.742172172172172395e+02 -1.193465993548140555e-05
2.745170170170170536e+02 -1.199614852588476738e-05
2.748168168168168108e+02 -1.205774287792630865e-05
2.751166166166166249e+02 -1.211944299117948898e-05
2.754164164164164390e+02 -1.218124886606721499e-05
2.757162162162162531e+02 -1.224316051532989558e-05
2.760160160160160103e+02 -1.230517790031429690e-05
2.763158158158158244e+02 -1.236730105967006815e-05
2.766156156156156385e+02 -1.242952998065318700e-05
2.769154154154154526e+02 -1.249186466283714524e-05
2.772152152152152098e+02 -1.255430510664488675e-05
2.775150150150150239e+02 -1.261685131207470391e-05
2.778148148148148380e+02 -1.267950330291031628e-05
2.781146146146146521e+02 -1.274226100694401839e-05
2.784144144144144093e+02 -1.280512449807901816e-05
2.787142142142142234e+02 -1.286809374785597588e-05
2.790140140140140375e+02 -1.293116876052056795e-05
2.793138138138138515e+02 -1.299434953479687139e-05
2.796136136136136088e+02 -1.305763607025844744e-05
2.799134134134134229e+02 -1.312102836732838908e-05
2.802132132132132369e+02 -1.318452642600499545e-05
2.805130130130130510e+02 -1.324813024586187526e-05
2.808128128128128083e+02 -1.331183982732208419e-05
2.811126126126126223e+02 -1.337565517165824181e-05
2.814124124124124364e+02 -1.343957627462129036e-05
2.817122122122122505e+02 -1.350360314045699432e-05
2.820120120120120077e+02 -1.356773576788951204e-05
2.823118118118118218e+02 -1.363197415649251826e-05
2.826116116116116359e+02 -1.369631830668913136e-05
2.829114114114114500e+02 -1.376076821847775045e-05
2.832112112112112072e+02 -1.382532389143205876e-05
2.835110110110110213e+02 -1.388998532597522886e-05
2.838108108108108354e+02 -1.395475253484790346e-05
2.841106106106106495e+02 -1.401962547939710449e-05
2.844104104104104067e+02 -1.408460419827268954e-05
2.847102102102102208e+02 -1.414968867873091070e-05
2.850100100100100349e+02 -1.421487892034547999e-05
2.853098098098098490e+02 -1.428017492353961406e-05
2.856096096096096062e+02 -1.434557668831177806e-05
2.859094094094094203e+02 -1.441108421423573826e-05
2.862092092092092344e+02 -1.447669750173472312e-05
2.865090090090090484e+02 -1.454241655208146741e-05
2.868088088088088057e+02 -1.460824136102704043e-05
2.871086086086086198e+02 -1.467417193281741165e-05
2.874084084084084338e+02 -1.474020826617686476e-05
2.877082082082082479e+02 -1.480635036067919988e-05
2.880080080080080052e+02 -1.487259821674768615e-05
2.883078078078078192e+02 -1.493895183438090565e-05
2.886076076076076333e+02 -1.500541121315263307e-05
2.889074074074074474e+02 -1.507197637769645848e-05
2.892072072072072046e+02 -1.513864725665439446e-05
2.895070070070070187e+02 -1.520542391840839172e-05
2.898068068068068328e+02 -1.527230634299419032e-05
2.901066066066066469e+02 -1.533929452913615016e-05
2.904064064064064041e+02 -1.540638847640813744e-05
2.907062062062062182e+02 -1.547358818523349584e-05
2.910060060060060323e+02 -1.554089365561084978e-05
2.913058058058058464e+02 -1.560830488711409763e-05
2.916056056056056036e+02 -1.567582188016657292e-05
2.919054054054054177e+02 -1.574344464750916227e-05
2.922052052052052318e+02 -1.581117315048907230e-05
2.925050050050050459e+02 -1.587900742775639267e-05
2.928048048048048031e+02 -1.594694746656754995e-05
2.931046046046046172e+02 -1.601499326649646624e-05
2.934044044044044313e+02 -1.608314482796657332e-05
2.937042042042042453e+02 -1.615140215097651932e-05
2.940040040040040026e+02 -1.621976523510024667e-05
2.943038038038038167e+02 -1.628823408076121424e-05
2.946036036036036307e+02 -1.635680868923232960e-05
2.949034034034034448e+02 -1.642548905626489580e-05
2.952032032032032021e+02 -1.649427518610500771e-05
2.955030030030030161e+02 -1.656316707747718955e-05
2.958028028028028302e+02 -1.663216472995542779e-05
2.961026026026026443e+02 -1.670126814396316776e-05
2.964024024024024015e+02 -1.677047731949916603e-05
2.967022022022022156e+02 -1.683979225613741921e-05
2.970020020020020297e+02 -1.690921295430142346e-05
2.973018018018018438e+02 -1.697873941526416088e-05
2.976016016016016010e+02 -1.704837163477696503e-05
2.979014014014014151e+02 -1.711810961708603579e-05
2.982012012012012292e+02 -1.718795336091591432e-05
2.985010010010010433e+02 -1.725790286584065150e-05
2.988008008008008005e+02 -1.732795813228375361e-05
2.991006006006006146e+02 -1.739811916024404498e-05
2.994004004004004287e+02 -1.746838594929556290e-05
2.997002002002002428e+02 -1.753875849986186452e-05
3.000000000000000000e+02 -1.760925447395682666e-05
