5.000000000000000000e-01 2.614494251589839568e-05
7.997997997997998709e-01 9.678414732850775166e-06
1.099599599599599742e+00 4.530502666589205653e-06
1.399399399399399391e+00 2.181075595996539188e-06
1.699199199199199262e+00 8.489718874157636081e-07
1.998998998998999133e+00 -2.413056823991725232e-08
2.298798798798798781e+00 -6.586258450101097398e-07
2.598598598598598652e+00 -1.155743497759281529e-06
2.898398398398398523e+00 -1.567283705089992892e-06
3.198198198198198394e+00 -1.921998941587571352e-06
3.497997997997998265e+00 -2.236898333621470099e-06
3.797797797797798136e+00 -2.522574182005564946e-06
4.097597597597597563e+00 -2.785909681945637479e-06
4.397397397397397434e+00 -3.031541142969683384e-06
4.697197197197197305e+00 -3.262689401610980217e-06
4.996996996996997176e+00 -3.481653274831046646e-06
5.296796796796797047e+00 -3.690113330549494317e-06
5.596596596596596918e+00 -3.889324911772064201e-06
5.896396396396396788e+00 -4.080244340581811507e-06
6.196196196196196659e+00 -4.263613761748853760e-06
6.495995995995996530e+00 -4.440018376668498315e-06
6.795795795795796401e+00 -4.609927514684090247e-06
7.095595595595596272e+00 -4.773723094668848397e-06
7.395395395395396143e+00 -4.931720347663358882e-06
7.695195195195195126e+00 -5.084183098143288173e-06
7.994994994994994997e+00 -5.231335059387420602e-06
8.294794794794794868e+00 -5.373368234558458827e-06
8.594594594594594739e+00 -5.510448916893661891e-06
8.894394394394394610e+00 -5.642725446089841789e-06
9.194194194194194480e+00 -5.770326308273516868e-06
9.493993993993994351e+00 -5.893368917241218876e-06
9.793793793793794222e+00 -6.011959126334489455e-06
1.009359359359359409e+01 -6.126193633352849346e-06
1.039339339339339396e+01 -6.236161551266386435e-06
1.069319319319319384e+01 -6.341945628332028581e-06
1.099299299299299371e+01 -6.443623182292065476e-06
1.129279279279279358e+01 -6.541266910801957225e-06
1.159259259259259345e+01 -6.634944803793029295e-06
1.189239239239239332e+01 -6.724725225734952371e-06
1.219219219219219319e+01 -6.810667700238022194e-06
1.249199199199199306e+01 -6.892833316413397434e-06
1.279179179179179293e+01 -6.971279786453486839e-06
1.309159159159159280e+01 -7.046063041733933135e-06
1.339139139139139267e+01 -7.117237215110857362e-06
1.369119119119119254e+01 -7.184854901024053415e-06
1.399099099099099242e+01 -7.248967298669803299e-06
1.429079079079079229e+01 -7.309624609773209877e-06
1.459059059059059216e+01 -7.366875589178582499e-06
1.489039039039039025e+01 -7.420768213205801007e-06
1.519019019019019012e+01 -7.471349525764656366e-06
1.548998998998998999e+01 -7.518665745614209262e-06
1.578978978978978986e+01 -7.562762159251583492e-06
1.608958958958958974e+01 -7.603683649025731186e-06
1.638938938938938961e+01 -7.641474221646645280e-06
1.668918918918918948e+01 -7.676176849757442765e-06
1.698898898898898935e+01 -7.707835920248120502e-06
1.728878878878878922e+01 -7.736492303355396486e-06
1.758858858858858909e+01 -7.762188355571824518e-06
1.788838838838838896e+01 -7.784965477028845732e-06
1.818818818818818883e+01 -7.804864593525020886e-06
1.848798798798798870e+01 -7.821926201585374398e-06
1.878778778778778857e+01 -7.836190427929094068e-06
1.908758758758758844e+01 -7.847696959750015416e-06
1.938738738738738832e+01 -7.856485077444131613e-06
1.968718718718718819e+01 -7.862593908380432394e-06
1.998698698698698806e+01 -7.866061913512494922e-06
2.028678678678678793e+01 -7.866927418708624534e-06
2.058658658658658780e+01 -7.865228390544496876e-06
2.088638638638638767e+01 -7.861002437769817471e-06
2.118618618618618754e+01 -7.854286889209725041e-06
2.148598598598598741e+01 -7.845118768118551544e-06
2.178578578578578728e+01 -7.833534788677134263e-06
2.208558558558558715e+01 -7.819571322305844544e-06
2.238538538538538702e+01 -7.803264673654451079e-06
2.268518518518518690e+01 -7.784649732055980788e-06
2.298498498498498677e+01 -7.763764611663416271e-06
2.328478478478478664e+01 -7.740642173603120958e-06
2.358458458458458651e+01 -7.715318317947572277e-06
2.388438438438438638e+01 -7.687827731923900566e-06
2.418418418418418625e+01 -7.658205080939105015e-06
2.448398398398398612e+01 -7.626484604671211997e-06
2.478378378378378599e+01 -7.592699887902923008e-06
2.508358358358358586e+01 -7.556886007327758738e-06
2.538338338338338573e+01 -7.519075243361270368e-06
2.568318318318318561e+01 -7.479301247346245557e-06
2.598298298298298548e+01 -7.437597154062873775e-06
2.628278278278278535e+01 -7.393995709276957176e-06
2.658258258258258522e+01 -7.348529527030339122e-06
2.688238238238238509e+01 -7.301230936619115082e-06
2.718218218218218496e+01 -7.252132044209382494e-06
2.748198198198198483e+01 -7.201264684430923977e-06
2.778178178178178470e+01 -7.148660692026525663e-06
2.808158158158158457e+01 -7.094351177867042860e-06
2.838138138138138444e+01 -7.038367542026034005e-06
2.868118118118118431e+01 -6.980740715637346049e-06
2.898098098098098419e+01 -6.921501431260634932e-06
2.928078078078078050e+01 -6.860680188902921811e-06
2.958058058058058037e+01 -6.798307322024772193e-06
2.988038038038038025e+01 -6.734412885024659140e-06
3.018018018018018012e+01 -6.669026706607701364e-06
3.047997997997997999e+01 -6.602178869466637627e-06
3.077977977977977986e+01 -6.533897716201500670e-06
3.107957957957957973e+01 -6.464213453563294139e-06
3.137937937937937960e+01 -6.393154774694555684e-06
3.167917917917917947e+01 -6.320750442247298170e-06
3.197897897897897934e+01 -6.247029039813216491e-06
3.227877877877877921e+01 -6.172018911401183644e-06
3.257857857857857908e+01 -6.095748258964416753e-06
3.287837837837837895e+01 -6.018244538520508337e-06
3.317817817817817883e+01 -5.939536673426024533e-06
3.347797797797797870e+01 -5.859651055976883097e-06
3.377777777777777857e+01 -5.778609539106821035e-06
3.407757757757757844e+01 -5.696456735922096879e-06
3.437737737737737831e+01 -5.613202032079632595e-06
3.467717717717717818e+01 -5.528877965218245791e-06
3.497697697697697805e+01 -5.443511038924246007e-06
3.527677677677677792e+01 -5.357127525899380989e-06
3.557657657657657779e+01 -5.269753485780091581e-06
3.587637637637637766e+01 -5.181414914343258995e-06
3.617617617617617753e+01 -5.092137380208404397e-06
3.647597597597597741e+01 -5.001946409083844850e-06
3.677577577577577728e+01 -4.910867286057792194e-06
3.707557557557557715e+01 -4.818925091385795767e-06
3.737537537537537702e+01 -4.726144716555171177e-06
3.767517517517517689e+01 -4.632550866590322439e-06
3.797497497497497676e+01 -4.538168567748722096e-06
3.827477477477477663e+01 -4.443020409690168677e-06
3.857457457457457650e+01 -4.347132285684122644e-06
3.887437437437437637e+01 -4.250527438212057248e-06
3.917417417417417624e+01 -4.153229611177584956e-06
3.947397397397397611e+01 -4.055262330603688315e-06
3.977377377377377599e+01 -3.956648923228455864e-06
4.007357357357357586e+01 -3.857412499779888892e-06
4.037337337337337573e+01 -3.757576054151838267e-06
4.067317317317317560e+01 -3.657162273572608830e-06
4.097297297297297547e+01 -3.556193467196153408e-06
4.127277277277277534e+01 -3.454692884860033374e-06
4.157257257257257521e+01 -3.352681821111926209e-06
4.187237237237237508e+01 -3.250182565159665702e-06
4.217217217217217495e+01 -3.147216934976903357e-06
4.247197197197197482e+01 -3.043806534910487325e-06
4.277177177177177470e+01 -2.939972805995159679e-06
4.307157157157157457e+01 -2.835737024590260267e-06
4.337137137137137444e+01 -2.731120361875751228e-06
4.367117117117117431e+01 -2.626143168547560253e-06
4.397097097097097418e+01 -2.520826780377206450e-06
4.427077077077077405e+01 -2.415191411322411709e-06
4.457057057057057392e+01 -2.309257437321313201e-06
4.487037037037037379e+01 -2.203044502035388810e-06
4.517017017017017366e+01 -2.096574059305934317e-06
4.546996996996997353e+01 -1.989864404661215352e-06
4.576976976976977340e+01 -1.882935622557212206e-06
4.606956956956957328e+01 -1.775807159250653390e-06
4.636936936936937315e+01 -1.668498184558756687e-06
4.666916916916917302e+01 -1.561027905204262703e-06
4.696896896896897289e+01 -1.453415078434044445e-06
4.726876876876877276e+01 -1.345678448678970862e-06
4.756856856856857263e+01 -1.237836573147383556e-06
4.786836836836837250e+01 -1.129907779371877455e-06
4.816816816816817237e+01 -1.021910254596919833e-06
4.846796796796797224e+01 -9.138620165846332702e-07
4.876776776776777211e+01 -8.057808784593437058e-07
4.906756756756757198e+01 -6.976842633367475734e-07
4.936736736736737186e+01 -5.895903732244137070e-07
4.966716716716717173e+01 -4.815158071251573996e-07
4.996696696696697160e+01 -3.734779217399296103e-07
5.026676676676677147e+01 -2.654938123388337603e-07
5.056656656656657134e+01 -1.575800416796218636e-07
5.086636636636637121e+01 -4.975323245286669802e-08
5.116616616616617108e+01 5.796993376932127831e-08
5.146596596596597095e+01 1.655732751455010843e-07
5.176576576576577082e+01 2.730407125946536081e-07
5.206556556556557069e+01 3.803562114610411639e-07
5.236536536536537056e+01 4.875040717065771384e-07
5.266516516516517044e+01 5.944686546556195847e-07
5.296496496496497031e+01 7.012345067867197283e-07
5.326476476476477018e+01 8.077863506936267608e-07
5.356456456456457005e+01 9.141090802384975537e-07
5.386436436436436992e+01 1.020187724123149201e-06
5.416416416416416979e+01 1.126007506121480421e-06
5.446396396396396966e+01 1.231553822662232997e-06
5.476376376376376953e+01 1.336812136975078531e-06
5.506356356356356940e+01 1.441768217093095396e-06
5.536336336336336927e+01 1.546407948142823052e-06
5.566316316316316914e+01 1.650717265745186955e-06
5.596296296296296902e+01 1.754682832244494250e-06
5.626276276276276889e+01 1.858289800893927141e-06
5.656256256256256876e+01 1.961525800473879544e-06
5.686236236236236863e+01 2.064377148362953397e-06
5.716216216216216850e+01 2.166830839323559711e-06
5.746196196196196837e+01 2.268873279944527866e-06
5.776176176176176824e+01 2.370492181258073062e-06
5.806156156156156101e+01 2.471674657151190572e-06
5.836136136136136088e+01 2.572408141744156478e-06
5.866116116116116075e+01 2.672680249943048874e-06
5.896096096096096062e+01 2.772478733325837446e-06
5.926076076076076049e+01 2.871791505790012564e-06
5.956056056056056036e+01 2.970606631672113872e-06
5.986036036036036023e+01 3.068912363609890422e-06
6.016016016016016010e+01 3.166696929734617147e-06
6.045995995995995997e+01 3.263947551970216536e-06
6.075975975975975985e+01 3.360657449832186983e-06
6.105955955955955972e+01 3.456810773450637298e-06
6.135935935935935959e+01 3.552398036818846380e-06
6.165915915915915946e+01 3.647408390401613212e-06
6.195895895895895933e+01 3.741831103881527696e-06
6.225875875875875920e+01 3.835655617740161754e-06
6.255855855855855907e+01 3.928871517333169080e-06
6.285835835835835894e+01 4.021468462063906628e-06
6.315815815815815881e+01 4.113436397089791500e-06
6.345795795795795868e+01 4.204765300083586774e-06
6.375775775775775855e+01 4.295445335639581249e-06
6.405755755755755843e+01 4.385466808367866054e-06
6.435735735735735830e+01 4.474820179117869245e-06
6.465715715715715817e+01 4.563495822954450171e-06
6.495695695695695804e+01 4.651485098278890894e-06
6.525675675675675791e+01 4.738778425625276582e-06
6.555655655655655778e+01 4.825366574215235812e-06
6.585635635635635765e+01 4.911241170257832315e-06
6.615615615615615752e+01 4.996393366943487132e-06
6.645595595595595739e+01 5.080814602015325311e-06
6.675575575575575726e+01 5.164496467123942365e-06
6.705555555555555713e+01 5.247433069993292178e-06
6.735535535535535701e+01 5.329609146490092108e-06
6.765515515515515688e+01 5.411023834422813655e-06
6.795495495495495675e+01 5.491666902314871665e-06
6.825475475475475662e+01 5.571530586492354553e-06
6.855455455455455649e+01 5.650607271164950732e-06
6.885435435435435636e+01 5.728889734889596919e-06
6.915415415415415623e+01 5.806370416769282363e-06
6.945395395395395610e+01 5.883042225352572813e-06
6.975375375375375597e+01 5.958898119816568860e-06
7.005355355355355584e+01 6.033931190710421576e-06
7.035335335335335571e+01 6.108134652036309692e-06
7.065315315315315559e+01 6.181501889440161935e-06
7.095295295295295546e+01 6.254026202037404696e-06
7.125275275275275533e+01 6.325701659258032111e-06
7.155255255255255520e+01 6.396521598229119315e-06
7.185235235235235507e+01 6.466480020804097474e-06
7.215215215215215494e+01 6.535570969575473958e-06
7.245195195195195481e+01 6.603788558682191428e-06
7.275175175175175468e+01 6.671127060766854367e-06
7.305155155155155455e+01 6.737580881894178884e-06
7.335135135135135442e+01 6.803144657581586191e-06
7.365115115115115429e+01 6.867812695428582275e-06
7.395095095095095417e+01 6.931580115830978941e-06
7.425075075075075404e+01 6.994441717165815941e-06
7.455055055055055391e+01 7.056392512371155277e-06
7.485035035035035378e+01 7.117427649775738670e-06
7.515015015015015365e+01 7.177542228626997263e-06
7.544994994994995352e+01 7.236729992256108089e-06
7.574974974974975339e+01 7.294992673812543068e-06
7.604954954954955326e+01 7.352319390016796802e-06
7.634934934934935313e+01 7.408708011961811256e-06
7.664914914914915300e+01 7.464154505116402730e-06
7.694894894894895288e+01 7.518654902766440936e-06
7.724874874874875275e+01 7.572205309184782558e-06
7.754854854854855262e+01 7.624801989085474676e-06
7.784834834834835249e+01 7.676441315846018143e-06
7.814814814814815236e+01 7.727119951328118697e-06
7.844794794794795223e+01 7.776833965675117538e-06
7.874774774774775210e+01 7.825580647198496960e-06
7.904754754754755197e+01 7.873356607091753687e-06
7.934734734734735184e+01 7.920158821055186328e-06
7.964714714714715171e+01 7.965984425367343138e-06
7.994694694694695158e+01 8.010830525379852884e-06
8.024674674674675146e+01 8.054694459459140621e-06
8.054654654654655133e+01 8.097573647592813792e-06
8.084634634634635120e+01 8.139465589613722129e-06
8.114614614614615107e+01 8.180367942267418070e-06
8.144594594594595094e+01 8.220278639156694325e-06
8.174574574574575081e+01 8.259195160494451108e-06
8.204554554554555068e+01 8.297115779303474434e-06
8.234534534534535055e+01 8.334038527153051076e-06
8.264514514514515042e+01 8.369961586904273425e-06
8.294494494494495029e+01 8.404883260570229818e-06
8.324474474474475016e+01 8.438801973052576874e-06
8.354454454454455004e+01 8.471716244702720325e-06
8.384434434434434991e+01 8.503624714676841014e-06
8.414414414414414978e+01 8.534526131494284606e-06
8.444394394394394965e+01 8.564419312222040656e-06
8.474374374374374952e+01 8.593303208275477294e-06
8.504354354354354939e+01 8.621176964272907677e-06
8.534334334334334926e+01 8.648039643500819197e-06
8.564314314314314913e+01 8.673890548232043927e-06
8.594294294294294900e+01 8.698728979590071548e-06
8.624274274274274887e+01 8.722554596302625575e-06
8.654254254254254874e+01 8.745366869030502652e-06
8.684234234234234862e+01 8.767165442906347592e-06
8.714214214214214849e+01 8.787950108130599181e-06
8.744194194194194836e+01 8.807720741118583904e-06
8.774174174174174823e+01 8.826477415363913334e-06
8.804154154154154810e+01 8.844220105439105629e-06
8.834134134134134797e+01 8.860949047548146237e-06
8.864114114114114784e+01 8.876664489984044236e-06
8.894094094094094771e+01 8.891366851232473527e-06
8.924074074074074758e+01 8.905056684767272596e-06
8.954054054054054745e+01 8.917734298362980599e-06
8.984034034034034732e+01 8.929400517175984305e-06
9.014014014014014720e+01 8.940056168263798664e-06
9.043993993993994707e+01 8.949702030645037613e-06
9.073973973973974694e+01 8.958339153071579681e-06
9.103953953953954681e+01 8.965968465249572817e-06
9.133933933933934668e+01 8.972591191682466506e-06
9.163913913913914655e+01 8.978208462055408935e-06
9.193893893893894642e+01 8.982821792293231854e-06
9.223873873873874629e+01 8.986432437886794243e-06
9.253853853853854616e+01 8.989041939689470018e-06
9.283833833833834603e+01 8.990651937857706185e-06
9.313813813813814591e+01 8.991264103742308030e-06
9.343793793793794578e+01 8.990880182202517183e-06
9.373773773773774565e+01 8.989502148403578832e-06
9.403753753753754552e+01 8.987131850893901843e-06
9.433733733733734539e+01 8.983771403724130151e-06
9.463713713713714526e+01 8.979422881541759992e-06
9.493693693693694513e+01 8.974088589724259950e-06
9.523673673673674500e+01 8.967770750414731808e-06
9.553653653653654487e+01 8.960471799578406500e-06
9.583633633633634474e+01 8.952194201237073570e-06
9.613613613613614461e+01 8.942940531333035700e-06
9.643593593593594449e+01 8.932713421853103125e-06
9.673573573573574436e+01 8.921515605373822542e-06
9.703553553553554423e+01 8.909349898895063880e-06
9.733533533533534410e+01 8.896219192514678186e-06
9.763513513513514397e+01 8.882126499807684600e-06
9.793493493493494384e+01 8.867074763492041673e-06
9.823473473473474371e+01 8.851067234721142878e-06
9.853453453453454358e+01 8.834107097436039494e-06
9.883433433433434345e+01 8.816197640007238201e-06
9.913413413413414332e+01 8.797342241711769253e-06
9.943393393393394319e+01 8.777544347088432213e-06
9.973373373373374307e+01 8.756807460276891806e-06
1.000335335335335429e+02 8.735134988281974611e-06
1.003333333333333428e+02 8.712536263530035901e-06
1.006331331331331427e+02 8.688999424874543491e-06
1.009329329329329425e+02 8.664543926107563129e-06
1.012327327327327424e+02 8.639168037573633800e-06
1.015325325325325423e+02 8.612875942988078675e-06
1.018323323323323422e+02 8.585671737717757177e-06
1.021321321321321420e+02 8.557559553952009287e-06
1.024319319319319419e+02 8.528543598787604829e-06
1.027317317317317418e+02 8.498628152239947375e-06
1.030315315315315416e+02 8.467817566705877484e-06
1.033313313313313415e+02 8.436116250145758993e-06
1.036311311311311414e+02 8.403528703858973283e-06
1.039309309309309413e+02 8.370059484467042647e-06
1.042307307307307411e+02 8.335713217121091471e-06
1.045305305305305410e+02 8.300494604859415609e-06
1.048303303303303409e+02 8.264408409960131676e-06
1.051301301301301407e+02 8.227459463828020042e-06
1.054299299299299406e+02 8.189652667408727334e-06
1.057297297297297405e+02 8.150993010453353447e-06
1.060295295295295404e+02 8.111485456415757589e-06
1.063293293293293402e+02 8.071135168424533116e-06
1.066291291291291401e+02 8.029947289883300246e-06
1.069289289289289400e+02 7.987927040746998399e-06
1.072287287287287398e+02 7.945079712896157951e-06
1.075285285285285397e+02 7.901410645061463921e-06
1.078283283283283396e+02 7.856925294464428761e-06
1.081281281281281395e+02 7.811629089323743458e-06
1.084279279279279393e+02 7.765527596603940595e-06
1.087277277277277392e+02 7.718626395283024436e-06
1.090275275275275391e+02 7.670931154205739053e-06
1.093273273273273389e+02 7.622447566771617400e-06
1.096271271271271388e+02 7.573181477830737105e-06
1.099269269269269387e+02 7.523138652440337747e-06
1.102267267267267385e+02 7.472325019076433533e-06
1.105265265265265384e+02 7.420746503756025795e-06
1.108263263263263383e+02 7.368409091805274740e-06
1.111261261261261382e+02 7.315318977136664309e-06
1.114259259259259380e+02 7.261482152185387039e-06
1.117257257257257379e+02 7.206904774723926172e-06
1.120255255255255378e+02 7.151593151938856076e-06
1.123253253253253376e+02 7.095553528018372428e-06
1.126251251251251375e+02 7.038792232557596750e-06
1.129249249249249374e+02 6.981315651459324469e-06
1.132247247247247373e+02 6.923130310037799574e-06
1.135245245245245371e+02 6.864242584745311660e-06
1.138243243243243370e+02 6.804659080925040497e-06
1.141241241241241369e+02 6.744386344547076322e-06
1.144239239239239367e+02 6.683431070659945057e-06
1.147237237237237366e+02 6.621799923674953652e-06
1.150235235235235365e+02 6.559499638927198902e-06
1.153233233233233364e+02 6.496537042828776722e-06
1.156231231231231220e+02 6.432918921525637503e-06
1.159229229229229219e+02 6.368652215593812120e-06
1.162227227227227218e+02 6.303743806213548204e-06
1.165225225225225216e+02 6.238200703846944384e-06
1.168223223223223215e+02 6.172029907710190234e-06
1.171221221221221214e+02 6.105238495079435591e-06
1.174219219219219212e+02 6.037833578116012667e-06
1.177217217217217211e+02 5.969822298199700929e-06
1.180215215215215210e+02 5.901211883184320664e-06
1.183213213213213209e+02 5.832009548096823208e-06
1.186211211211211207e+02 5.762222580236505819e-06
1.189209209209209206e+02 5.691858304058907783e-06
1.192207207207207205e+02 5.620924089993582643e-06
1.195205205205205203e+02 5.549427333171716147e-06
1.198203203203203202e+02 5.477375477960108610e-06
1.201201201201201201e+02 5.404775935066405648e-06
1.204199199199199199e+02 5.331636283974317778e-06
1.207197197197197198e+02 5.257964409745094497e-06
1.210195195195195197e+02 5.183767426890573434e-06
1.213193193193193196e+02 5.109053140132161473e-06
1.216191191191191194e+02 5.033829228399673896e-06
1.219189189189189193e+02 4.958103399919661955e-06
1.222187187187187192e+02 4.881883396329655185e-06
1.225185185185185190e+02 4.805176993357052382e-06
1.228183183183183189e+02 4.727992006075480268e-06
1.231181181181181188e+02 4.650336272606293947e-06
1.234179179179179187e+02 4.572217673126490056e-06
1.237177177177177185e+02 4.493644114067078436e-06
1.240175175175175184e+02 4.414623540816636638e-06
1.243173173173173183e+02 4.335163921743305615e-06
1.246171171171171181e+02 4.255273260443355395e-06
1.249169169169169180e+02 4.174959588715500792e-06
1.252167167167167179e+02 4.094230956731285652e-06
1.255165165165165178e+02 4.013095497559394779e-06
1.258163163163163176e+02 3.931561289407741596e-06
1.261161161161161175e+02 3.849636487040717153e-06
1.264159159159159174e+02 3.767329278757017936e-06
1.267157157157157172e+02 3.684647852755037751e-06
1.270155155155155171e+02 3.601600442726781029e-06
1.273153153153153170e+02 3.518195299124726487e-06
1.276151151151151169e+02 3.434440701005098122e-06
1.279149149149149167e+02 3.350344950237825813e-06
1.282147147147147166e+02 3.265916372273586593e-06
1.285145145145145307e+02 3.181163313701979759e-06
1.288143143143143163e+02 3.096094060212591230e-06
1.291141141141141304e+02 3.010717280085196092e-06
1.294139139139139161e+02 2.925041124212831897e-06
1.297137137137137302e+02 2.839074101855150935e-06
1.300135135135135158e+02 2.752824672038231954e-06
1.303133133133133299e+02 2.666301328040862503e-06
1.306131131131131156e+02 2.579512553243957074e-06
1.309129129129129296e+02 2.492466864079501173e-06
1.312127127127127153e+02 2.405172795407871309e-06
1.315125125125125294e+02 2.317638887411568418e-06
1.318123123123123150e+02 2.229873739333788744e-06
1.321121121121121291e+02 2.141885904079588369e-06
1.324119119119119148e+02 2.053683992456866152e-06
1.327117117117117289e+02 1.965276619201496483e-06
1.330115115115115145e+02 1.876672416250515988e-06
1.333113113113113286e+02 1.787880024682952316e-06
1.336111111111111143e+02 1.698907965246605107e-06
1.339109109109109284e+02 1.609765332499012787e-06
1.342107107107107140e+02 1.520460386551447851e-06
1.345105105105105281e+02 1.431001960033757074e-06
1.348103103103103138e+02 1.341398764179231481e-06
1.351101101101101278e+02 1.251659515154468330e-06
1.354099099099099135e+02 1.161792939271718372e-06
1.357097097097097276e+02 1.071807777767464998e-06
1.360095095095095132e+02 9.817127743125596292e-07
1.363093093093093273e+02 8.915166856093912072e-07
1.366091091091091130e+02 8.012282847705748342e-07
1.369089089089089271e+02 7.108563119510132951e-07
1.372087087087087127e+02 6.204095748265811494e-07
1.375085085085085268e+02 5.298968481422750667e-07
1.378083083083083125e+02 4.393269159403049165e-07
1.381081081081081265e+02 3.487085728510782825e-07
1.384079079079079122e+02 2.580506384158262576e-07
1.387077077077077263e+02 1.673619062114964671e-07
1.390075075075075119e+02 7.665114231289190761e-08
1.393073073073073260e+02 -1.407279450878070619e-08
1.396071071071071117e+02 -1.048011068817005505e-07
1.399069069069069258e+02 -1.955249841814239426e-07
1.402067067067067114e+02 -2.862356175229884594e-07
1.405065065065065255e+02 -3.769241723239779885e-07
1.408063063063063112e+02 -4.675818538261769915e-07
1.411061061061061253e+02 -5.581998384287024893e-07
1.414059059059059109e+02 -6.487693246126963473e-07
1.417057057057057250e+02 -7.392814718781085501e-07
1.420055055055055107e+02 -8.297274977710282361e-07
1.423053053053053247e+02 -9.200985897007356968e-07
1.426051051051051104e+02 -1.010385937320073225e-06
1.429049049049049245e+02 -1.100580747188857254e-06
1.432047047047047101e+02 -1.190674223269648359e-06
1.435045045045045242e+02 -1.280657575360129424e-06
1.438043043043043099e+02 -1.370522018185940548e-06
1.441041041041041240e+02 -1.460258774326290618e-06
1.444039039039039096e+02 -1.549859073471018143e-06
1.447037037037037237e+02 -1.639314170959607297e-06
1.450035035035035094e+02 -1.728615251409514604e-06
1.453033033033033234e+02 -1.817753627167834082e-06
1.456031031031031091e+02 -1.906720539371929374e-06
1.459029029029029232e+02 -1.995507259861048341e-06
1.462027027027027088e+02 -2.084105080301256041e-06
1.465025025025025229e+02 -2.172505259701917645e-06
1.468023023023023086e+02 -2.260699137833386353e-06
1.471021021021021227e+02 -2.348678014956679808e-06
1.474019019019019083e+02 -2.436433220072729949e-06
1.477017017017017224e+02 -2.523956095147566241e-06
1.480015015015015081e+02 -2.611237993803388463e-06
1.483013013013013222e+02 -2.698270283639947316e-06
1.486011011011011078e+02 -2.785044353902624008e-06
1.489009009009009219e+02 -2.871551605407061436e-06
1.492007007007007076e+02 -2.957783453919607880e-06
1.495005005005005216e+02 -3.043731359742553245e-06
1.498003003003003073e+02 -3.129386860436941771e-06
1.501001001001001214e+02 -3.214737982186172162e-06
1.503998998998999070e+02 -3.299782544085321141e-06
1.506996996996997211e+02 -3.384512304227324700e-06
1.509994994994995068e+02 -3.468912120868602501e-06
1.512992992992993209e+02 -3.552977041638035352e-06
1.515990990990991065e+02 -3.636698541083553820e-06
1.518988988988989206e+02 -3.720068172241768533e-06
1.521986986986987063e+02 -3.803077538168778622e-06
1.524984984984985203e+02 -3.885718263199801296e-06
1.527982982982983060e+02 -3.967981988792954391e-06
1.530980980980981201e+02 -4.049860388473487030e-06
1.533978978978979058e+02 -4.131345158486138742e-06
1.536976976976977198e+02 -4.212428017487912141e-06
1.539974974974975055e+02 -4.293100708584135152e-06
1.542972972972972912e+02 -4.373355018462847192e-06
1.545970970970971052e+02 -4.453182707917700101e-06
1.548968968968968909e+02 -4.532575630910483685e-06
1.551966966966967050e+02 -4.611525628442192727e-06
1.554964964964964906e+02 -4.690024577652558092e-06
1.557962962962963047e+02 -4.768064402869033326e-06
1.560960960960960904e+02 -4.845636987423774237e-06
1.563958958958959045e+02 -4.922734347094397244e-06
1.566956956956956901e+02 -4.999348460421178413e-06
1.569954954954955042e+02 -5.075471351740501497e-06
1.572952952952952899e+02 -5.151095076277119574e-06
1.575950950950951039e+02 -5.226211724305643161e-06
1.578948948948948896e+02 -5.300813415840286532e-06
1.581946946946947037e+02 -5.374892304424992027e-06
1.584944944944944893e+02 -5.448440572911739071e-06
1.587942942942943034e+02 -5.521450447353832681e-06
1.590940940940940891e+02 -5.593914183933863374e-06
1.593938938938939032e+02 -5.665824060731669242e-06
1.596936936936936888e+02 -5.737172418030281002e-06
1.599934934934935029e+02 -5.807951610700570503e-06
1.602932932932932886e+02 -5.878154044547170210e-06
1.605930930930931027e+02 -5.947772142821322105e-06
1.608928928928928883e+02 -6.016798391899537474e-06
1.611926926926927024e+02 -6.085225301127604637e-06
1.614924924924924881e+02 -6.153045422057137475e-06
1.617922922922923021e+02 -6.220251231455258387e-06
1.620920920920920878e+02 -6.286835705096485440e-06
1.623918918918919019e+02 -6.352791179606124766e-06
1.626916916916916875e+02 -6.418110463372974820e-06
1.629914914914915016e+02 -6.482786326635614957e-06
1.632912912912912873e+02 -6.546811572645150045e-06
1.635910910910911014e+02 -6.610179031396287435e-06
1.638908908908908870e+02 -6.672881425214930324e-06
1.641906906906907011e+02 -6.734912191442329454e-06
1.644904904904904868e+02 -6.796263791658171803e-06
1.647902902902903008e+02 -6.856929416834488737e-06
1.650900900900900865e+02 -6.916902133743056066e-06
1.653898898898899006e+02 -6.976175047872471910e-06
1.656896896896896862e+02 -7.034741328494070671e-06
1.659894894894895003e+02 -7.092594174261205385e-06
1.662892892892892860e+02 -7.149726832478645879e-06
1.665890890890891001e+02 -7.206132629137487015e-06
1.668888888888888857e+02 -7.261804980345468676e-06
1.671886886886886998e+02 -7.316737042393785703e-06
1.674884884884884855e+02 -7.370922517919609550e-06
1.677882882882882996e+02 -7.424354830235689733e-06
1.680880880880880852e+02 -7.477027531521180824e-06
1.683878878878878993e+02 -7.528934231009809709e-06
1.686876876876876850e+02 -7.580068588330648251e-06
1.689874874874874990e+02 -7.630424223070779896e-06
1.692872872872872847e+02 -7.679995181159738070e-06
1.695870870870870988e+02 -7.728775006604310345e-06
1.698868868868868844e+02 -7.776757665382446258e-06
1.701866866866866985e+02 -7.823937095699994118e-06
1.704864864864864842e+02 -7.870307281843136066e-06
1.707862862862862983e+02 -7.915862263088336114e-06
1.710860860860860839e+02 -7.960596149568010944e-06
1.713858858858858980e+02 -8.004503103480174622e-06
1.716856856856856837e+02 -8.047576809556098180e-06
1.719854854854854977e+02 -8.089813110773026351e-06
1.722852852852852834e+02 -8.131204787446641181e-06
1.725850850850850975e+02 -8.171746753770466802e-06
1.728848848848848831e+02 -8.211433466906208273e-06
1.731846846846846972e+02 -8.250259446857168626e-06
1.734844844844844829e+02 -8.288219268615453845e-06
1.737842842842842970e+02 -8.325307581237923946e-06
1.740840840840840826e+02 -8.361519086553931065e-06
1.743838838838838967e+02 -8.396848552447661737e-06
1.746836836836836824e+02 -8.431290811374733178e-06
1.749834834834834965e+02 -8.464840763572961457e-06
1.752832832832832821e+02 -8.497493374288155800e-06
1.755830830830830962e+02 -8.529243654558664572e-06
1.758828828828828819e+02 -8.560086717940753324e-06
1.761826826826826959e+02 -8.590017718381440139e-06
1.764824824824824816e+02 -8.619031887028428255e-06
1.767822822822822957e+02 -8.647124519592442243e-06
1.770820820820820813e+02 -8.674290977510405845e-06
1.773818818818818954e+02 -8.700526701513961109e-06
1.776816816816816811e+02 -8.725827191680148417e-06
1.779814814814814952e+02 -8.750188020688785007e-06
1.782812812812812808e+02 -8.773604841600948103e-06
1.785810810810810949e+02 -8.796073361489777087e-06
1.788808808808808806e+02 -8.817589375269605686e-06
1.791806806806806946e+02 -8.838148742812011651e-06
1.794804804804804803e+02 -8.857747398996259090e-06
1.797802802802802944e+02 -8.876381352763924992e-06
1.800800800800800801e+02 -8.894046710255771896e-06
1.803798798798798941e+02 -8.910739572155911719e-06
1.806796796796796798e+02 -8.926456157970632938e-06
1.809794794794794939e+02 -8.941192849948285406e-06
1.812792792792792795e+02 -8.954946004191341384e-06
1.815790790790790936e+02 -8.967712080060188796e-06
1.818788788788788793e+02 -8.979487614689574102e-06
1.821786786786786934e+02 -8.990269226855314487e-06
1.824784784784784790e+02 -9.000053606383451893e-06
1.827782782782782931e+02 -9.008837546328534937e-06
1.830780780780780788e+02 -9.016617881928171244e-06
1.833778778778778928e+02 -9.023391556465271964e-06
1.836776776776776785e+02 -9.029155591804779809e-06
1.839774774774774926e+02 -9.033907080127184832e-06
1.842772772772772782e+02 -9.037643188644617535e-06
1.845770770770770923e+02 -9.040361228702013544e-06
1.848768768768768780e+02 -9.042058504916508744e-06
1.851766766766766921e+02 -9.042732442979943845e-06
1.854764764764764777e+02 -9.042380552023159356e-06
1.857762762762762918e+02 -9.041000507763516093e-06
1.860760760760760775e+02 -9.038589911787110119e-06
1.863758758758758916e+02 -9.035146565749194227e-06
1.866756756756756772e+02 -9.030668317144609642e-06
1.869754754754754913e+02 -9.025153124104574903e-06
1.872752752752752770e+02 -9.018599033887453065e-06
1.875750750750750910e+02 -9.011004158215989846e-06
1.878748748748748767e+02 -9.002366668236195336e-06
1.881746746746746908e+02 -8.992684900261895984e-06
1.884744744744744764e+02 -8.981957248874997387e-06
1.887742742742742905e+02 -8.970182188141460723e-06
1.890740740740740762e+02 -8.957358272387162910e-06
1.893738738738738903e+02 -8.943484213964975741e-06
1.896736736736736759e+02 -8.928558632213521145e-06
1.899734734734734900e+02 -8.912580650757854692e-06
1.902732732732732757e+02 -8.895548980249435119e-06
1.905730730730730897e+02 -8.877462694365773931e-06
1.908728728728728754e+02 -8.858320978054489664e-06
1.911726726726726895e+02 -8.838123027965320166e-06
1.914724724724724751e+02 -8.816868146746189110e-06
1.917722722722722892e+02 -8.794555788104257651e-06
1.920720720720720749e+02 -8.771185455535652887e-06
1.923718718718718890e+02 -8.746756755953273525e-06
1.926716716716716746e+02 -8.721269422842874944e-06
1.929714714714714887e+02 -8.694723250391910507e-06
1.932712712712712744e+02 -8.667118131184142646e-06
1.935710710710710885e+02 -8.638454097315215050e-06
1.938708708708708741e+02 -8.608731251195986714e-06
1.941706706706706882e+02 -8.577949802270542842e-06
1.944704704704704739e+02 -8.546110060164211603e-06
1.947702702702702879e+02 -8.513212427656787176e-06
1.950700700700700736e+02 -8.479257457113853523e-06
1.953698698698698877e+02 -8.444245728751670002e-06
1.956696696696696733e+02 -8.408177980709866529e-06
1.959694694694694874e+02 -8.371055037200159438e-06
1.962692692692692731e+02 -8.332877831051929078e-06
1.965690690690690872e+02 -8.293647399124069345e-06
1.968688688688688728e+02 -8.253364883660528389e-06
1.971686686686686869e+02 -8.212031536089432646e-06
1.974684684684684726e+02 -8.169648711049866396e-06
1.977682682682682866e+02 -8.126217875969986507e-06
1.980680680680680723e+02 -8.081740601056822631e-06
1.983678678678678864e+02 -8.036218569096339987e-06
1.986676676676676720e+02 -7.989653567959757515e-06
1.989674674674674861e+02 -7.942047502331330583e-06
1.992672672672672718e+02 -7.893402397454488028e-06
1.995670670670670859e+02 -7.843720378220223467e-06
1.998668668668668715e+02 -7.793003786716579435e-06
2.001666666666666856e+02 -7.741252124307657057e-06
2.004664664664664713e+02 -7.688475672421237961e-06
2.007662662662662854e+02 -7.634669173672591405e-06
2.010660660660660710e+02 -7.579838166781001225e-06
2.013658658658658851e+02 -7.523985348364337758e-06
2.016656656656656708e+02 -7.467113617925751740e-06
2.019654654654654848e+02 -7.409226001072771902e-06
2.022652652652652705e+02 -7.350325638626515325e-06
2.025650650650650846e+02 -7.290415807362115016e-06
2.028648648648648702e+02 -7.229499858306211833e-06
2.031646646646646843e+02 -7.167581345971249672e-06
2.034644644644644700e+02 -7.104663833996685372e-06
2.037642642642642841e+02 -7.040751085919443157e-06
2.040640640640640697e+02 -6.975846940867802834e-06
2.043638638638638838e+02 -6.909955388526566789e-06
2.046636636636636695e+02 -6.843080529980199824e-06
2.049634634634634835e+02 -6.775226560093051383e-06
2.052632632632632692e+02 -6.706397842441163848e-06
2.055630630630630833e+02 -6.636598833397435923e-06
2.058628628628628690e+02 -6.565834086380891311e-06
2.061626626626626830e+02 -6.494108398110033366e-06
2.064624624624624687e+02 -6.421426524047221365e-06
2.067622622622622828e+02 -6.347793418848321361e-06
2.070620620620620684e+02 -6.273214162092283233e-06
2.073618618618618825e+02 -6.197694071538226078e-06
2.076616616616616682e+02 -6.121238358604676027e-06
2.079614614614614823e+02 -6.043852528717401772e-06
2.082612612612612679e+02 -5.965542156605496341e-06
2.085610610610610820e+02 -5.886312982277812993e-06
2.088608608608608677e+02 -5.806170773698155216e-06
2.091606606606606817e+02 -5.725121709798898091e-06
2.094604604604604674e+02 -5.643171673436501145e-06
2.097602602602602815e+02 -5.560327027878908322e-06
2.100600600600600671e+02 -5.476594107464997493e-06
2.103598598598598812e+02 -5.391979348781067129e-06
2.106596596596596669e+02 -5.306489454416962136e-06
2.109594594594594810e+02 -5.220131150033326433e-06
2.112592592592592666e+02 -5.132911352282249281e-06
2.115590590590590807e+02 -5.044837144613244679e-06
2.118588588588588664e+02 -4.955915606900367567e-06
2.121586586586586805e+02 -4.866154041787410863e-06
2.124584584584584661e+02 -4.775559907129677358e-06
2.127582582582582802e+02 -4.684140789733769625e-06
2.130580580580580659e+02 -4.591904331586418450e-06
2.133578578578578799e+02 -4.498858497644763954e-06
2.136576576576576656e+02 -4.405011156150765499e-06
2.139574574574574797e+02 -4.310370472154402977e-06
2.142572572572572653e+02 -4.214944731764079442e-06
2.145570570570570794e+02 -4.118742287842386791e-06
2.148568568568568651e+02 -4.021771593941192466e-06
2.151566566566566792e+02 -3.924041485393405794e-06
2.154564564564564648e+02 -3.825560723138229200e-06
2.157562562562562789e+02 -3.726338232006786421e-06
2.160560560560560646e+02 -3.626383218485686599e-06
2.163558558558558786e+02 -3.525704821353114897e-06
2.166556556556556643e+02 -3.424312475002597870e-06
2.169554554554554784e+02 -3.322215701756998667e-06
2.172552552552552640e+02 -3.219424184808059792e-06
2.175550550550550781e+02 -3.115947745260113626e-06
2.178548548548548638e+02 -3.011796356246182529e-06
2.181546546546546779e+02 -2.906980136331099056e-06
2.184544544544544635e+02 -2.801509335710951460e-06
2.187542542542542776e+02 -2.695394352778335513e-06
2.190540540540540633e+02 -2.588645747980904083e-06
2.193538538538538774e+02 -2.481274237587092830e-06
2.196536536536536630e+02 -2.373290733399891828e-06
2.199534534534534771e+02 -2.264706176149241759e-06
2.202532532532532628e+02 -2.155531706841814775e-06
2.205530530530530768e+02 -2.045778648283030142e-06
2.208528528528528625e+02 -1.935458458920624665e-06
2.211526526526526766e+02 -1.824582768928942760e-06
2.214524524524524622e+02 -1.713163280948685963e-06
2.217522522522522763e+02 -1.601211959545839772e-06
2.220520520520520620e+02 -1.488740857442016216e-06
2.223518518518518761e+02 -1.375762159472539434e-06
2.226516516516516617e+02 -1.262288368137773209e-06
2.229514514514514758e+02 -1.148331877324648663e-06
2.232512512512512615e+02 -1.033905419973971241e-06
2.235510510510510755e+02 -9.190218470524721655e-07
2.238508508508508612e+02 -8.036941417024277525e-07
2.241506506506506753e+02 -6.879354978155721602e-07
2.244504504504504609e+02 -5.717592111015513384e-07
2.247502502502502750e+02 -4.551788240798783296e-07
2.250500500500500607e+02 -3.382057200966172312e-07
2.253498498498498748e+02 -2.208602471533203515e-07
2.256496496496496604e+02 -1.031494416876573498e-07
2.259494494494494745e+02 1.490982281595139950e-08
2.262492492492492602e+02 1.333034549331231443e-07
2.265490490490490743e+02 2.520170370255587440e-07
2.268488488488488599e+02 3.710359787633681026e-07
2.271486486486486740e+02 4.903455348950715665e-07
2.274484484484484597e+02 6.099307027069166132e-07
2.277482482482482737e+02 7.297764644381343021e-07
2.280480480480480594e+02 8.498675440800623059e-07
2.283478478478478735e+02 9.701885154004278318e-07
2.286476476476476591e+02 1.090723774507849662e-06
2.289474474474474732e+02 1.211457602098756743e-06
2.292472472472472589e+02 1.332374042508901640e-06
2.295470470470470730e+02 1.453457117487870137e-06
2.298468468468468586e+02 1.574690264060937435e-06
2.301466466466466727e+02 1.696057346997982069e-06
2.304464464464464584e+02 1.817541692228701442e-06
2.307462462462462440e+02 1.939126503994555058e-06
2.310460460460460581e+02 2.060794870490477025e-06
2.313458458458458438e+02 2.182529673442184472e-06
2.316456456456456579e+02 2.304313627130840855e-06
2.319454454454454435e+02 2.426129338531517265e-06
2.322452452452452576e+02 2.547959006988581206e-06
2.325450450450450433e+02 2.669785012944951747e-06
2.328448448448448573e+02 2.791589313725466535e-06
2.331446446446446430e+02 2.913353769093328881e-06
2.334444444444444571e+02 3.035060501689985136e-06
2.337442442442442427e+02 3.156689683049336857e-06
2.340440440440440568e+02 3.278223974936420068e-06
2.343438438438438425e+02 3.399644066221766778e-06
2.346436436436436566e+02 3.520930933048088508e-06
2.349434434434434422e+02 3.642065370047183747e-06
2.352432432432432563e+02 3.763028028808485153e-06
2.355430430430430420e+02 3.883799247145147041e-06
2.358428428428428560e+02 4.004359503409831275e-06
2.361426426426426417e+02 4.124688450848093333e-06
2.364424424424424558e+02 4.244766371918437490e-06
2.367422422422422414e+02 4.364572863889473561e-06
2.370420420420420555e+02 4.484087439726055302e-06
2.373418418418418412e+02 4.603289465444235581e-06
2.376416416416416553e+02 4.722158085716283852e-06
2.379414414414414409e+02 4.840672321592926401e-06
2.382412412412412550e+02 4.958810928594716764e-06
2.385410410410410407e+02 5.076552538808292427e-06
2.388408408408408548e+02 5.193875585662261389e-06
2.391406406406406404e+02 5.310758300926918290e-06
2.394404404404404545e+02 5.427178735652079785e-06
2.397402402402402402e+02 5.543114720977054575e-06
2.400400400400400542e+02 5.658544999738231969e-06
2.403398398398398399e+02 5.773444043935463461e-06
2.406396396396396540e+02 5.887792382089851013e-06
2.409394394394394396e+02 6.001565781052900300e-06
2.412392392392392537e+02 6.114741276388322569e-06
2.415390390390390394e+02 6.227295620765464803e-06
2.418388388388388535e+02 6.339205368587603912e-06
2.421386386386386391e+02 6.450446867340969696e-06
2.424384384384384532e+02 6.560996258098266971e-06
2.427382382382382389e+02 6.670829557286865608e-06
2.430380380380380529e+02 6.779922485215724276e-06
2.433378378378378386e+02 6.888250682278347952e-06
2.436376376376376527e+02 6.995789445359514390e-06
2.439374374374374383e+02 7.102514036038721118e-06
2.442372372372372524e+02 7.208399454279579548e-06
2.445370370370370381e+02 7.313420513071683041e-06
2.448368368368368522e+02 7.417551706499795892e-06
2.451366366366366378e+02 7.520767531060807769e-06
2.454364364364364519e+02 7.623042153345720337e-06
2.457362362362362376e+02 7.724349680792111863e-06
2.460360360360360517e+02 7.824663838762385690e-06
2.463358358358358373e+02 7.923958234468923975e-06
2.466356356356356514e+02 8.022206300286617757e-06
2.469354354354354371e+02 8.119381242133119766e-06
2.472352352352352511e+02 8.215456063381282477e-06
2.475350350350350368e+02 8.310403602108700822e-06
2.478348348348348509e+02 8.404196424810904967e-06
2.481346346346346365e+02 8.496806958227766046e-06
2.484344344344344506e+02 8.588207390413497041e-06
2.487342342342342363e+02 8.678369725034651240e-06
2.490340340340340504e+02 8.767265732634670457e-06
2.493338338338338360e+02 8.854867026839016784e-06
2.496336336336336501e+02 8.941144951409549685e-06
2.499334334334334358e+02 9.026070467828379996e-06
2.502332332332332498e+02 9.109615032886975096e-06
2.505330330330330355e+02 9.191749413059627742e-06
2.508328328328328496e+02 9.272443664746476944e-06
2.511326326326326353e+02 9.351668338440948300e-06
2.514324324324324493e+02 9.429393612418086144e-06
2.517322322322322350e+02 9.505589344243330102e-06
2.520320320320320491e+02 9.580225314354845302e-06
2.523318318318318347e+02 9.653271012521852612e-06
2.526316316316316488e+02 9.724695712629103172e-06
2.529314314314314345e+02 9.794468521519752589e-06
2.532312312312312486e+02 9.862558265004187663e-06
2.535310310310310342e+02 9.928933644085615967e-06
2.538308308308308483e+02 9.993563022933021434e-06
2.541306306306306340e+02 1.005641475532781808e-05
2.544304304304304480e+02 1.011745675111548239e-05
2.547302302302302337e+02 1.017665682190226402e-05
2.550300300300300478e+02 1.023398253139070160e-05
2.553298298298298334e+02 1.028940132598900133e-05
2.556296296296296475e+02 1.034288029845278824e-05
2.559294294294294332e+02 1.039438630766731156e-05
2.562292292292292473e+02 1.044388617764685472e-05
2.565290290290290613e+02 1.049134634389263710e-05
2.568288288288288186e+02 1.053673307164991447e-05
2.571286286286286327e+02 1.058001199056691746e-05
2.574284284284284468e+02 1.062115022529466944e-05
2.577282282282282608e+02 1.066011222826725044e-05
2.580280280280280181e+02 1.069686362475906201e-05
2.583278278278278322e+02 1.073136964795941217e-05
2.586276276276276462e+02 1.076359524217765251e-05
2.589274274274274603e+02 1.079350514070973450e-05
2.592272272272272176e+02 1.082106382446363502e-05
2.595270270270270316e+02 1.084623560774381744e-05
2.598268268268268457e+02 1.086898447452112499e-05
2.601266266266266598e+02 1.088927423952929767e-05
2.604264264264264170e+02 1.090706865204983893e-05
2.607262262262262311e+02 1.092233092274995848e-05
2.610260260260260452e+02 1.093502423524967762e-05
2.613258258258258593e+02 1.094511150680855187e-05
2.616256256256256165e+02 1.095255544322511024e-05
2.619254254254254306e+02 1.095731848888721899e-05
2.622252252252252447e+02 1.095936284983843203e-05
2.625250250250250588e+02 1.095865049057441918e-05
2.628248248248248160e+02 1.095514335768191741e-05
2.631246246246246301e+02 1.094880284457573660e-05
2.634244244244244442e+02 1.093959024610577051e-05
2.637242242242242583e+02 1.092746664791828347e-05
2.640240240240240155e+02 1.091239290205333491e-05
2.643238238238238296e+02 1.089432963887215528e-05
2.646236236236236437e+02 1.087323719243201534e-05
2.649234234234234577e+02 1.084907571463692284e-05
2.652232232232232150e+02 1.082180510403949733e-05
2.655230230230230291e+02 1.079138502537391414e-05
2.658228228228228431e+02 1.075777491198803417e-05
2.661226226226226572e+02 1.072093395378644209e-05
2.664224224224224145e+02 1.068082109396921538e-05
2.667222222222222285e+02 1.063739509963563736e-05
2.670220220220220426e+02 1.059061437074189764e-05
2.673218218218218567e+02 1.054043722764342948e-05
2.676216216216216139e+02 1.048682162245513790e-05
2.679214214214214280e+02 1.042972529991811324e-05
2.682212212212212421e+02 1.036910583408341173e-05
2.685210210210210562e+02 1.030492041726193653e-05
2.688208208208208134e+02 1.023712621479671009e-05
2.691206206206206275e+02 1.016567990983680057e-05
2.694204204204204416e+02 1.009053807559202049e-05
2.697202202202202557e+02 1.001165702567890333e-05
2.700200200200200129e+02 9.928992652835789601e-06
2.703198198198198270e+02 9.842501295999194299e-06
2.706196196196196411e+02 9.752138010037403077e-06
2.709194194194194552e+02 9.657858281556656570e-06
2.712192192192192124e+02 9.559617184408143246e-06
2.715190190190190265e+02 9.457369530280752118e-06
2.718188188188188406e+02 9.351069997426648416e-06
2.721186186186186546e+02 9.240672819294193252e-06
2.724184184184184119e+02 9.126132124872991778e-06
2.727182182182182260e+02 9.007401466740655311e-06
2.730180180180180400e+02 8.884435269174514142e-06
2.733178178178178541e+02 8.757186049955782120e-06
2.736176176176176114e+02 8.625607149131697151e-06
2.739174174174174254e+02 8.489651384698676867e-06
2.742172172172172395e+02 8.349271424816800160e-06
2.745170170170170536e+02 8.204419499736254873e-06
2.748168168168168108e+02 8.055047735119698465e-06
2.751166166166166249e+02 7.901107832677614577e-06
2.754164164164164390e+02 7.742551713271683127e-06
2.757162162162162531e+02 7.579330316449459262e-06
2.760160160160160103e+02 7.411394798719689877e-06
2.763158158158158244e+02 7.238696094084948358e-06
2.766156156156156385e+02 7.061184593880849634e-06
2.769154154154154526e+02 6.878810421937761721e-06
2.772152152152152098e+02 6.691524265545621825e-06
2.775150150150150239e+02 6.499275237843871431e-06
2.778148148148148380e+02 6.302013046156665593e-06
2.781146146146146521e+02 6.099687022937597662e-06
2.784144144144144093e+02 5.892246069834735966e-06
2.787142142142142234e+02 5.679638931449700474e-06
2.790140140140140375e+02 5.461814161233400745e-06
2.793138138138138515e+02 5.238719853159285649e-06
2.796136136136136088e+02 5.010304044986086929e-06
2.799134134134134229e+02 4.776514345037781666e-06
2.802132132132132369e+02 4.537298241977085145e-06
2.805130130130130510e+02 4.292602854494073227e-06
2.808128128128128083e+02 4.042375070708903924e-06
2.811126126126126223e+02 3.786561519973488347e-06
2.814124124124124364e+02 3.525108566698609354e-06
2.817122122122122505e+02 3.257962323300984047e-06
2.820120120120120077e+02 2.985068580954690377e-06
2.823118118118118218e+02 2.706372886587957062e-06
2.826116116116116359e+02 2.421820633007227769e-06
2.829114114114114500e+02 2.131356721046475492e-06
2.832112112112112072e+02 1.834925972806943493e-06
2.835110110110110213e+02 1.532472845856426338e-06
2.838108108108108354e+02 1.223941536383604228e-06
2.841106106106106495e+02 9.092760589110486210e-07
2.844104104104104067e+02 5.884200154802770239e-07
2.847102102102102208e+02 2.613168250557888560e-07
2.850100100100100349e+02 -7.209051222407707050e-08
2.853098098098098490e+02 -4.118587671604315979e-07
2.856096096096096062e+02 -7.580457366880427247e-07
2.859094094094094203e+02 -1.110708987307471798e-06
2.862092092092092344e+02 -1.469906483534279384e-06
2.865090090090090484e+02 -1.835696484368607150e-06
2.868088088088088057e+02 -2.208137496537515403e-06
2.871086086086086198e+02 -2.587288329472872344e-06
2.874084084084084338e+02 -2.973208051182348251e-06
2.877082082082082479e+02 -3.365956014953454106e-06
2.880080080080080052e+02 -3.765591943479849769e-06
2.883078078078078192e+02 -4.172175476096219583e-06
2.886076076076076333e+02 -4.585767072410798467e-06
2.889074074074074474e+02 -5.006427196452087759e-06
2.892072072072072046e+02 -5.434216339950484125e-06
2.895070070070070187e+02 -5.869195790907711676e-06
2.898068068068068328e+02 -6.311426770805849100e-06
2.901066066066066469e+02 -6.760970884128028171e-06
2.904064064064064041e+02 -7.217890004258470955e-06
2.907062062062062182e+02 -7.682246289710062211e-06
2.910060060060060323e+02 -8.154102185621079474e-06
2.913058058058058464e+02 -8.633520425102713213e-06
2.916056056056056036e+02 -9.120564018917828910e-06
2.919054054054054177e+02 -9.615296317144631042e-06
2.922052052052052318e+02 -1.011778075434811042e-05
2.925050050050050459e+02 -1.062808139781591730e-05
2.928048048048048031e+02 -1.114626223827716097e-05
2.931046046046046172e+02 -1.167238784320620624e-05
2.934044044044044313e+02 -1.220652290748453940e-05
2.937042042042042453e+02 -1.274873246067790760e-05
2.940040040040040026e+02 -1.329908184262724172e-05
2.943038038038038167e+02 -1.385763658658469630e-05
2.946036036036036307e+02 -1.442446266782781284e-05
2.949034034034034448e+02 -1.499962624453140247e-05
2.952032032032032021e+02 -1.558319380580801736e-05
2.955030030030030161e+02 -1.617523212687801870e-05
2.958028028028028302e+02 -1.677580828271151841e-05
2.961026026026026443e+02 -1.738498964591084250e-05
2.964024024024024015e+02 -1.800284386875429483e-05
2.967022022022022156e+02 -1.862943893944882815e-05
2.970020020020020297e+02 -1.926484312672182425e-05
2.973018018018018438e+02 -1.990912502510370238e-05
2.976016016016016010e+02 -2.056235356178270953e-05
2.979014014014014151e+02 -2.122459803275499572e-05
2.982012012012012292e+02 -2.189592817156946924e-05
2.985010010010010433e+02 -2.257641432913152235e-05
2.988008008008008005e+02 -2.326612795902485977e-05
2.991006006006006146e+02 -2.396514321172071285e-05
2.994004004004004287e+02 -2.467354277214284269e-05
2.997002002002002428e+02 -2.539137974238874333e-05
3.000000000000000000e+02 -2.611871931339425527e-05
