5.000000000000000000e-01 1.762691664832807025e-05
7.997997997997998709e-01 1.752115525441143583e-05
1.099599599599599742e+00 1.741560580717601531e-05
1.399399399399399391e+00 1.731026830662177820e-05
1.699199199199199262e+00 1.720514275274873128e-05
1.998998998998999133e+00 1.710022914555688810e-05
2.298798798798798781e+00 1.699552748504624188e-05
2.598598598598598652e+00 1.689103777121679601e-05
2.898398398398398523e+00 1.678676000406852001e-05
3.198198198198198394e+00 1.668269418360146807e-05
3.497997997997998265e+00 1.657884030981559277e-05
3.797797797797798136e+00 1.647519838271093137e-05
4.097597597597597563e+00 1.637176840228744999e-05
4.397397397397397434e+00 1.626855036854516897e-05
4.697197197197197305e+00 1.616554428148408152e-05
4.996996996996997176e+00 1.606275014110420120e-05
5.296796796796797047e+00 1.596016794740549752e-05
5.596596596596596918e+00 1.585779770038801790e-05
5.896396396396396788e+00 1.575563940005170137e-05
6.196196196196196659e+00 1.565369304639660552e-05
6.495995995995996530e+00 1.555195863942268630e-05
6.795795795795796401e+00 1.545043617912997421e-05
7.095595595595596272e+00 1.534912566551845908e-05
7.395395395395396143e+00 1.524802709858812229e-05
7.695195195195195126e+00 1.514714047833899431e-05
7.994994994994994997e+00 1.504646580477107177e-05
8.294794794794794868e+00 1.494600307788432926e-05
8.594594594594594739e+00 1.484575229767879726e-05
8.894394394394394610e+00 1.474571346415444020e-05
9.194194194194194480e+00 1.464588657731129874e-05
9.493993993993994351e+00 1.454627163714934408e-05
9.793793793793794222e+00 1.444686864366859315e-05
1.009359359359359409e+01 1.434767759686902903e-05
1.039339339339339396e+01 1.424869849675065002e-05
1.069319319319319384e+01 1.414993134331347305e-05
1.099299299299299371e+01 1.405137613655750490e-05
1.129279279279279358e+01 1.395303287648271847e-05
1.159259259259259345e+01 1.385490156308914763e-05
1.189239239239239332e+01 1.375698219637674327e-05
1.219219219219219319e+01 1.365927477634556637e-05
1.249199199199199306e+01 1.356177930299556271e-05
1.279179179179179293e+01 1.346449577632677126e-05
1.309159159159159280e+01 1.336742419633915815e-05
1.339139139139139267e+01 1.327056456303273860e-05
1.369119119119119254e+01 1.317391687640752111e-05
1.399099099099099242e+01 1.307748113646351074e-05
1.429079079079079229e+01 1.298125734320068378e-05
1.459059059059059216e+01 1.288524549661906395e-05
1.489039039039039025e+01 1.278944559671861906e-05
1.519019019019019012e+01 1.269385764349939316e-05
1.548998998998998999e+01 1.259848163696134220e-05
1.578978978978978986e+01 1.250331757710450853e-05
1.608958958958958974e+01 1.240836546392885489e-05
1.638938938938938961e+01 1.231362529743439313e-05
1.668918918918918948e+01 1.221909707762113510e-05
1.698898898898898935e+01 1.212478080448907743e-05
1.728878878878878922e+01 1.203067647803820148e-05
1.758858858858858909e+01 1.193678409826854112e-05
1.788838838838838896e+01 1.184310366518005402e-05
1.818818818818818883e+01 1.174963517877278759e-05
1.848798798798798870e+01 1.165637863904669610e-05
1.878778778778778857e+01 1.156333404600181344e-05
1.908758758758758844e+01 1.147050139963811927e-05
1.938738738738738832e+01 1.137788069995561698e-05
1.968718718718718819e+01 1.128547194695430996e-05
1.998698698698698806e+01 1.119327514063421007e-05
2.028678678678678793e+01 1.110129028099529359e-05
2.058658658658658780e+01 1.100951736803758593e-05
2.088638638638638767e+01 1.091795640176105660e-05
2.118618618618618754e+01 1.082660738216574118e-05
2.148598598598598741e+01 1.073547030925160917e-05
2.178578578578578728e+01 1.064454518301868598e-05
2.208558558558558715e+01 1.055383200346694111e-05
2.238538538538538702e+01 1.046333077059639322e-05
2.268518518518518690e+01 1.037304148440705075e-05
2.298498498498498677e+01 1.028296414489890525e-05
2.328478478478478664e+01 1.019309875207194655e-05
2.358458458458458651e+01 1.010344530592618651e-05
2.388438438438438638e+01 1.001400380646162004e-05
2.418418418418418625e+01 9.924774253678257319e-06
2.448398398398398612e+01 9.835756647576089862e-06
2.478378378378378599e+01 9.746950988155110899e-06
2.508358358358358586e+01 9.658357275415332287e-06
2.538338338338338573e+01 9.569975509356743864e-06
2.568318318318318561e+01 9.481805689979352404e-06
2.598298298298298548e+01 9.393847817283166378e-06
2.628278278278278535e+01 9.306101891268165458e-06
2.658258258258258522e+01 9.218567911934366584e-06
2.688238238238238509e+01 9.131245879281757897e-06
2.718218218218218496e+01 9.044135793310344480e-06
2.748198198198198483e+01 8.957237654020131415e-06
2.778178178178178470e+01 8.870551461411110231e-06
2.808158158158158457e+01 8.784077215483291094e-06
2.838138138138138444e+01 8.697814916236653674e-06
2.868118118118118431e+01 8.611764563671228464e-06
2.898098098098098419e+01 8.525926157786993442e-06
2.928078078078078050e+01 8.440299698583945219e-06
2.958058058058058037e+01 8.354885186062105818e-06
2.988038038038038025e+01 8.269682620221448135e-06
3.018018018018018012e+01 8.184692001061995886e-06
3.047997997997997999e+01 8.099913328583738907e-06
3.077977977977977986e+01 8.015346602786678891e-06
3.107957957957957973e+01 7.930991823670809063e-06
3.137937937937937960e+01 7.846848991236136199e-06
3.167917917917917947e+01 7.762918105482656910e-06
3.197897897897897934e+01 7.679199166410388138e-06
3.227877877877877921e+01 7.595692174019294307e-06
3.257857857857857908e+01 7.512397128309412686e-06
3.287837837837837895e+01 7.429314029280712783e-06
3.317817817817817883e+01 7.346442876933212384e-06
3.347797797797797870e+01 7.263783671266914878e-06
3.377777777777777857e+01 7.181336412281805019e-06
3.407757757757757844e+01 7.099101099977894665e-06
3.437737737737737831e+01 7.017077734355176192e-06
3.467717717717717818e+01 6.935266315413660613e-06
3.497697697697697805e+01 6.853666843153342844e-06
3.527677677677677792e+01 6.772279317574201711e-06
3.557657657657657779e+01 6.691103738676278717e-06
3.587637637637637766e+01 6.610140106459537440e-06
3.617617617617617753e+01 6.529388420923995668e-06
3.647597597597597741e+01 6.448848682069650013e-06
3.677577577577577728e+01 6.368520889896499627e-06
3.707557557557557715e+01 6.288405044404547900e-06
3.737537537537537702e+01 6.208501145593784666e-06
3.767517517517517689e+01 6.128809193464220937e-06
3.797497497497497676e+01 6.049329188015858407e-06
3.827477477477477663e+01 5.970061129248679288e-06
3.857457457457457650e+01 5.891005017162715768e-06
3.887437437437437637e+01 5.812160851757920413e-06
3.917417417417417624e+01 5.733528633034339809e-06
3.947397397397397611e+01 5.655108360991952780e-06
3.977377377377377599e+01 5.576900035630757634e-06
4.007357357357357586e+01 5.498903656950761145e-06
4.037337337337337573e+01 5.421119224951957385e-06
4.067317317317317560e+01 5.343546739634352282e-06
4.097297297297297547e+01 5.266186200997943297e-06
4.127277277277277534e+01 5.189037609042721111e-06
4.157257257257257521e+01 5.112100963768712829e-06
4.187237237237237508e+01 5.035376265175876100e-06
4.217217217217217495e+01 4.958863513264250735e-06
4.247197197197197482e+01 4.882562708033818945e-06
4.277177177177177470e+01 4.806473849484583273e-06
4.307157157157157457e+01 4.730596937616540328e-06
4.337137137137137444e+01 4.654931972429693501e-06
4.367117117117117431e+01 4.579478953924043637e-06
4.397097097097097418e+01 4.504237882099589043e-06
4.427077077077077405e+01 4.429208756956326331e-06
4.457057057057057392e+01 4.354391578494269053e-06
4.487037037037037379e+01 4.279786346713396033e-06
4.517017017017017366e+01 4.205393061613727601e-06
4.546996996996997353e+01 4.131211723195245120e-06
4.576976976976977340e+01 4.057242331457972309e-06
4.606956956956957328e+01 3.983484886401884604e-06
4.636936936936937315e+01 3.909939388026993015e-06
4.666916916916917302e+01 3.836605836333301778e-06
4.696896896896897289e+01 3.763484231320803270e-06
4.726876876876877276e+01 3.690574572989499608e-06
4.756856856856857263e+01 3.617876861339393757e-06
4.786836836836837250e+01 3.545391096370479364e-06
4.816816816816817237e+01 3.473117278082769982e-06
4.846796796796797224e+01 3.401055406476242740e-06
4.876776776776777211e+01 3.329205481550924744e-06
4.906756756756757198e+01 3.257567503306788465e-06
4.936736736736737186e+01 3.186141471743859739e-06
4.966716716716717173e+01 3.114927386862124164e-06
4.996696696696697160e+01 3.043925248661584282e-06
5.026676676676677147e+01 2.973135057142236283e-06
5.056656656656657134e+01 2.902556812304085247e-06
5.086636636636637121e+01 2.832190514147126092e-06
5.116616616616617108e+01 2.762036162671372372e-06
5.146596596596597095e+01 2.692093757876804181e-06
5.176576576576577082e+01 2.622363299763441424e-06
5.206556556556557069e+01 2.552844788331264195e-06
5.236536536536537056e+01 2.483538223580290284e-06
5.266516516516517044e+01 2.414443605510509947e-06
5.296496496496497031e+01 2.345560934121925305e-06
5.326476476476477018e+01 2.276890209414536355e-06
5.356456456456457005e+01 2.208431431388344793e-06
5.386436436436436992e+01 2.140184600043340454e-06
5.416416416416416979e+01 2.072149715379541972e-06
5.446396396396396966e+01 2.004326777396929019e-06
5.476376376376376953e+01 1.936715786095525313e-06
5.506356356356356940e+01 1.869316741475303323e-06
5.536336336336336927e+01 1.802129643536284650e-06
5.566316316316316914e+01 1.735154492278461670e-06
5.596296296296296902e+01 1.668391287701833960e-06
5.626276276276276889e+01 1.601840029806400037e-06
5.656256256256256876e+01 1.535500718592163502e-06
5.686236236236236863e+01 1.469373354059118637e-06
5.716216216216216850e+01 1.403457936207275182e-06
5.746196196196196837e+01 1.337754465036621279e-06
5.776176176176176824e+01 1.272262940547166882e-06
5.806156156156156101e+01 1.206983362738909872e-06
5.836136136136136088e+01 1.141915731611846437e-06
5.866116116116116075e+01 1.077060047165980602e-06
5.896096096096096062e+01 1.012416309401310248e-06
5.926076076076076049e+01 9.479845183178274348e-07
5.956056056056056036e+01 8.837646739155500556e-07
5.986036036036036023e+01 8.197567761944622288e-07
6.016016016016016010e+01 7.559608251545759185e-07
6.045995995995995997e+01 6.923768207958811723e-07
6.075975975975975985e+01 6.290047631183819076e-07
6.105955955955955972e+01 5.658446521220801360e-07
6.135935935935935959e+01 5.028964878069660110e-07
6.165915915915915946e+01 4.401602701730611847e-07
6.195895895895895933e+01 3.776359992203459636e-07
6.225875875875875920e+01 3.153236749488223594e-07
6.255855855855855907e+01 2.532232973585001659e-07
6.285835835835835894e+01 1.913348664493656190e-07
6.315815815815815881e+01 1.296583822214402913e-07
6.345795795795795868e+01 6.819384467470071754e-08
6.375775775775775855e+01 6.941253809156664144e-09
6.405755755755755843e+01 -5.409939037518600332e-08
6.435735735735735830e+01 -1.149280878783409855e-07
6.465715715715715817e+01 -1.755448387002945701e-07
6.495695695695695804e+01 -2.359496428410506879e-07
6.525675675675675791e+01 -2.961425003006191064e-07
6.555655655655655778e+01 -3.561234110789822496e-07
6.585635635635635765e+01 -4.158923751761615579e-07
6.615615615615615752e+01 -4.754493925921316734e-07
6.645595595595595739e+01 -5.347944633269160482e-07
6.675575575575575726e+01 -5.939275873805010241e-07
6.705555555555555713e+01 -6.528487647528885066e-07
6.735535535535535701e+01 -7.115579954440883428e-07
6.765515515515515688e+01 -7.700552794540827448e-07
6.795495495495495675e+01 -8.283406167828915120e-07
6.825475475475475662e+01 -8.864140074304930451e-07
6.855455455455455649e+01 -9.442754513969049201e-07
6.885435435435435636e+01 -1.001924948682125125e-06
6.915415415415415623e+01 -1.059362499286140002e-06
6.945395395395395610e+01 -1.116588103208969350e-06
6.975375375375375597e+01 -1.173601760450595170e-06
7.005355355355355584e+01 -1.230403471011027414e-06
7.035335335335335571e+01 -1.286993234890268199e-06
7.065315315315315559e+01 -1.343371052088307363e-06
7.095295295295295546e+01 -1.399536922605156974e-06
7.125275275275275533e+01 -1.455490846440807292e-06
7.155255255255255520e+01 -1.511232823595260011e-06
7.185235235235235507e+01 -1.566762854068525083e-06
7.215215215215215494e+01 -1.622080937860584721e-06
7.245195195195195481e+01 -1.677187074971455019e-06
7.275175175175175468e+01 -1.732081265401125600e-06
7.305155155155155455e+01 -1.786763509149606629e-06
7.335135135135135442e+01 -1.841233806216884341e-06
7.365115115115115429e+01 -1.895492156602968477e-06
7.395095095095095417e+01 -1.949538560307862850e-06
7.425075075075075404e+01 -2.003373017331554117e-06
7.455055055055055391e+01 -2.056995527674055621e-06
7.485035035035035378e+01 -2.110406091335357619e-06
7.515015015015015365e+01 -2.163604708315462231e-06
7.544994994994995352e+01 -2.216591378614377078e-06
7.574974974974975339e+01 -2.269366102232092420e-06
7.604954954954955326e+01 -2.321928879168609528e-06
7.634934934934935313e+01 -2.374279709423936872e-06
7.664914914914915300e+01 -2.426418592998064711e-06
7.694894894894895288e+01 -2.478345529891001092e-06
7.724874874874875275e+01 -2.530060520102736274e-06
7.754854854854855262e+01 -2.581563563633278304e-06
7.784834834834835249e+01 -2.632854660482626335e-06
7.814814814814815236e+01 -2.683933810650774860e-06
7.844794794794795223e+01 -2.734801014137731504e-06
7.874774774774775210e+01 -2.785456270943490761e-06
7.904754754754755197e+01 -2.835899581068053477e-06
7.934734734734735184e+01 -2.886130944511425583e-06
7.964714714714715171e+01 -2.936150361273594795e-06
7.994694694694695158e+01 -2.985957831354575937e-06
8.024674674674675146e+01 -3.035553354754355457e-06
8.054654654654655133e+01 -3.084936931472943519e-06
8.084634634634635120e+01 -3.134108561510331652e-06
8.114614614614615107e+01 -3.183068244866524516e-06
8.144594594594595094e+01 -3.231815981541526344e-06
8.174574574574575081e+01 -3.280351771535326551e-06
8.204554554554555068e+01 -3.328675614847935299e-06
8.234534534534535055e+01 -3.376787511479346237e-06
8.264514514514515042e+01 -3.424687461429561057e-06
8.294494494494495029e+01 -3.472375464698584843e-06
8.324474474474475016e+01 -3.519851521286407430e-06
8.354454454454455004e+01 -3.567115631193038559e-06
8.384434434434434991e+01 -3.614167794418471878e-06
8.414414414414414978e+01 -3.661008010962706961e-06
8.444394394394394965e+01 -3.707636280825751434e-06
8.474374374374374952e+01 -3.754052604007598519e-06
8.504354354354354939e+01 -3.800256980508249911e-06
8.534334334334334926e+01 -3.846249410327704340e-06
8.564314314314314913e+01 -3.892029893465964769e-06
8.594294294294294900e+01 -3.937598429923028234e-06
8.624274274274274887e+01 -3.982955019698895582e-06
8.654254254254254874e+01 -4.028099662793569355e-06
8.684234234234234862e+01 -4.073032359207046164e-06
8.714214214214214849e+01 -4.117753108939326856e-06
8.744194194194194836e+01 -4.162261911990414820e-06
8.774174174174174823e+01 -4.206558768360304972e-06
8.804154154154154810e+01 -4.250643678048999008e-06
8.834134134134134797e+01 -4.294516641056498621e-06
8.864114114114114784e+01 -4.338177657382799577e-06
8.894094094094094771e+01 -4.381626727027911191e-06
8.924074074074074758e+01 -4.424863849991820760e-06
8.954054054054054745e+01 -4.467889026274537600e-06
8.984034034034034732e+01 -4.510702255876056629e-06
9.014014014014014720e+01 -4.553303538796382083e-06
9.043993993993994707e+01 -4.595692875035513961e-06
9.073973973973974694e+01 -4.637870264593447181e-06
9.103953953953954681e+01 -4.679835707470185131e-06
9.133933933933934668e+01 -4.721589203665726964e-06
9.163913913913914655e+01 -4.763130753180072681e-06
9.193893893893894642e+01 -4.804460356013225669e-06
9.223873873873874629e+01 -4.845578012165180846e-06
9.253853853853854616e+01 -4.886483721635939059e-06
9.283833833833834603e+01 -4.927177484425503697e-06
9.313813813813814591e+01 -4.967659300533872218e-06
9.343793793793794578e+01 -5.007929169961047163e-06
9.373773773773774565e+01 -5.047987092707022603e-06
9.403753753753754552e+01 -5.087833068771806161e-06
9.433733733733734539e+01 -5.127467098155390215e-06
9.463713713713714526e+01 -5.166889180857778999e-06
9.493693693693694513e+01 -5.206099316878975901e-06
9.523673673673674500e+01 -5.245097506218974146e-06
9.553653653653654487e+01 -5.283883748877778814e-06
9.583633633633634474e+01 -5.322458044855384825e-06
9.613613613613614461e+01 -5.360820394151795566e-06
9.643593593593594449e+01 -5.398970796767016120e-06
9.673573573573574436e+01 -5.436909252701036321e-06
9.703553553553554423e+01 -5.474635761953861253e-06
9.733533533533534410e+01 -5.512150324525490068e-06
9.763513513513514397e+01 -5.549452940415921072e-06
9.793493493493494384e+01 -5.586543609625163583e-06
9.823473473473474371e+01 -5.623422332153204048e-06
9.853453453453454358e+01 -5.660089108000051784e-06
9.883433433433434345e+01 -5.696543937165703403e-06
9.913413413413414332e+01 -5.732786819650157211e-06
9.943393393393394319e+01 -5.768817755453419138e-06
9.973373373373374307e+01 -5.804636744575482407e-06
1.000335335335335429e+02 -5.840243787016352100e-06
1.003333333333333428e+02 -5.875638882776023983e-06
1.006331331331331427e+02 -5.910822031854502289e-06
1.009329329329329425e+02 -5.945793234251784479e-06
1.012327327327327424e+02 -5.980552489967870552e-06
1.015325325325325423e+02 -6.015099799002760508e-06
1.018323323323323422e+02 -6.049435161356455195e-06
1.021321321321321420e+02 -6.083558577028954612e-06
1.024319319319319419e+02 -6.117470046020257912e-06
1.027317317317317418e+02 -6.151169568330365095e-06
1.030315315315315416e+02 -6.184657143959277008e-06
1.033313313313313415e+02 -6.217932772906994499e-06
1.036311311311311414e+02 -6.250996455173515873e-06
1.039309309309309413e+02 -6.283848190758841977e-06
1.042307307307307411e+02 -6.316487979662969423e-06
1.045305305305305410e+02 -6.348915821885904141e-06
1.048303303303303409e+02 -6.381131717427641895e-06
1.051301301301301407e+02 -6.413135666288185226e-06
1.054299299299299406e+02 -6.444927668467531593e-06
1.057297297297297405e+02 -6.476507723965684385e-06
1.060295295295295404e+02 -6.507875832782639365e-06
1.063293293293293402e+02 -6.539031994918399076e-06
1.066291291291291401e+02 -6.569976210372963518e-06
1.069289289289289400e+02 -6.600708479146331842e-06
1.072287287287287398e+02 -6.631228801238507438e-06
1.075285285285285397e+02 -6.661537176649483529e-06
1.078283283283283396e+02 -6.691633605379264350e-06
1.081281281281281395e+02 -6.721518087427850748e-06
1.084279279279279393e+02 -6.751190622795242724e-06
1.087277277277277392e+02 -6.780651211481437736e-06
1.090275275275275391e+02 -6.809899853486436631e-06
1.093273273273273389e+02 -6.838936548810237715e-06
1.096271271271271388e+02 -6.867761297452846918e-06
1.099269269269269387e+02 -6.896374099414260850e-06
1.102267267267267385e+02 -6.924774954694476972e-06
1.105265265265265384e+02 -6.952963863293497825e-06
1.108263263263263383e+02 -6.980940825211323407e-06
1.111261261261261382e+02 -7.008705840447952873e-06
1.114259259259259380e+02 -7.036258909003386222e-06
1.117257257257257379e+02 -7.063600030877625995e-06
1.120255255255255378e+02 -7.090729206070668804e-06
1.123253253253253376e+02 -7.117646434582515497e-06
1.126251251251251375e+02 -7.144351716413166073e-06
1.129249249249249374e+02 -7.170845051562623920e-06
1.132247247247247373e+02 -7.197126440030883956e-06
1.135245245245245371e+02 -7.223195881817947029e-06
1.138243243243243370e+02 -7.249053376923816525e-06
1.141241241241241369e+02 -7.274698925348490752e-06
1.144239239239239367e+02 -7.300132527091966322e-06
1.147237237237237366e+02 -7.325354182154250009e-06
1.150235235235235365e+02 -7.350363890535335886e-06
1.153233233233233364e+02 -7.375161652235226493e-06
1.156231231231231220e+02 -7.399747467253920136e-06
1.159229229229229219e+02 -7.424121335591420203e-06
1.162227227227227218e+02 -7.448283257247724154e-06
1.165225225225225216e+02 -7.472233232222831988e-06
1.168223223223223215e+02 -7.495971260516743705e-06
1.171221221221221214e+02 -7.519497342129460999e-06
1.174219219219219212e+02 -7.542811477060982177e-06
1.177217217217217211e+02 -7.565913665311307237e-06
1.180215215215215210e+02 -7.588803906880437028e-06
1.183213213213213209e+02 -7.611482201768371550e-06
1.186211211211211207e+02 -7.633948549975110801e-06
1.189209209209209206e+02 -7.656202951500653089e-06
1.192207207207207205e+02 -7.678245406345001801e-06
1.195205205205205203e+02 -7.700075914508151855e-06
1.198203203203203202e+02 -7.721694475990108333e-06
1.201201201201201201e+02 -7.743101090790869542e-06
1.204199199199199199e+02 -7.764295758910433787e-06
1.207197197197197198e+02 -7.785278480348802762e-06
1.210195195195195197e+02 -7.806049255105974773e-06
1.213193193193193196e+02 -7.826608083181951515e-06
1.216191191191191194e+02 -7.846954964576736375e-06
1.219189189189189193e+02 -7.867089899290322577e-06
1.222187187187187192e+02 -7.887012887322713509e-06
1.225185185185185190e+02 -7.906723928673907477e-06
1.228183183183183189e+02 -7.926223023343906176e-06
1.231181181181181188e+02 -7.945510171332711299e-06
1.234179179179179187e+02 -7.964585372640321152e-06
1.237177177177177185e+02 -7.983448627266732348e-06
1.240175175175175184e+02 -8.002099935211949967e-06
1.243173173173173183e+02 -8.020539296475970623e-06
1.246171171171171181e+02 -8.038766711058796009e-06
1.249169169169169180e+02 -8.056782178960426126e-06
1.252167167167167179e+02 -8.074585700180859278e-06
1.255165165165165178e+02 -8.092177274720098855e-06
1.258163163163163176e+02 -8.109556902578141468e-06
1.261161161161161175e+02 -8.126724583754988811e-06
1.264159159159159174e+02 -8.143680318250642579e-06
1.267157157157157172e+02 -8.160424106065097689e-06
1.270155155155155171e+02 -8.176955947198357528e-06
1.273153153153153170e+02 -8.193275841650422099e-06
1.276151151151151169e+02 -8.209383789421291399e-06
1.279149149149149167e+02 -8.225279790510965430e-06
1.282147147147147166e+02 -8.240963844919444191e-06
1.285145145145145307e+02 -8.256435952646725988e-06
1.288143143143143163e+02 -8.271696113692812515e-06
1.291141141141141304e+02 -8.286744328057703773e-06
1.294139139139139161e+02 -8.301580595741398066e-06
1.297137137137137302e+02 -8.316204916743900479e-06
1.300135135135135158e+02 -8.330617291065200845e-06
1.303133133133133299e+02 -8.344817718705311023e-06
1.306131131131131156e+02 -8.358806199664224238e-06
1.309129129129129296e+02 -8.372582733941940489e-06
1.312127127127127153e+02 -8.386147321538461470e-06
1.315125125125125294e+02 -8.399499962453788876e-06
1.318123123123123150e+02 -8.412640656687917623e-06
1.321121121121121291e+02 -8.425569404240851101e-06
1.324119119119119148e+02 -8.438286205112591003e-06
1.327117117117117289e+02 -8.450791059303133942e-06
1.330115115115115145e+02 -8.463083966812479916e-06
1.333113113113113286e+02 -8.475164927640632315e-06
1.336111111111111143e+02 -8.487033941787591138e-06
1.339109109109109284e+02 -8.498691009253349609e-06
1.342107107107107140e+02 -8.510136130037914505e-06
1.345105105105105281e+02 -8.521369304141285825e-06
1.348103103103103138e+02 -8.532390531563458487e-06
1.351101101101101278e+02 -8.543199812304435879e-06
1.354099099099099135e+02 -8.553797146364218001e-06
1.357097097097097276e+02 -8.564182533742804854e-06
1.360095095095095132e+02 -8.574355974440194743e-06
1.363093093093093273e+02 -8.584317468456391056e-06
1.366091091091091130e+02 -8.594067015791392099e-06
1.369089089089089271e+02 -8.603604616445196179e-06
1.372087087087087127e+02 -8.612930270417803295e-06
1.375085085085085268e+02 -8.622043977709216835e-06
1.378083083083083125e+02 -8.630945738319433411e-06
1.381081081081081265e+02 -8.639635552248454717e-06
1.384079079079079122e+02 -8.648113419496280754e-06
1.387077077077077263e+02 -8.656379340062911521e-06
1.390075075075075119e+02 -8.664433313948345324e-06
1.393073073073073260e+02 -8.672275341152585552e-06
1.396071071071071117e+02 -8.679905421675628816e-06
1.399069069069069258e+02 -8.687323555517476809e-06
1.402067067067067114e+02 -8.694529742678127840e-06
1.405065065065065255e+02 -8.701523983157585294e-06
1.408063063063063112e+02 -8.708306276955845785e-06
1.411061061061061253e+02 -8.714876624072909311e-06
1.414059059059059109e+02 -8.721235024508777568e-06
1.417057057057057250e+02 -8.727381478263453944e-06
1.420055055055055107e+02 -8.733315985336931661e-06
1.423053053053053247e+02 -8.739038545729214109e-06
1.426051051051051104e+02 -8.744549159440301287e-06
1.429049049049049245e+02 -8.749847826470191501e-06
1.432047047047047101e+02 -8.754934546818886446e-06
1.435045045045045242e+02 -8.759809320486386120e-06
1.438043043043043099e+02 -8.764472147472692219e-06
1.441041041041041240e+02 -8.768923027777799660e-06
1.444039039039039096e+02 -8.773161961401711832e-06
1.447037037037037237e+02 -8.777188948344430427e-06
1.450035035035035094e+02 -8.781003988605952059e-06
1.453033033033033234e+02 -8.784607082186276727e-06
1.456031031031031091e+02 -8.787998229085407819e-06
1.459029029029029232e+02 -8.791177429303343642e-06
1.462027027027027088e+02 -8.794144682840080807e-06
1.465025025025025229e+02 -8.796899989695624396e-06
1.468023023023023086e+02 -8.799443349869974409e-06
1.471021021021021227e+02 -8.801774763363125764e-06
1.474019019019019083e+02 -8.803894230175081850e-06
1.477017017017017224e+02 -8.805801750305842666e-06
1.480015015015015081e+02 -8.807497323755408212e-06
1.483013013013013222e+02 -8.808980950523776795e-06
1.486011011011011078e+02 -8.810252630610950107e-06
1.489009009009009219e+02 -8.811312364016929844e-06
1.492007007007007076e+02 -8.812160150741710923e-06
1.495005005005005216e+02 -8.812795990785298426e-06
1.498003003003003073e+02 -8.813219884147690660e-06
1.501001001001001214e+02 -8.813431830828885930e-06
1.503998998998999070e+02 -8.813431830828885930e-06
1.506996996996997211e+02 -8.813219884147688966e-06
1.509994994994995068e+02 -8.812795990785298426e-06
1.512992992992993209e+02 -8.812160150741712617e-06
1.515990990990991065e+02 -8.811312364016928150e-06
1.518988988988989206e+02 -8.810252630610950107e-06
1.521986986986987063e+02 -8.808980950523776795e-06
1.524984984984985203e+02 -8.807497323755406518e-06
1.527982982982983060e+02 -8.805801750305842666e-06
1.530980980980981201e+02 -8.803894230175081850e-06
1.533978978978979058e+02 -8.801774763363125764e-06
1.536976976976977198e+02 -8.799443349869972715e-06
1.539974974974975055e+02 -8.796899989695624396e-06
1.542972972972972912e+02 -8.794144682840082501e-06
1.545970970970971052e+02 -8.791177429303341948e-06
1.548968968968968909e+02 -8.787998229085407819e-06
1.551966966966967050e+02 -8.784607082186278421e-06
1.554964964964964906e+02 -8.781003988605950365e-06
1.557962962962963047e+02 -8.777188948344428733e-06
1.560960960960960904e+02 -8.773161961401713526e-06
1.563958958958959045e+02 -8.768923027777799660e-06
1.566956956956956901e+02 -8.764472147472690525e-06
1.569954954954955042e+02 -8.759809320486386120e-06
1.572952952952952899e+02 -8.754934546818888140e-06
1.575950950950951039e+02 -8.749847826470191501e-06
1.578948948948948896e+02 -8.744549159440299593e-06
1.581946946946947037e+02 -8.739038545729214109e-06
1.584944944944944893e+02 -8.733315985336931661e-06
1.587942942942943034e+02 -8.727381478263452250e-06
1.590940940940940891e+02 -8.721235024508779262e-06
1.593938938938939032e+02 -8.714876624072909311e-06
1.596936936936936888e+02 -8.708306276955844090e-06
1.599934934934935029e+02 -8.701523983157583600e-06
1.602932932932932886e+02 -8.694529742678129534e-06
1.605930930930931027e+02 -8.687323555517475115e-06
1.608928928928928883e+02 -8.679905421675628816e-06
1.611926926926927024e+02 -8.672275341152583858e-06
1.614924924924924881e+02 -8.664433313948347018e-06
1.617922922922923021e+02 -8.656379340062911521e-06
1.620920920920920878e+02 -8.648113419496280754e-06
1.623918918918919019e+02 -8.639635552248454717e-06
1.626916916916916875e+02 -8.630945738319433411e-06
1.629914914914915016e+02 -8.622043977709215141e-06
1.632912912912912873e+02 -8.612930270417803295e-06
1.635910910910911014e+02 -8.603604616445194485e-06
1.638908908908908870e+02 -8.594067015791392099e-06
1.641906906906907011e+02 -8.584317468456391056e-06
1.644904904904904868e+02 -8.574355974440196437e-06
1.647902902902903008e+02 -8.564182533742804854e-06
1.650900900900900865e+02 -8.553797146364218001e-06
1.653898898898899006e+02 -8.543199812304435879e-06
1.656896896896896862e+02 -8.532390531563456792e-06
1.659894894894895003e+02 -8.521369304141284131e-06
1.662892892892892860e+02 -8.510136130037916199e-06
1.665890890890891001e+02 -8.498691009253349609e-06
1.668888888888888857e+02 -8.487033941787589444e-06
1.671886886886886998e+02 -8.475164927640632315e-06
1.674884884884884855e+02 -8.463083966812483304e-06
1.677882882882882996e+02 -8.450791059303133942e-06
1.680880880880880852e+02 -8.438286205112591003e-06
1.683878878878878993e+02 -8.425569404240852795e-06
1.686876876876876850e+02 -8.412640656687915929e-06
1.689874874874874990e+02 -8.399499962453787182e-06
1.692872872872872847e+02 -8.386147321538459776e-06
1.695870870870870988e+02 -8.372582733941938795e-06
1.698868868868868844e+02 -8.358806199664222544e-06
1.701866866866866985e+02 -8.344817718705309329e-06
1.704864864864864842e+02 -8.330617291065202539e-06
1.707862862862862983e+02 -8.316204916743897090e-06
1.710860860860860839e+02 -8.301580595741399761e-06
1.713858858858858980e+02 -8.286744328057702079e-06
1.716856856856856837e+02 -8.271696113692812515e-06
1.719854854854854977e+02 -8.256435952646724294e-06
1.722852852852852834e+02 -8.240963844919442497e-06
1.725850850850850975e+02 -8.225279790510965430e-06
1.728848848848848831e+02 -8.209383789421291399e-06
1.731846846846846972e+02 -8.193275841650420405e-06
1.734844844844844829e+02 -8.176955947198359223e-06
1.737842842842842970e+02 -8.160424106065095994e-06
1.740840840840840826e+02 -8.143680318250642579e-06
1.743838838838838967e+02 -8.126724583754990505e-06
1.746836836836836824e+02 -8.109556902578141468e-06
1.749834834834834965e+02 -8.092177274720100549e-06
1.752832832832832821e+02 -8.074585700180859278e-06
1.755830830830830962e+02 -8.056782178960426126e-06
1.758828828828828819e+02 -8.038766711058796009e-06
1.761826826826826959e+02 -8.020539296475968929e-06
1.764824824824824816e+02 -8.002099935211949967e-06
1.767822822822822957e+02 -7.983448627266730654e-06
1.770820820820820813e+02 -7.964585372640321152e-06
1.773818818818818954e+02 -7.945510171332711299e-06
1.776816816816816811e+02 -7.926223023343907870e-06
1.779814814814814952e+02 -7.906723928673905783e-06
1.782812812812812808e+02 -7.887012887322713509e-06
1.785810810810810949e+02 -7.867089899290322577e-06
1.788808808808808806e+02 -7.846954964576732987e-06
1.791806806806806946e+02 -7.826608083181951515e-06
1.794804804804804803e+02 -7.806049255105976467e-06
1.797802802802802944e+02 -7.785278480348801068e-06
1.800800800800800801e+02 -7.764295758910433787e-06
1.803798798798798941e+02 -7.743101090790867848e-06
1.806796796796796798e+02 -7.721694475990110027e-06
1.809794794794794939e+02 -7.700075914508150161e-06
1.812792792792792795e+02 -7.678245406345001801e-06
1.815790790790790936e+02 -7.656202951500653089e-06
1.818788788788788793e+02 -7.633948549975110801e-06
1.821786786786786934e+02 -7.611482201768371550e-06
1.824784784784784790e+02 -7.588803906880437028e-06
1.827782782782782931e+02 -7.565913665311307237e-06
1.830780780780780788e+02 -7.542811477060981330e-06
1.833778778778778928e+02 -7.519497342129457611e-06
1.836776776776776785e+02 -7.495971260516743705e-06
1.839774774774774926e+02 -7.472233232222829447e-06
1.842772772772772782e+02 -7.448283257247724154e-06
1.845770770770770923e+02 -7.424121335591420203e-06
1.848768768768768780e+02 -7.399747467253919289e-06
1.851766766766766921e+02 -7.375161652235225646e-06
1.854764764764764777e+02 -7.350363890535334192e-06
1.857762762762762918e+02 -7.325354182154247468e-06
1.860760760760760775e+02 -7.300132527091966322e-06
1.863758758758758916e+02 -7.274698925348486517e-06
1.866756756756756772e+02 -7.249053376923816525e-06
1.869754754754754913e+02 -7.223195881817944487e-06
1.872752752752752770e+02 -7.197126440030883956e-06
1.875750750750750910e+02 -7.170845051562621379e-06
1.878748748748748767e+02 -7.144351716413166073e-06
1.881746746746746908e+02 -7.117646434582512109e-06
1.884744744744744764e+02 -7.090729206070667110e-06
1.887742742742742905e+02 -7.063600030877622607e-06
1.890740740740740762e+02 -7.036258909003387069e-06
1.893738738738738903e+02 -7.008705840447950332e-06
1.896736736736736759e+02 -6.980940825211322560e-06
1.899734734734734900e+02 -6.952963863293495283e-06
1.902732732732732757e+02 -6.924774954694475278e-06
1.905730730730730897e+02 -6.896374099414257462e-06
1.908728728728728754e+02 -6.867761297452846071e-06
1.911726726726726895e+02 -6.838936548810236868e-06
1.914724724724724751e+02 -6.809899853486434090e-06
1.917722722722722892e+02 -6.780651211481434348e-06
1.920720720720720749e+02 -6.751190622795240183e-06
1.923718718718718890e+02 -6.721518087427848207e-06
1.926716716716716746e+02 -6.691633605379265197e-06
1.929714714714714887e+02 -6.661537176649479294e-06
1.932712712712712744e+02 -6.631228801238503203e-06
1.935710710710710885e+02 -6.600708479146330148e-06
1.938708708708708741e+02 -6.569976210372963518e-06
1.941706706706706882e+02 -6.539031994918395688e-06
1.944704704704704739e+02 -6.507875832782638518e-06
1.947702702702702879e+02 -6.476507723965682691e-06
1.950700700700700736e+02 -6.444927668467529899e-06
1.953698698698698877e+02 -6.413135666288182685e-06
1.956696696696696733e+02 -6.381131717427639354e-06
1.959694694694694874e+02 -6.348915821885899059e-06
1.962692692692692731e+02 -6.316487979662968576e-06
1.965690690690690872e+02 -6.283848190758837742e-06
1.968688688688688728e+02 -6.250996455173514179e-06
1.971686686686686869e+02 -6.217932772906991111e-06
1.974684684684684726e+02 -6.184657143959273620e-06
1.977682682682682866e+02 -6.151169568330363401e-06
1.980680680680680723e+02 -6.117470046020255370e-06
1.983678678678678864e+02 -6.083558577028950376e-06
1.986676676676676720e+02 -6.049435161356453501e-06
1.989674674674674861e+02 -6.015099799002755426e-06
1.992672672672672718e+02 -5.980552489967867164e-06
1.995670670670670859e+02 -5.945793234251781938e-06
1.998668668668668715e+02 -5.910822031854500595e-06
2.001666666666666856e+02 -5.875638882776022288e-06
2.004664664664664713e+02 -5.840243787016349559e-06
2.007662662662662854e+02 -5.804636744575481560e-06
2.010660660660660710e+02 -5.768817755453418291e-06
2.013658658658658851e+02 -5.732786819650153823e-06
2.016656656656656708e+02 -5.696543937165700862e-06
2.019654654654654848e+02 -5.660089108000047549e-06
2.022652652652652705e+02 -5.623422332153202354e-06
2.025650650650650846e+02 -5.586543609625160195e-06
2.028648648648648702e+02 -5.549452940415923614e-06
2.031646646646646843e+02 -5.512150324525486680e-06
2.034644644644644700e+02 -5.474635761953858712e-06
2.037642642642642841e+02 -5.436909252701032933e-06
2.040640640640640697e+02 -5.398970796767013579e-06
2.043638638638638838e+02 -5.360820394151793025e-06
2.046636636636636695e+02 -5.322458044855383131e-06
2.049634634634634835e+02 -5.283883748877776273e-06
2.052632632632632692e+02 -5.245097506218972452e-06
2.055630630630630833e+02 -5.206099316878973360e-06
2.058628628628628690e+02 -5.166889180857778999e-06
2.061626626626626830e+02 -5.127467098155386827e-06
2.064624624624624687e+02 -5.087833068771802773e-06
2.067622622622622828e+02 -5.047987092707018368e-06
2.070620620620620684e+02 -5.007929169961044622e-06
2.073618618618618825e+02 -4.967659300533868829e-06
2.076616616616616682e+02 -4.927177484425504544e-06
2.079614614614614823e+02 -4.886483721635938212e-06
2.082612612612612679e+02 -4.845578012165178305e-06
2.085610610610610820e+02 -4.804460356013219740e-06
2.088608608608608677e+02 -4.763130753180070987e-06
2.091606606606606817e+02 -4.721589203665723576e-06
2.094604604604604674e+02 -4.679835707470182590e-06
2.097602602602602815e+02 -4.637870264593442945e-06
2.100600600600600671e+02 -4.595692875035510573e-06
2.103598598598598812e+02 -4.553303538796377848e-06
2.106596596596596669e+02 -4.510702255876054935e-06
2.109594594594594810e+02 -4.467889026274534212e-06
2.112592592592592666e+02 -4.424863849991819913e-06
2.115590590590590807e+02 -4.381626727027903568e-06
2.118588588588588664e+02 -4.338177657382799577e-06
2.121586586586586805e+02 -4.294516641056493539e-06
2.124584584584584661e+02 -4.250643678048995620e-06
2.127582582582582802e+02 -4.206558768360299890e-06
2.130580580580580659e+02 -4.162261911990413973e-06
2.133578578578578799e+02 -4.117753108939325162e-06
2.136576576576576656e+02 -4.073032359207044470e-06
2.139574574574574797e+02 -4.028099662793566814e-06
2.142572572572572653e+02 -3.982955019698895582e-06
2.145570570570570794e+02 -3.937598429923023152e-06
2.148568568568568651e+02 -3.892029893465962228e-06
2.151566566566566792e+02 -3.846249410327701799e-06
2.154564564564564648e+02 -3.800256980508246100e-06
2.157562562562562789e+02 -3.754052604007593861e-06
2.160560560560560646e+02 -3.707636280825750587e-06
2.163558558558558786e+02 -3.661008010962706114e-06
2.166556556556556643e+02 -3.614167794418468066e-06
2.169554554554554784e+02 -3.567115631193032630e-06
2.172552552552552640e+02 -3.519851521286407430e-06
2.175550550550550781e+02 -3.472375464698578067e-06
2.178548548548548638e+02 -3.424687461429561904e-06
2.181546546546546779e+02 -3.376787511479344119e-06
2.184544544544544635e+02 -3.328675614847933182e-06
2.187542542542542776e+02 -3.280351771535320622e-06
2.190540540540540633e+02 -3.231815981541522533e-06
2.193538538538538774e+02 -3.183068244866519857e-06
2.196536536536536630e+02 -3.134108561510326570e-06
2.199534534534534771e+02 -3.084936931472935895e-06
2.202532532532532628e+02 -3.035553354754353763e-06
2.205530530530530768e+02 -2.985957831354568738e-06
2.208528528528528625e+02 -2.936150361273592677e-06
2.211526526526526766e+02 -2.886130944511420924e-06
2.214524524524524622e+02 -2.835899581068052630e-06
2.217522522522522763e+02 -2.785456270943484832e-06
2.220520520520520620e+02 -2.734801014137729387e-06
2.223518518518518761e+02 -2.683933810650773590e-06
2.226516516516516617e+02 -2.632854660482622523e-06
2.229514514514514758e+02 -2.581563563633275339e-06
2.232512512512512615e+02 -2.530060520102736274e-06
2.235510510510510755e+02 -2.478345529890995163e-06
2.238508508508508612e+02 -2.426418592998060900e-06
2.241506506506506753e+02 -2.374279709423933908e-06
2.244504504504504609e+02 -2.321928879168608681e-06
2.247502502502502750e+02 -2.269366102232085644e-06
2.250500500500500607e+02 -2.216591378614372843e-06
2.253498498498498748e+02 -2.163604708315460113e-06
2.256496496496496604e+02 -2.110406091335353384e-06
2.259494494494494745e+02 -2.056995527674047574e-06
2.262492492492492602e+02 -2.003373017331549882e-06
2.265490490490490743e+02 -1.949538560307855226e-06
2.268488488488488599e+02 -1.895492156602966360e-06
2.271486486486486740e+02 -1.841233806216878411e-06
2.274484484484484597e+02 -1.786763509149600699e-06
2.277482482482482737e+02 -1.732081265401119671e-06
2.280480480480480594e+02 -1.677187074971450995e-06
2.283478478478478735e+02 -1.622080937860582815e-06
2.286476476476476591e+02 -1.566762854068519154e-06
2.289474474474474732e+02 -1.511232823595258105e-06
2.292472472472472589e+02 -1.455490846440803268e-06
2.295470470470470730e+02 -1.399536922605151256e-06
2.298468468468468586e+02 -1.343371052088305457e-06
2.301466466466466727e+02 -1.286993234890260364e-06
2.304464464464464584e+02 -1.230403471011029319e-06
2.307462462462462440e+02 -1.173601760450595170e-06
2.310460460460460581e+02 -1.116588103208965327e-06
2.313458458458458438e+02 -1.059362499286142120e-06
2.316456456456456579e+02 -1.001924948682119196e-06
2.319454454454454435e+02 -9.442754513969049201e-07
2.322452452452452576e+02 -8.864140074304910334e-07
2.325450450450450433e+02 -8.283406167828896062e-07
2.328448448448448573e+02 -7.700552794540808389e-07
2.331446446446446430e+02 -7.115579954440883428e-07
2.334444444444444571e+02 -6.528487647528885066e-07
2.337442442442442427e+02 -5.939275873805010241e-07
2.340440440440440568e+02 -5.347944633269160482e-07
2.343438438438438425e+02 -4.754493925921355909e-07
2.346436436436436566e+02 -4.158923751761556816e-07
2.349434434434434422e+02 -3.561234110789842083e-07
2.352432432432432563e+02 -2.961425003006132301e-07
2.355430430430430420e+02 -2.359496428410546055e-07
2.358428428428428560e+02 -1.755448387002926113e-07
2.361426426426426417e+02 -1.149280878783409855e-07
2.364424424424424558e+02 -5.409939037518600332e-08
2.367422422422422414e+02 6.941253809156664144e-09
2.370420420420420555e+02 6.819384467470071754e-08
2.373418418418418412e+02 1.296583822214363738e-07
2.376416416416416553e+02 1.913348664493714953e-07
2.379414414414414409e+02 2.532232973584982072e-07
2.382412412412412550e+02 3.153236749488282357e-07
2.385410410410410407e+02 3.776359992203440048e-07
2.388408408408408548e+02 4.401602701730631434e-07
2.391406406406406404e+02 5.028964878069699285e-07
2.394404404404404545e+02 5.658446521220820419e-07
2.397402402402402402e+02 6.290047631183798959e-07
2.400400400400400542e+02 6.923768207958830781e-07
2.403398398398398399e+02 7.559608251545739068e-07
2.406396396396396540e+02 8.197567761944661463e-07
2.409394394394394396e+02 8.837646739155480439e-07
2.412392392392392537e+02 9.479845183178333640e-07
2.415390390390390394e+02 1.012416309401306225e-06
2.418388388388388535e+02 1.077060047165982508e-06
2.421386386386386391e+02 1.141915731611848343e-06
2.424384384384384532e+02 1.206983362738913683e-06
2.427382382382382389e+02 1.272262940547168788e-06
2.430380380380380529e+02 1.337754465036629114e-06
2.433378378378378386e+02 1.403457936207275182e-06
2.436376376376376527e+02 1.469373354059126472e-06
2.439374374374374383e+02 1.535500718592163502e-06
2.442372372372372524e+02 1.601840029806401943e-06
2.445370370370370381e+02 1.668391287701833960e-06
2.448368368368368522e+02 1.735154492278465482e-06
2.451366366366366378e+02 1.802129643536288673e-06
2.454364364364364519e+02 1.869316741475311158e-06
2.457362362362362376e+02 1.936715786095525313e-06
2.460360360360360517e+02 2.004326777396938760e-06
2.463358358358358373e+02 2.072149715379541972e-06
2.466356356356356514e+02 2.140184600043348501e-06
2.469354354354354371e+02 2.208431431388342675e-06
2.472352352352352511e+02 2.276890209414538049e-06
2.475350350350350368e+02 2.345560934121925305e-06
2.478348348348348509e+02 2.414443605510514183e-06
2.481346346346346365e+02 2.483538223580294095e-06
2.484344344344344506e+02 2.552844788331271819e-06
2.487342342342342363e+02 2.622363299763443118e-06
2.490340340340340504e+02 2.692093757876813922e-06
2.493338338338338360e+02 2.762036162671372372e-06
2.496336336336336501e+02 2.832190514147137951e-06
2.499334334334334358e+02 2.902556812304085247e-06
2.502332332332332498e+02 2.973135057142242212e-06
2.505330330330330355e+02 3.043925248661582588e-06
2.508328328328328496e+02 3.114927386862127129e-06
2.511326326326326353e+02 3.186141471743862703e-06
2.514324324324324493e+02 3.257567503306797359e-06
2.517322322322322350e+02 3.329205481550924744e-06
2.520320320320320491e+02 3.401055406476251634e-06
2.523318318318318347e+02 3.473117278082769982e-06
2.526316316316316488e+02 3.545391096370488258e-06
2.529314314314314345e+02 3.617876861339393757e-06
2.532312312312312486e+02 3.690574572989506384e-06
2.535310310310310342e+02 3.763484231320804117e-06
2.538308308308308483e+02 3.836605836333304319e-06
2.541306306306306340e+02 3.909939388026996403e-06
2.544304304304304480e+02 3.983484886401888839e-06
2.547302302302302337e+02 4.057242331457972309e-06
2.550300300300300478e+02 4.131211723195255285e-06
2.553298298298298334e+02 4.205393061613730142e-06
2.556296296296296475e+02 4.279786346713404504e-06
2.559294294294294332e+02 4.354391578494266512e-06
2.562292292292292473e+02 4.429208756956336496e-06
2.565290290290290613e+02 4.504237882099598361e-06
2.568288288288288186e+02 4.579478953924042790e-06
2.571286286286286327e+02 4.654931972429695195e-06
2.574284284284284468e+02 4.730596937616544563e-06
2.577282282282282608e+02 4.806473849484591743e-06
2.580280280280280181e+02 4.882562708033818945e-06
2.583278278278278322e+02 4.958863513264254970e-06
2.586276276276276462e+02 5.035376265175886265e-06
2.589274274274274603e+02 5.112100963768712829e-06
2.592272272272272176e+02 5.189037609042721958e-06
2.595270270270270316e+02 5.266186200997939909e-06
2.598268268268268457e+02 5.343546739634358212e-06
2.601266266266266598e+02 5.421119224951966702e-06
2.604264264264264170e+02 5.498903656950759451e-06
2.607262262262262311e+02 5.576900035630760175e-06
2.610260260260260452e+02 5.655108360991957015e-06
2.613258258258258593e+02 5.733528633034352514e-06
2.616256256256256165e+02 5.812160851757922954e-06
2.619254254254254306e+02 5.891005017162710686e-06
2.622252252252252447e+02 5.970061129248689453e-06
2.625250250250250588e+02 6.049329188015864336e-06
2.628248248248248160e+02 6.128809193464220937e-06
2.631246246246246301e+02 6.208501145593787207e-06
2.634244244244244442e+02 6.288405044404552982e-06
2.637242242242242583e+02 6.368520889896509792e-06
2.640240240240240155e+02 6.448848682069650013e-06
2.643238238238238296e+02 6.529388420923998209e-06
2.646236236236236437e+02 6.610140106459542522e-06
2.649234234234234577e+02 6.691103738676286340e-06
2.652232232232232150e+02 6.772279317574204252e-06
2.655230230230230291e+02 6.853666843153339456e-06
2.658228228228228431e+02 6.935266315413665695e-06
2.661226226226226572e+02 7.017077734355188898e-06
2.664224224224224145e+02 7.099101099977892971e-06
2.667222222222222285e+02 7.181336412281806713e-06
2.670220220220220426e+02 7.263783671266920808e-06
2.673218218218218567e+02 7.346442876933225936e-06
2.676216216216216139e+02 7.429314029280712783e-06
2.679214214214214280e+02 7.512397128309408451e-06
2.682212212212212421e+02 7.595692174019301930e-06
2.685210210210210562e+02 7.679199166410388138e-06
2.688208208208208134e+02 7.762918105482658604e-06
2.691206206206206275e+02 7.846848991236141281e-06
2.694204204204204416e+02 7.930991823670817533e-06
2.697202202202202557e+02 8.015346602786685667e-06
2.700200200200200129e+02 8.099913328583738907e-06
2.703198198198198270e+02 8.184692001061999274e-06
2.706196196196196411e+02 8.269682620221456605e-06
2.709194194194194552e+02 8.354885186062114289e-06
2.712192192192192124e+02 8.440299698583950301e-06
2.715190190190190265e+02 8.525926157786993442e-06
2.718188188188188406e+02 8.611764563671233546e-06
2.721186186186186546e+02 8.697814916236668920e-06
2.724184184184184119e+02 8.784077215483286012e-06
2.727182182182182260e+02 8.870551461411113619e-06
2.730180180180180400e+02 8.957237654020141579e-06
2.733178178178178541e+02 9.044135793310358032e-06
2.736176176176176114e+02 9.131245879281757897e-06
2.739174174174174254e+02 9.218567911934366584e-06
2.742172172172172395e+02 9.306101891268172234e-06
2.745170170170170536e+02 9.393847817283178237e-06
2.748168168168168108e+02 9.481805689979359180e-06
2.751166166166166249e+02 9.569975509356750640e-06
2.754164164164164390e+02 9.658357275415339064e-06
2.757162162162162531e+02 9.746950988155121063e-06
2.760160160160160103e+02 9.835756647576086474e-06
2.763158158158158244e+02 9.924774253678260707e-06
2.766156156156156385e+02 1.001400380646163529e-05
2.769154154154154526e+02 1.010344530592620345e-05
2.772152152152152098e+02 1.019309875207194825e-05
2.775150150150150239e+02 1.028296414489890695e-05
2.778148148148148380e+02 1.037304148440705922e-05
2.781146146146146521e+02 1.046333077059641355e-05
2.784144144144144093e+02 1.055383200346693603e-05
2.787142142142142234e+02 1.064454518301868089e-05
2.790140140140140375e+02 1.073547030925161764e-05
2.793138138138138515e+02 1.082660738216574795e-05
2.796136136136136088e+02 1.091795640176106168e-05
2.799134134134134229e+02 1.100951736803758424e-05
2.802132132132132369e+02 1.110129028099530545e-05
2.805130130130130510e+02 1.119327514063422023e-05
2.808128128128128083e+02 1.128547194695431335e-05
2.811126126126126223e+02 1.137788069995561867e-05
2.814124124124124364e+02 1.147050139963812096e-05
2.817122122122122505e+02 1.156333404600182021e-05
2.820120120120120077e+02 1.165637863904669271e-05
2.823118118118118218e+02 1.174963517877278589e-05
2.826116116116116359e+02 1.184310366518006926e-05
2.829114114114114500e+02 1.193678409826854790e-05
2.832112112112112072e+02 1.203067647803820826e-05
2.835110110110110213e+02 1.212478080448907743e-05
2.838108108108108354e+02 1.221909707762114866e-05
2.841106106106106495e+02 1.231362529743441176e-05
2.844104104104104067e+02 1.240836546392885320e-05
2.847102102102102208e+02 1.250331757710450345e-05
2.850100100100100349e+02 1.259848163696135237e-05
2.853098098098098490e+02 1.269385764349939824e-05
2.856096096096096062e+02 1.278944559671862245e-05
2.859094094094094203e+02 1.288524549661906395e-05
2.862092092092092344e+02 1.298125734320069394e-05
2.865090090090090484e+02 1.307748113646352090e-05
2.868088088088088057e+02 1.317391687640752788e-05
2.871086086086086198e+02 1.327056456303274538e-05
2.874084084084084338e+02 1.336742419633915984e-05
2.877082082082082479e+02 1.346449577632677465e-05
2.880080080080080052e+02 1.356177930299556271e-05
2.883078078078078192e+02 1.365927477634556467e-05
2.886076076076076333e+02 1.375698219637676021e-05
2.889074074074074474e+02 1.385490156308915272e-05
2.892072072072072046e+02 1.395303287648272524e-05
2.895070070070070187e+02 1.405137613655750829e-05
2.898068068068068328e+02 1.414993134331349338e-05
2.901066066066066469e+02 1.424869849675066696e-05
2.904064064064064041e+02 1.434767759686902056e-05
2.907062062062062182e+02 1.444686864366858638e-05
2.910060060060060323e+02 1.454627163714934746e-05
2.913058058058058464e+02 1.464588657731131229e-05
2.916056056056056036e+02 1.474571346415444867e-05
2.919054054054054177e+02 1.484575229767879556e-05
2.922052052052052318e+02 1.494600307788434112e-05
2.925050050050050459e+02 1.504646580477108194e-05
2.928048048048048031e+02 1.514714047833899940e-05
2.931046046046046172e+02 1.524802709858813076e-05
2.934044044044044313e+02 1.534912566551846586e-05
2.937042042042042453e+02 1.545043617912998776e-05
2.940040040040040026e+02 1.555195863942268630e-05
2.943038038038038167e+02 1.565369304639660213e-05
2.946036036036036307e+02 1.575563940005171153e-05
2.949034034034034448e+02 1.585779770038802129e-05
2.952032032032032021e+02 1.596016794740550090e-05
2.955030030030030161e+02 1.606275014110420120e-05
2.958028028028028302e+02 1.616554428148409507e-05
2.961026026026026443e+02 1.626855036854518252e-05
2.964024024024024015e+02 1.637176840228744999e-05
2.967022022022022156e+02 1.647519838271092798e-05
2.970020020020020297e+02 1.657884030981560632e-05
2.973018018018018438e+02 1.668269418360147823e-05
2.976016016016016010e+02 1.678676000406852678e-05
2.979014014014014151e+02 1.689103777121678924e-05
2.982012012012012292e+02 1.699552748504624527e-05
2.985010010010010433e+02 1.710022914555690504e-05
2.988008008008008005e+02 1.720514275274873128e-05
2.991006006006006146e+02 1.731026830662178159e-05
2.994004004004004287e+02 1.741560580717602208e-05
2.997002002002002428e+02 1.752115525441145616e-05
3.000000000000000000e+02 1.762691664832807025e-05
