5.000000000000000000e-01 2.364899031563058785e-05
7.997997997997998709e-01 2.317766640924975237e-05
1.099599599599599742e+00 2.271058794595205368e-05
1.399399399399399391e+00 2.224773506070507208e-05
1.699199199199199262e+00 2.178908792836622881e-05
1.998998998998999133e+00 2.133462676368252860e-05
2.298798798798798781e+00 2.088433182129052236e-05
2.598598598598598652e+00 2.043818339571644953e-05
2.898398398398398523e+00 1.999616182137601102e-05
3.198198198198198394e+00 1.955824747257498252e-05
3.497997997997998265e+00 1.912442076350810992e-05
3.797797797797798136e+00 1.869466214826033583e-05
4.097597597597597563e+00 1.826895212080585431e-05
4.397397397397397434e+00 1.784727121500870377e-05
4.697197197197197305e+00 1.742960000462237056e-05
4.996996996996997176e+00 1.701591910329017184e-05
5.296796796796797047e+00 1.660620916454482189e-05
5.596596596596596918e+00 1.620045088180891324e-05
5.896396396396396788e+00 1.579862498839431696e-05
6.196196196196196659e+00 1.540071225750293818e-05
6.495995995995996530e+00 1.500669350222585898e-05
6.795795795795796401e+00 1.461654957554420564e-05
7.095595595595596272e+00 1.423026137032850161e-05
7.395395395395396143e+00 1.384780981933881312e-05
7.695195195195195126e+00 1.346917589522511177e-05
7.994994994994994997e+00 1.309434061052677812e-05
8.294794794794794868e+00 1.272328501767278469e-05
8.594594594594594739e+00 1.235599020898197207e-05
8.894394394394394610e+00 1.199243731666242719e-05
9.194194194194194480e+00 1.163260751281226093e-05
9.493993993993994351e+00 1.127648200941890672e-05
9.793793793793794222e+00 1.092404205835958987e-05
1.009359359359359409e+01 1.057526895140107679e-05
1.039339339339339396e+01 1.023014402019974616e-05
1.069319319319319384e+01 9.888648636301709217e-06
1.099299299299299371e+01 9.550764211142635248e-06
1.129279279279279358e+01 9.216472196047710951e-06
1.159259259259259345e+01 8.885754082231982624e-06
1.189239239239239332e+01 8.558591400799797129e-06
1.219219219219219319e+01 8.234965722745543889e-06
1.249199199199199306e+01 7.914858658952758730e-06
1.279179179179179293e+01 7.598251860195019197e-06
1.309159159159159280e+01 7.285127017135238120e-06
1.339139139139139267e+01 6.975465860326062576e-06
1.369119119119119254e+01 6.669250160209865415e-06
1.399099099099099242e+01 6.366461727118487758e-06
1.429079079079079229e+01 6.067082411273399941e-06
1.459059059059059216e+01 5.771094102785793836e-06
1.489039039039039025e+01 5.478478731656362623e-06
1.519019019019019012e+01 5.189218267775604030e-06
1.548998998998998999e+01 4.903294720923388346e-06
1.578978978978978986e+01 4.620690140769461555e-06
1.608958958958958974e+01 4.341386616873026058e-06
1.638938938938938961e+01 4.065366278682904999e-06
1.668918918918918948e+01 3.792611295537712937e-06
1.698898898898898935e+01 3.523103876665492472e-06
1.728878878878878922e+01 3.256826271183995461e-06
1.758858858858858909e+01 2.993760768100662264e-06
1.788838838838838896e+01 2.733889696312360009e-06
1.818818818818818883e+01 2.477195424605847195e-06
1.848798798798798870e+01 2.223660361657210409e-06
1.878778778778778857e+01 1.973266956032415749e-06
1.908758758758758844e+01 1.725997696186914950e-06
1.938738738738738832e+01 1.481835110465780277e-06
1.968718718718718819e+01 1.240761767103802569e-06
1.998698698698698806e+01 1.002760274225335383e-06
2.028678678678678793e+01 7.678132798442675708e-07
2.058658658658658780e+01 5.359034718643236615e-07
2.088638638638638767e+01 3.070135780785921670e-07
2.118618618618618754e+01 8.112636617005050540e-08
2.148598598598598741e+01 -1.417753562889549187e-07
2.178578578578578728e+01 -3.617087418362282082e-07
2.208558558558558715e+01 -5.786909031201597720e-07
2.238538538538538702e+01 -7.927389128993377221e-07
2.268518518518518690e+01 -1.003869804042808177e-06
2.298498498498498677e+01 -1.212100569529985187e-06
2.328478478478478664e+01 -1.417448162450717435e-06
2.358458458458458651e+01 -1.619929496005116290e-06
2.388438438438438638e+01 -1.819561443503754332e-06
2.418418418418418625e+01 -2.016360838367545708e-06
2.448398398398398612e+01 -2.210344474127782975e-06
2.478378378378378599e+01 -2.401529104426194703e-06
2.508358358358358586e+01 -2.589931443014777970e-06
2.538338338338338573e+01 -2.775568163756008641e-06
2.568318318318318561e+01 -2.958455900622660947e-06
2.598298298298298548e+01 -3.138611247697933273e-06
2.628278278278278535e+01 -3.316050759175405381e-06
2.658258258258258522e+01 -3.490790949358991397e-06
2.688238238238238509e+01 -3.662848292663029602e-06
2.718218218218218496e+01 -3.832239223612211701e-06
2.748198198198198483e+01 -3.998980136841590022e-06
2.778178178178178470e+01 -4.163087387096639777e-06
2.808158158158158457e+01 -4.324577289233160380e-06
2.838138138138138444e+01 -4.483466118217382170e-06
2.868118118118118431e+01 -4.639770109125852069e-06
2.898098098098098419e+01 -4.793505457145536068e-06
2.928078078078078050e+01 -4.944688317573807367e-06
2.958058058058058037e+01 -5.093334805818294762e-06
2.988038038038038025e+01 -5.239460997397172323e-06
3.018018018018018012e+01 -5.383082927938841765e-06
3.047997997997997999e+01 -5.524216593182171303e-06
3.077977977977977986e+01 -5.662877948976374531e-06
3.107957957957957973e+01 -5.799082911281042610e-06
3.137937937937937960e+01 -5.932847356166144263e-06
3.167917917917917947e+01 -6.064187119812035947e-06
3.197897897897897934e+01 -6.193117998509423728e-06
3.227877877877877921e+01 -6.319655748659452226e-06
3.257857857857857908e+01 -6.443816086773552994e-06
3.287837837837837895e+01 -6.565614689473629169e-06
3.317817817817817883e+01 -6.685067193491880987e-06
3.347797797797797870e+01 -6.802189195670906577e-06
3.377777777777777857e+01 -6.916996252963745162e-06
3.407757757757757844e+01 -7.029503882433705956e-06
3.437737737737737831e+01 -7.139727561254566371e-06
3.467717717717717818e+01 -7.247682726710413621e-06
3.497697697697697805e+01 -7.353384776195764157e-06
3.527677677677677792e+01 -7.456849067215508603e-06
3.557657657657657779e+01 -7.558090917384850778e-06
3.587637637637637766e+01 -7.657125604429448296e-06
3.617617617617617753e+01 -7.753968366185300763e-06
3.647597597597597741e+01 -7.848634400598771796e-06
3.677577577577577728e+01 -7.941138865726632225e-06
3.707557557557557715e+01 -8.031496879736015198e-06
3.737537537537537702e+01 -8.119723520904434817e-06
3.767517517517517689e+01 -8.205833827619767501e-06
3.797497497497497676e+01 -8.289842798380275707e-06
3.827477477477477663e+01 -8.371765391794621478e-06
3.857457457457457650e+01 -8.451616526581790214e-06
3.887437437437437637e+01 -8.529411081571229583e-06
3.917417417417417624e+01 -8.605163895702654702e-06
3.947397397397397611e+01 -8.678889768026246349e-06
3.977377377377377599e+01 -8.750603457702528981e-06
4.007357357357357586e+01 -8.820319684002397848e-06
4.037337337337337573e+01 -8.888053126307137621e-06
4.067317317317317560e+01 -8.953818424108402069e-06
4.097297297297297547e+01 -9.017630177008225910e-06
4.127277277277277534e+01 -9.079502944719038373e-06
4.157257257257257521e+01 -9.139451247063588651e-06
4.187237237237237508e+01 -9.197489563975088205e-06
4.217217217217217495e+01 -9.253632335497046443e-06
4.247197197197197482e+01 -9.307893961783384216e-06
4.277177177177177470e+01 -9.360288803098418579e-06
4.307157157157157457e+01 -9.410831179816796715e-06
4.337137137137137444e+01 -9.459535372423592502e-06
4.367117117117117431e+01 -9.506415621514213338e-06
4.397097097097097418e+01 -9.551486127794471290e-06
4.427077077077077405e+01 -9.594761052080544132e-06
4.457057057057057392e+01 -9.636254515298990593e-06
4.487037037037037379e+01 -9.675980598486753740e-06
4.517017017017017366e+01 -9.713953342791133882e-06
4.546996996996997353e+01 -9.750186749469822440e-06
4.576976976976977340e+01 -9.784694779890881628e-06
4.606956956956957328e+01 -9.817491355532766470e-06
4.636936936936937315e+01 -9.848590357984284146e-06
4.666916916916917302e+01 -9.878005628944634646e-06
4.696896896896897289e+01 -9.905750970223388749e-06
4.726876876876877276e+01 -9.931840143740504966e-06
4.756856856856857263e+01 -9.956286871526300736e-06
4.786836836836837250e+01 -9.979104835721482923e-06
4.816816816816817237e+01 -1.000030767857713426e-05
4.846796796796797224e+01 -1.001990900245471675e-05
4.876776776776777211e+01 -1.003792236982605808e-05
4.906756756756757198e+01 -1.005436130327337539e-05
4.936736736736737186e+01 -1.006923928548925997e-05
4.966716716716717173e+01 -1.008256975927666375e-05
4.996696696696697160e+01 -1.009436612754894333e-05
5.026676676676677147e+01 -1.010464175332981085e-05
5.056656656656657134e+01 -1.011340995975337634e-05
5.086636636636637121e+01 -1.012068403006409861e-05
5.116616616616617108e+01 -1.012647720761683095e-05
5.146596596596597095e+01 -1.013080269587681101e-05
5.176576576576577082e+01 -1.013367365841962860e-05
5.206556556556557069e+01 -1.013510321893127480e-05
5.236536536536537056e+01 -1.013510446120811149e-05
5.266516516516517044e+01 -1.013369042915685946e-05
5.296496496496497031e+01 -1.013087412679464757e-05
5.326476476476477018e+01 -1.012666851824894839e-05
5.356456456456457005e+01 -1.012108652775764758e-05
5.386436436436436992e+01 -1.011414103966897791e-05
5.416416416416416979e+01 -1.010584489844155479e-05
5.446396396396396966e+01 -1.009621090864438642e-05
5.476376376376376953e+01 -1.008525183495683828e-05
5.506356356356356940e+01 -1.007298040216866693e-05
5.536336336336336927e+01 -1.005940929518000142e-05
5.566316316316316914e+01 -1.004455115900133313e-05
5.596296296296296902e+01 -1.002841859875356319e-05
5.626276276276276889e+01 -1.001102417966793979e-05
5.656256256256256876e+01 -9.992380427086102249e-06
5.686236236236236863e+01 -9.972499826460060678e-06
5.716216216216216850e+01 -9.951394823352202745e-06
5.746196196196196837e+01 -9.929077823435302155e-06
5.776176176176176824e+01 -9.905561192492494936e-06
5.806156156156156101e+01 -9.880857256417313310e-06
5.836136136136136088e+01 -9.854978301213641659e-06
5.866116116116116075e+01 -9.827936572995758866e-06
5.896096096096096062e+01 -9.799744277988328161e-06
5.926076076076076049e+01 -9.770413582526354758e-06
5.956056056056056036e+01 -9.739956613055270569e-06
5.986036036036036023e+01 -9.708385456130837635e-06
6.016016016016016010e+01 -9.675712158419217586e-06
6.045995995995995997e+01 -9.641948726696959781e-06
6.075975975975975985e+01 -9.607107127850962345e-06
6.105955955955955972e+01 -9.571199288878529769e-06
6.135935935935935959e+01 -9.534237096887315308e-06
6.165915915915915946e+01 -9.496232399095366725e-06
6.195895895895895933e+01 -9.457197002831114430e-06
6.225875875875875920e+01 -9.417142675533347762e-06
6.255855855855855907e+01 -9.376081144751247180e-06
6.285835835835835894e+01 -9.334024098144358847e-06
6.315815815815815881e+01 -9.290983183482609884e-06
6.345795795795795868e+01 -9.246970008646318524e-06
6.375775775775775855e+01 -9.201996141626153465e-06
6.405755755755755843e+01 -9.156073110523186380e-06
6.435735735735735830e+01 -9.109212403548841094e-06
6.465715715715715817e+01 -9.061425469024939329e-06
6.495695695695695804e+01 -9.012723715383678678e-06
6.525675675675675791e+01 -8.963118511167612274e-06
6.555655655655655778e+01 -8.912621185029691146e-06
6.585635635635635765e+01 -8.861243025733238807e-06
6.615615615615615752e+01 -8.808995282151951250e-06
6.645595595595595739e+01 -8.755889163269908813e-06
6.675575575575575726e+01 -8.701935838181549068e-06
6.705555555555555713e+01 -8.647146436091722728e-06
6.735535535535535701e+01 -8.591532046315619110e-06
6.765515515515515688e+01 -8.535103718278827116e-06
6.795495495495495675e+01 -8.477872461517309827e-06
6.825475475475475662e+01 -8.419849245677397725e-06
6.855455455455455649e+01 -8.361045000515817492e-06
6.885435435435435636e+01 -8.301470615899644574e-06
6.915415415415415623e+01 -8.241136941806359090e-06
6.945395395395395610e+01 -8.180054788323793313e-06
6.975375375375375597e+01 -8.118234925650182491e-06
7.005355355355355584e+01 -8.055688084094127580e-06
7.035335335335335571e+01 -7.992424954074586770e-06
7.065315315315315559e+01 -7.928456186120924620e-06
7.095295295295295546e+01 -7.863792390872869698e-06
7.125275275275275533e+01 -7.798444139080529833e-06
7.155255255255255520e+01 -7.732421961604388723e-06
7.185235235235235507e+01 -7.665736349415304247e-06
7.215215215215215494e+01 -7.598397753594514387e-06
7.245195195195195481e+01 -7.530416585333632151e-06
7.275175175175175468e+01 -7.461803215934654889e-06
7.305155155155155455e+01 -7.392567976809944807e-06
7.335135135135135442e+01 -7.322721159482255234e-06
7.365115115115115429e+01 -7.252273015584699274e-06
7.395095095095095417e+01 -7.181233756860782842e-06
7.425075075075075404e+01 -7.109613555164380103e-06
7.455055055055055391e+01 -7.037422542459737704e-06
7.485035035035035378e+01 -6.964670810821499339e-06
7.515015015015015365e+01 -6.891368412434667633e-06
7.544994994994995352e+01 -6.817525359594610070e-06
7.574974974974975339e+01 -6.743151624707109816e-06
7.604954954954955326e+01 -6.668257140288303040e-06
7.634934934934935313e+01 -6.592851798964687381e-06
7.664914914914915300e+01 -6.516945453473173618e-06
7.694894894894895288e+01 -6.440547916661016215e-06
7.724874874874875275e+01 -6.363668961485868378e-06
7.754854854854855262e+01 -6.286318321015758336e-06
7.784834834834835249e+01 -6.208505688429078331e-06
7.814814814814815236e+01 -6.130240717014592241e-06
7.844794794794795223e+01 -6.051533020171480472e-06
7.874774774774775210e+01 -5.972392171409256952e-06
7.904754754754755197e+01 -5.892827704347841124e-06
7.934734734734735184e+01 -5.812849112717502892e-06
7.964714714714715171e+01 -5.732465850358908360e-06
7.994694694694695158e+01 -5.651687331223099504e-06
8.024674674674675146e+01 -5.570522929371490782e-06
8.054654654654655133e+01 -5.488981978975873371e-06
8.084634634634635120e+01 -5.407073774318424483e-06
8.114614614614615107e+01 -5.324807569791671790e-06
8.144594594594595094e+01 -5.242192579898550176e-06
8.174574574574575081e+01 -5.159237979252370398e-06
8.204554554554555068e+01 -5.075952902576784352e-06
8.234534534534535055e+01 -4.992346444705868935e-06
8.264514514514515042e+01 -4.908427660584051507e-06
8.294494494494495029e+01 -4.824205565266125129e-06
8.324474474474475016e+01 -4.739689133917290079e-06
8.354454454454455004e+01 -4.654887301813097092e-06
8.384434434434434991e+01 -4.569808964339499034e-06
8.414414414414414978e+01 -4.484462976992806006e-06
8.444394394394394965e+01 -4.398858155379697204e-06
8.474374374374374952e+01 -4.313003275217259037e-06
8.504354354354354939e+01 -4.226907072332932609e-06
8.534334334334334926e+01 -4.140578242664538281e-06
8.564314314314314913e+01 -4.054025442260288383e-06
8.594294294294294900e+01 -3.967257287278744007e-06
8.624274274274274887e+01 -3.880282353988873459e-06
8.654254254254254874e+01 -3.793109178769995081e-06
8.684234234234234862e+01 -3.705746258111826380e-06
8.714214214214214849e+01 -3.618202048614462004e-06
8.744194194194194836e+01 -3.530484966988344097e-06
8.774174174174174823e+01 -3.442603390054319897e-06
8.804154154154154810e+01 -3.354565654743604890e-06
8.834134134134134797e+01 -3.266380058097796362e-06
8.864114114114114784e+01 -3.178054857268871706e-06
8.894094094094094771e+01 -3.089598269519160045e-06
8.924074074074074758e+01 -3.001018472221391785e-06
8.954054054054054745e+01 -2.912323602858673627e-06
8.984034034034034732e+01 -2.823521759024477130e-06
9.014014014014014720e+01 -2.734620998422674714e-06
9.043993993993994707e+01 -2.645629338867465964e-06
9.073973973973974694e+01 -2.556554758283486477e-06
9.103953953953954681e+01 -2.467405194705707909e-06
9.133933933933934668e+01 -2.378188546279505317e-06
9.163913913913914655e+01 -2.288912671260608454e-06
9.193893893893894642e+01 -2.199585388015136496e-06
9.223873873873874629e+01 -2.110214475019578983e-06
9.253853853853854616e+01 -2.020807670860816999e-06
9.283833833833834603e+01 -1.931372674236084204e-06
9.313813813813814591e+01 -1.841917143953022529e-06
9.343793793793794578e+01 -1.752448698929618435e-06
9.373773773773774565e+01 -1.662974918194259245e-06
9.403753753753754552e+01 -1.573503340885695019e-06
9.433733733733734539e+01 -1.484041466253056351e-06
9.463713713713714526e+01 -1.394596753655864528e-06
9.493693693693694513e+01 -1.305176622563986637e-06
9.523673673673674500e+01 -1.215788452557707357e-06
9.553653653653654487e+01 -1.126439583327644881e-06
9.583633633633634474e+01 -1.037137314674837746e-06
9.613613613613614461e+01 -9.478889065106621366e-07
9.643593593593594449e+01 -8.587015788568961561e-07
9.673573573573574436e+01 -7.695825118456948365e-07
9.703553553553554423e+01 -6.805388457195662118e-07
9.733533533533534410e+01 -5.915776808314288093e-07
9.763513513513514397e+01 -5.027060776445601931e-07
9.793493493493494384e+01 -4.139310567326000341e-07
9.823473473473474371e+01 -3.252595987796020967e-07
9.853453453453454358e+01 -2.366986445799586148e-07
9.883433433433434345e+01 -1.482550950384668369e-07
9.913413413413414332e+01 -5.993581117028992980e-08
9.943393393393394319e+01 2.825238589903927875e-08
9.973373373373374307e+01 1.163027149335971741e-07
1.000335335335335429e+02 2.042084345870930517e-07
1.003333333333333428e+02 2.919628434028533346e-07
1.006331331331331427e+02 3.795592798138228207e-07
1.009329329329329425e+02 4.669911221425820305e-07
1.012327327327327424e+02 5.542517886013362749e-07
1.015325325325325423e+02 6.413347372918975235e-07
1.018323323323323422e+02 7.282334662057107688e-07
1.021321321321321420e+02 8.149415132238366615e-07
1.024319319319319419e+02 9.014524561169860273e-07
1.027317317317317418e+02 9.877599125454419401e-07
1.030315315315315416e+02 1.073857540059165177e-06
1.033313313313313415e+02 1.159739036097704434e-06
1.036311311311311414e+02 1.245398137990236665e-06
1.039309309309309413e+02 1.330828622955588363e-06
1.042307307307307411e+02 1.416024308102152974e-06
1.045305305305305410e+02 1.500979050428015416e-06
1.048303303303303409e+02 1.585686746820829674e-06
1.051301301301301407e+02 1.670141334057899063e-06
1.054299299299299406e+02 1.754336788806149757e-06
1.057297297297297405e+02 1.838267127622114058e-06
1.060295295295295404e+02 1.921926406951962162e-06
1.063293293293293402e+02 2.005308723131488817e-06
1.066291291291291401e+02 2.088408212386095746e-06
1.069289289289289400e+02 2.171219050830836755e-06
1.072287287287287398e+02 2.253735454470350814e-06
1.075285285285285397e+02 2.335951679198928552e-06
1.078283283283283396e+02 2.417862020800479641e-06
1.081281281281281395e+02 2.499460814948517133e-06
1.084279279279279393e+02 2.580742437206214207e-06
1.087277277277277392e+02 2.661701303026319041e-06
1.090275275275275391e+02 2.742331867751245024e-06
1.093273273273273389e+02 2.822628626613004688e-06
1.096271271271271388e+02 2.902586114733243162e-06
1.099269269269269387e+02 2.982198907123236056e-06
1.102267267267267385e+02 3.061461618683855582e-06
1.105265265265265384e+02 3.140368904205622645e-06
1.108263263263263383e+02 3.218915458368675923e-06
1.111261261261261382e+02 3.297096015742761709e-06
1.114259259259259380e+02 3.374905350787277529e-06
1.117257257257257379e+02 3.452338277851214543e-06
1.120255255255255378e+02 3.529389651173201170e-06
1.123253253253253376e+02 3.606054364881496735e-06
1.126251251251251375e+02 3.682327352993963090e-06
1.129249249249249374e+02 3.758203589418114169e-06
1.132247247247247373e+02 3.833678087951042720e-06
1.135245245245245371e+02 3.908745902279514323e-06
1.138243243243243370e+02 3.983402125979882263e-06
1.141241241241241369e+02 4.057641892518142591e-06
1.144239239239239367e+02 4.131460375249906168e-06
1.147237237237237366e+02 4.204852787420399512e-06
1.150235235235235365e+02 4.277814382164488520e-06
1.153233233233233364e+02 4.350340452506653050e-06
1.156231231231231220e+02 4.422426331360987774e-06
1.159229229229229219e+02 4.494067391531230973e-06
1.162227227227227218e+02 4.565259045710729810e-06
1.165225225225225216e+02 4.635996746482458965e-06
1.168223223223223215e+02 4.706275986319013013e-06
1.171221221221221214e+02 4.776092297582598799e-06
1.174219219219219212e+02 4.845441252525080328e-06
1.177217217217217211e+02 4.914318463287908469e-06
1.180215215215215210e+02 4.982719581902176004e-06
1.183213213213213209e+02 5.050640300288588834e-06
1.186211211211211207e+02 5.118076350257488000e-06
1.189209209209209206e+02 5.185023503508825965e-06
1.192207207207207205e+02 5.251477571632186946e-06
1.195205205205205203e+02 5.317434406106773358e-06
1.198203203203203202e+02 5.382889898301410052e-06
1.201201201201201201e+02 5.447839979474543466e-06
1.204199199199199199e+02 5.512280620774254331e-06
1.207197197197197198e+02 5.576207833238229719e-06
1.210195195195195197e+02 5.639617667793796078e-06
1.213193193193193196e+02 5.702506215257892126e-06
1.216191191191191194e+02 5.764869606337077322e-06
1.219189189189189193e+02 5.826704011627548805e-06
1.222187187187187192e+02 5.888005641615107515e-06
1.225185185185185190e+02 5.948770746675195462e-06
1.228183183183183189e+02 6.008995617072867773e-06
1.231181181181181188e+02 6.068676582962797773e-06
1.234179179179179187e+02 6.127810014389297317e-06
1.237177177177177185e+02 6.186392321286287142e-06
1.240175175175175184e+02 6.244419953477321431e-06
1.243173173173173183e+02 6.301889400675561555e-06
1.246171171171171181e+02 6.358797192483813343e-06
1.249169169169169180e+02 6.415139898394492351e-06
1.252167167167167179e+02 6.470914127789639114e-06
1.255165165165165178e+02 6.526116529940916601e-06
1.258163163163163176e+02 6.580743794009616990e-06
1.261161161161161175e+02 6.634792649046639648e-06
1.264159159159159174e+02 6.688259863992531790e-06
1.267157157157157172e+02 6.741142247677442733e-06
1.270155155155155171e+02 6.793436648821151855e-06
1.273153153153153170e+02 6.845139956033061815e-06
1.276151151151151169e+02 6.896249097812196012e-06
1.279149149149149167e+02 6.946761042547208751e-06
1.282147147147147166e+02 6.996672798516370841e-06
1.285145145145145307e+02 7.045981413887572986e-06
1.288143143143143163e+02 7.094683976718333407e-06
1.291141141141141304e+02 7.142777614955797841e-06
1.294139139139139161e+02 7.190259496436724295e-06
1.297137137137137302e+02 7.237126828887506764e-06
1.300135135135135158e+02 7.283376859924143044e-06
1.303133133133133299e+02 7.329006877052279622e-06
1.306131131131131156e+02 7.374014207667161703e-06
1.309129129129129296e+02 7.418396219053682339e-06
1.312127127127127153e+02 7.462150318386325674e-06
1.315125125125125294e+02 7.505273952729229631e-06
1.318123123123123150e+02 7.547764609036135928e-06
1.321121121121121291e+02 7.589619814150422274e-06
1.324119119119119148e+02 7.630837134805076107e-06
1.327117117117117289e+02 7.671414177622721696e-06
1.330115115115115145e+02 7.711348589115590502e-06
1.333113113113113286e+02 7.750638055685557594e-06
1.336111111111111143e+02 7.789280303624096760e-06
1.339109109109109284e+02 7.827273099112329633e-06
1.342107107107107140e+02 7.864614248220978259e-06
1.345105105105105281e+02 7.901301596910405753e-06
1.348103103103103138e+02 7.937333031030584110e-06
1.351101101101101278e+02 7.972706476321124704e-06
1.354099099099099135e+02 8.007419898411239319e-06
1.357097097097097276e+02 8.041471302819787583e-06
1.360095095095095132e+02 8.074858734955232928e-06
1.363093093093093273e+02 8.107580280115674770e-06
1.366091091091091130e+02 8.139634063488824795e-06
1.369089089089089271e+02 8.171018250152025598e-06
1.372087087087087127e+02 8.201731045072240510e-06
1.375085085085085268e+02 8.231770693106055299e-06
1.378083083083083125e+02 8.261135478999676474e-06
1.381081081081081265e+02 8.289823727388943142e-06
1.384079079079079122e+02 8.317833802799301599e-06
1.387077077077077263e+02 8.345164109645837516e-06
1.390075075075075119e+02 8.371813092233243751e-06
1.393073073073073260e+02 8.397779234755854233e-06
1.396071071071071117e+02 8.423061061297611773e-06
1.399069069069069258e+02 8.447657135832086698e-06
1.402067067067067114e+02 8.471566062222471772e-06
1.405065065065065255e+02 8.494786484221585578e-06
1.408063063063063112e+02 8.517317085471862360e-06
1.411061061061061253e+02 8.539156589505372350e-06
1.414059059059059109e+02 8.560303759743796354e-06
1.417057057057057250e+02 8.580757399498446084e-06
1.420055055055055107e+02 8.600516351970250605e-06
1.423053053053053247e+02 8.619579500249764805e-06
1.426051051051051104e+02 8.637945767317166005e-06
1.429049049049049245e+02 8.655614116042260740e-06
1.432047047047047101e+02 8.672583549184462729e-06
1.435045045045045242e+02 8.688853109392830152e-06
1.438043043043043099e+02 8.704421879206024988e-06
1.441041041041041240e+02 8.719288981052343508e-06
1.444039039039039096e+02 8.733453577249699338e-06
1.447037037037037237e+02 8.746914870005635312e-06
1.450035035035035094e+02 8.759672101417309925e-06
1.453033033033033234e+02 8.771724553471509187e-06
1.456031031031031091e+02 8.783071548044643238e-06
1.459029029029029232e+02 8.793712446902744652e-06
1.462027027027027088e+02 8.803646651701461663e-06
1.465025025025025229e+02 8.812873603986078489e-06
1.468023023023023086e+02 8.821392785191491622e-06
1.471021021021021227e+02 8.829203716642225068e-06
1.474019019019019083e+02 8.836305959552423576e-06
1.477017017017017224e+02 8.842699115025862798e-06
1.480015015015015081e+02 8.848382824055928963e-06
1.483013013013013222e+02 8.853356767525639206e-06
1.486011011011011078e+02 8.857620666207634790e-06
1.489009009009009219e+02 8.861174280764176023e-06
1.492007007007007076e+02 8.864017411747145651e-06
1.495005005005005216e+02 8.866149899598053935e-06
1.498003003003003073e+02 8.867571624648031876e-06
1.501001001001001214e+02 8.868282507117832911e-06
1.503998998998999070e+02 8.868282507117832911e-06
1.506996996996997211e+02 8.867571624648031876e-06
1.509994994994995068e+02 8.866149899598053935e-06
1.512992992992993209e+02 8.864017411747147346e-06
1.515990990990991065e+02 8.861174280764174329e-06
1.518988988988989206e+02 8.857620666207634790e-06
1.521986986986987063e+02 8.853356767525639206e-06
1.524984984984985203e+02 8.848382824055927269e-06
1.527982982982983060e+02 8.842699115025859409e-06
1.530980980980981201e+02 8.836305959552425270e-06
1.533978978978979058e+02 8.829203716642223374e-06
1.536976976976977198e+02 8.821392785191489928e-06
1.539974974974975055e+02 8.812873603986076795e-06
1.542972972972972912e+02 8.803646651701463357e-06
1.545970970970971052e+02 8.793712446902742958e-06
1.548968968968968909e+02 8.783071548044644932e-06
1.551966966966967050e+02 8.771724553471509187e-06
1.554964964964964906e+02 8.759672101417308231e-06
1.557962962962963047e+02 8.746914870005631924e-06
1.560960960960960904e+02 8.733453577249701032e-06
1.563958958958959045e+02 8.719288981052341814e-06
1.566956956956956901e+02 8.704421879206024988e-06
1.569954954954955042e+02 8.688853109392828458e-06
1.572952952952952899e+02 8.672583549184466117e-06
1.575950950950951039e+02 8.655614116042257352e-06
1.578948948948948896e+02 8.637945767317167699e-06
1.581946946946947037e+02 8.619579500249763111e-06
1.584944944944944893e+02 8.600516351970250605e-06
1.587942942942943034e+02 8.580757399498444390e-06
1.590940940940940891e+02 8.560303759743798048e-06
1.593938938938939032e+02 8.539156589505370656e-06
1.596936936936936888e+02 8.517317085471862360e-06
1.599934934934935029e+02 8.494786484221582189e-06
1.602932932932932886e+02 8.471566062222473466e-06
1.605930930930931027e+02 8.447657135832085004e-06
1.608928928928928883e+02 8.423061061297613467e-06
1.611926926926927024e+02 8.397779234755854233e-06
1.614924924924924881e+02 8.371813092233247139e-06
1.617922922922923021e+02 8.345164109645835822e-06
1.620920920920920878e+02 8.317833802799299905e-06
1.623918918918919019e+02 8.289823727388939754e-06
1.626916916916916875e+02 8.261135478999678168e-06
1.629914914914915016e+02 8.231770693106053605e-06
1.632912912912912873e+02 8.201731045072240510e-06
1.635910910910911014e+02 8.171018250152023904e-06
1.638908908908908870e+02 8.139634063488824795e-06
1.641906906906907011e+02 8.107580280115673076e-06
1.644904904904904868e+02 8.074858734955234622e-06
1.647902902902903008e+02 8.041471302819784195e-06
1.650900900900900865e+02 8.007419898411239319e-06
1.653898898898899006e+02 7.972706476321119622e-06
1.656896896896896862e+02 7.937333031030582416e-06
1.659894894894895003e+02 7.901301596910402365e-06
1.662892892892892860e+02 7.864614248220978259e-06
1.665890890890891001e+02 7.827273099112326245e-06
1.668888888888888857e+02 7.789280303624098454e-06
1.671886886886886998e+02 7.750638055685552511e-06
1.674884884884884855e+02 7.711348589115592196e-06
1.677882882882882996e+02 7.671414177622718308e-06
1.680880880880880852e+02 7.630837134805076107e-06
1.683878878878878993e+02 7.589619814150420580e-06
1.686876876876876850e+02 7.547764609036134234e-06
1.689874874874874990e+02 7.505273952729227090e-06
1.692872872872872847e+02 7.462150318386323133e-06
1.695870870870870988e+02 7.418396219053676409e-06
1.698868868868868844e+02 7.374014207667161703e-06
1.701866866866866985e+02 7.329006877052274540e-06
1.704864864864864842e+02 7.283376859924145585e-06
1.707862862862862983e+02 7.237126828887499988e-06
1.710860860860860839e+02 7.190259496436726836e-06
1.713858858858858980e+02 7.142777614955793606e-06
1.716856856856856837e+02 7.094683976718332560e-06
1.719854854854854977e+02 7.045981413887567904e-06
1.722852852852852834e+02 6.996672798516367453e-06
1.725850850850850975e+02 6.946761042547208751e-06
1.728848848848848831e+02 6.896249097812193471e-06
1.731846846846846972e+02 6.845139956033056733e-06
1.734844844844844829e+02 6.793436648821152702e-06
1.737842842842842970e+02 6.741142247677438498e-06
1.740840840840840826e+02 6.688259863992532637e-06
1.743838838838838967e+02 6.634792649046642189e-06
1.746836836836836824e+02 6.580743794009615295e-06
1.749834834834834965e+02 6.526116529940916601e-06
1.752832832832832821e+02 6.470914127789639114e-06
1.755830830830830962e+02 6.415139898394492351e-06
1.758828828828828819e+02 6.358797192483813343e-06
1.761826826826826959e+02 6.301889400675559861e-06
1.764824824824824816e+02 6.244419953477318890e-06
1.767822822822822957e+02 6.186392321286283754e-06
1.770820820820820813e+02 6.127810014389299858e-06
1.773818818818818954e+02 6.068676582962798620e-06
1.776816816816816811e+02 6.008995617072866926e-06
1.779814814814814952e+02 5.948770746675189533e-06
1.782812812812812808e+02 5.888005641615110056e-06
1.785810810810810949e+02 5.826704011627547111e-06
1.788808808808808806e+02 5.764869606337074781e-06
1.791806806806806946e+02 5.702506215257885350e-06
1.794804804804804803e+02 5.639617667793800314e-06
1.797802802802802944e+02 5.576207833238228872e-06
1.800800800800800801e+02 5.512280620774252637e-06
1.803798798798798941e+02 5.447839979474540925e-06
1.806796796796796798e+02 5.382889898301410899e-06
1.809794794794794939e+02 5.317434406106766582e-06
1.812792792792792795e+02 5.251477571632187793e-06
1.815790790790790936e+02 5.185023503508829353e-06
1.818788788788788793e+02 5.118076350257488000e-06
1.821786786786786934e+02 5.050640300288586293e-06
1.824784784784784790e+02 4.982719581902175157e-06
1.827782782782782931e+02 4.914318463287907622e-06
1.830780780780780788e+02 4.845441252525078634e-06
1.833778778778778928e+02 4.776092297582598799e-06
1.836776776776776785e+02 4.706275986319010472e-06
1.839774774774774926e+02 4.635996746482454730e-06
1.842772772772772782e+02 4.565259045710732351e-06
1.845770770770770923e+02 4.494067391531233514e-06
1.848768768768768780e+02 4.422426331360986080e-06
1.851766766766766921e+02 4.350340452506643733e-06
1.854764764764764777e+02 4.277814382164483438e-06
1.857762762762762918e+02 4.204852787420392736e-06
1.860760760760760775e+02 4.131460375249900238e-06
1.863758758758758916e+02 4.057641892518137509e-06
1.866756756756756772e+02 3.983402125979882263e-06
1.869754754754754913e+02 3.908745902279505006e-06
1.872752752752752770e+02 3.833678087951042720e-06
1.875750750750750910e+02 3.758203589418104852e-06
1.878748748748748767e+02 3.682327352993963090e-06
1.881746746746746908e+02 3.606054364881488688e-06
1.884744744744744764e+02 3.529389651173199900e-06
1.887742742742742905e+02 3.452338277851207767e-06
1.890740740740740762e+02 3.374905350787274564e-06
1.893738738738738903e+02 3.297096015742757898e-06
1.896736736736736759e+02 3.218915458368672112e-06
1.899734734734734900e+02 3.140368904205615868e-06
1.902732732732732757e+02 3.061461618683851347e-06
1.905730730730730897e+02 2.982198907123229703e-06
1.908728728728728754e+02 2.902586114733241891e-06
1.911726726726726895e+02 2.822628626612997912e-06
1.914724724724724751e+02 2.742331867751238248e-06
1.917722722722722892e+02 2.661701303026310994e-06
1.920720720720720749e+02 2.580742437206204889e-06
1.923718718718718890e+02 2.499460814948513322e-06
1.926716716716716746e+02 2.417862020800476676e-06
1.929714714714714887e+02 2.335951679198922199e-06
1.932712712712712744e+02 2.253735454470345732e-06
1.935710710710710885e+02 2.171219050830827438e-06
1.938708708708708741e+02 2.088408212386095746e-06
1.941706706706706882e+02 2.005308723131479499e-06
1.944704704704704739e+02 1.921926406951959198e-06
1.947702702702702879e+02 1.838267127622107494e-06
1.950700700700700736e+02 1.754336788806144463e-06
1.953698698698698877e+02 1.670141334057895040e-06
1.956696696696696733e+02 1.585686746820823109e-06
1.959694694694694874e+02 1.500979050428006310e-06
1.962692692692692731e+02 1.416024308102151704e-06
1.965690690690690872e+02 1.330828622955575234e-06
1.968688688688688728e+02 1.245398137990236665e-06
1.971686686686686869e+02 1.159739036097695329e-06
1.974684684684684726e+02 1.073857540059157130e-06
1.977682682682682866e+02 9.877599125454379167e-07
1.980680680680680723e+02 9.014524561169781922e-07
1.983678678678678864e+02 8.149415132238314734e-07
1.986676676676676720e+02 7.282334662057028279e-07
1.989674674674674861e+02 6.413347372918883121e-07
1.992672672672672718e+02 5.542517886013322515e-07
1.995670670670670859e+02 4.669911221425780600e-07
1.998668668668668715e+02 3.795592798138189032e-07
2.001666666666666856e+02 2.919628434028427997e-07
2.004664664664664713e+02 2.042084345870851637e-07
2.007662662662662854e+02 1.163027149335945536e-07
2.010660660660660710e+02 2.825238589904059231e-08
2.013658658658658851e+02 -5.993581117029517081e-08
2.016656656656656708e+02 -1.482550950384720779e-07
2.019654654654654848e+02 -2.366986445799664764e-07
2.022652652652652705e+02 -3.252595987796060672e-07
2.025650650650650846e+02 -4.139310567326091926e-07
2.028648648648648702e+02 -5.027060776445601931e-07
2.031646646646646843e+02 -5.915776808314380208e-07
2.034644644644644700e+02 -6.805388457195740468e-07
2.037642642642642841e+02 -7.695825118456961071e-07
2.040640640640640697e+02 -8.587015788568986972e-07
2.043638638638638838e+02 -9.478889065106687011e-07
2.046636636636636695e+02 -1.037137314674837746e-06
2.049634634634634835e+02 -1.126439583327652716e-06
2.052632632632632692e+02 -1.215788452557708627e-06
2.055630630630630833e+02 -1.305176622563993202e-06
2.058628628628628690e+02 -1.394596753655864528e-06
2.061626626626626830e+02 -1.484041466253064186e-06
2.064624624624624687e+02 -1.573503340885699042e-06
2.067622622622622828e+02 -1.662974918194268350e-06
2.070620620620620684e+02 -1.752448698929620977e-06
2.073618618618618825e+02 -1.841917143953029093e-06
2.076616616616616682e+02 -1.931372674236090980e-06
2.079614614614614823e+02 -2.020807670860820810e-06
2.082612612612612679e+02 -2.110214475019581947e-06
2.085610610610610820e+02 -2.199585388015143272e-06
2.088608608608608677e+02 -2.288912671260608454e-06
2.091606606606606817e+02 -2.378188546279509129e-06
2.094604604604604674e+02 -2.467405194705715956e-06
2.097602602602602815e+02 -2.556554758283494100e-06
2.100600600600600671e+02 -2.645629338867468929e-06
2.103598598598598812e+02 -2.734620998422678525e-06
2.106596596596596669e+02 -2.823521759024487718e-06
2.109594594594594810e+02 -2.912323602858683791e-06
2.112592592592592666e+02 -3.001018472221397291e-06
2.115590590590590807e+02 -3.089598269519168939e-06
2.118588588588588664e+02 -3.178054857268874247e-06
2.121586586586586805e+02 -3.266380058097808220e-06
2.124584584584584661e+02 -3.354565654743612513e-06
2.127582582582582802e+02 -3.442603390054326673e-06
2.130580580580580659e+02 -3.530484966988341555e-06
2.133578578578578799e+02 -3.618202048614464545e-06
2.136576576576576656e+02 -3.705746258111835274e-06
2.139574574574574797e+02 -3.793109178770002704e-06
2.142572572572572653e+02 -3.880282353988874306e-06
2.145570570570570794e+02 -3.967257287278755018e-06
2.148568568568568651e+02 -4.054025442260289230e-06
2.151566566566566792e+02 -4.140578242664549293e-06
2.154564564564564648e+02 -4.226907072332937691e-06
2.157562562562562789e+02 -4.313003275217265813e-06
2.160560560560560646e+02 -4.398858155379698898e-06
2.163558558558558786e+02 -4.484462976992809394e-06
2.166556556556556643e+02 -4.569808964339506657e-06
2.169554554554554784e+02 -4.654887301813110645e-06
2.172552552552552640e+02 -4.739689133917292620e-06
2.175550550550550781e+02 -4.824205565266134447e-06
2.178548548548548638e+02 -4.908427660584051507e-06
2.181546546546546779e+02 -4.992346444705879100e-06
2.184544544544544635e+02 -5.075952902576792822e-06
2.187542542542542776e+02 -5.159237979252378021e-06
2.190540540540540633e+02 -5.242192579898557800e-06
2.193538538538538774e+02 -5.324807569791676872e-06
2.196536536536536630e+02 -5.407073774318422789e-06
2.199534534534534771e+02 -5.488981978975881841e-06
2.202532532532532628e+02 -5.570522929371493323e-06
2.205530530530530768e+02 -5.651687331223107128e-06
2.208528528528528625e+02 -5.732465850358912595e-06
2.211526526526526766e+02 -5.812849112717504586e-06
2.214524524524524622e+02 -5.892827704347841124e-06
2.217522522522522763e+02 -5.972392171409268810e-06
2.220520520520520620e+02 -6.051533020171484707e-06
2.223518518518518761e+02 -6.130240717014599864e-06
2.226516516516516617e+02 -6.208505688429075790e-06
2.229514514514514758e+02 -6.286318321015761724e-06
2.232512512512512615e+02 -6.363668961485869225e-06
2.235510510510510755e+02 -6.440547916661022144e-06
2.238508508508508612e+02 -6.516945453473171924e-06
2.241506506506506753e+02 -6.592851798964692463e-06
2.244504504504504609e+02 -6.668257140288302193e-06
2.247502502502502750e+02 -6.743151624707120828e-06
2.250500500500500607e+02 -6.817525359594615999e-06
2.253498498498498748e+02 -6.891368412434667633e-06
2.256496496496496604e+02 -6.964670810821502727e-06
2.259494494494494745e+02 -7.037422542459746175e-06
2.262492492492492602e+02 -7.109613555164382644e-06
2.265490490490490743e+02 -7.181233756860790466e-06
2.268488488488488599e+02 -7.252273015584704356e-06
2.271486486486486740e+02 -7.322721159482264552e-06
2.274484484484484597e+02 -7.392567976809950736e-06
2.277482482482482737e+02 -7.461803215934667594e-06
2.280480480480480594e+02 -7.530416585333637234e-06
2.283478478478478735e+02 -7.598397753594520317e-06
2.286476476476476591e+02 -7.665736349415307635e-06
2.289474474474474732e+02 -7.732421961604393805e-06
2.292472472472472589e+02 -7.798444139080536609e-06
2.295470470470470730e+02 -7.863792390872879863e-06
2.298468468468468586e+02 -7.928456186120931397e-06
2.301466466466466727e+02 -7.992424954074595241e-06
2.304464464464464584e+02 -8.055688084094127580e-06
2.307462462462462440e+02 -8.118234925650189267e-06
2.310460460460460581e+02 -8.180054788323798395e-06
2.313458458458458438e+02 -8.241136941806359090e-06
2.316456456456456579e+02 -8.301470615899647962e-06
2.319454454454454435e+02 -8.361045000515817492e-06
2.322452452452452576e+02 -8.419849245677406196e-06
2.325450450450450433e+02 -8.477872461517308133e-06
2.328448448448448573e+02 -8.535103718278830504e-06
2.331446446446446430e+02 -8.591532046315617416e-06
2.334444444444444571e+02 -8.647146436091724422e-06
2.337442442442442427e+02 -8.701935838181550762e-06
2.340440440440440568e+02 -8.755889163269907119e-06
2.343438438438438425e+02 -8.808995282151951250e-06
2.346436436436436566e+02 -8.861243025733240501e-06
2.349434434434434422e+02 -8.912621185029694535e-06
2.352432432432432563e+02 -8.963118511167615662e-06
2.355430430430430420e+02 -9.012723715383678678e-06
2.358428428428428560e+02 -9.061425469024944412e-06
2.361426426426426417e+02 -9.109212403548842788e-06
2.364424424424424558e+02 -9.156073110523188074e-06
2.367422422422422414e+02 -9.201996141626153465e-06
2.370420420420420555e+02 -9.246970008646318524e-06
2.373418418418418412e+02 -9.290983183482613272e-06
2.376416416416416553e+02 -9.334024098144358847e-06
2.379414414414414409e+02 -9.376081144751248874e-06
2.382412412412412550e+02 -9.417142675533351150e-06
2.385410410410410407e+02 -9.457197002831116124e-06
2.388408408408408548e+02 -9.496232399095370114e-06
2.391406406406406404e+02 -9.534237096887311920e-06
2.394404404404404545e+02 -9.571199288878528075e-06
2.397402402402402402e+02 -9.607107127850962345e-06
2.400400400400400542e+02 -9.641948726696961475e-06
2.403398398398398399e+02 -9.675712158419217586e-06
2.406396396396396540e+02 -9.708385456130835941e-06
2.409394394394394396e+02 -9.739956613055270569e-06
2.412392392392392537e+02 -9.770413582526359840e-06
2.415390390390390394e+02 -9.799744277988328161e-06
2.418388388388388535e+02 -9.827936572995763949e-06
2.421386386386386391e+02 -9.854978301213643353e-06
2.424384384384384532e+02 -9.880857256417315004e-06
2.427382382382382389e+02 -9.905561192492498324e-06
2.430380380380380529e+02 -9.929077823435303850e-06
2.433378378378378386e+02 -9.951394823352202745e-06
2.436376376376376527e+02 -9.972499826460062372e-06
2.439374374374374383e+02 -9.992380427086102249e-06
2.442372372372372524e+02 -1.001102417966794317e-05
2.445370370370370381e+02 -1.002841859875356488e-05
2.448368368368368522e+02 -1.004455115900133821e-05
2.451366366366366378e+02 -1.005940929517999803e-05
2.454364364364364519e+02 -1.007298040216866862e-05
2.457362362362362376e+02 -1.008525183495684336e-05
2.460360360360360517e+02 -1.009621090864438981e-05
2.463358358358358373e+02 -1.010584489844155817e-05
2.466356356356356514e+02 -1.011414103966898130e-05
2.469354354354354371e+02 -1.012108652775765097e-05
2.472352352352352511e+02 -1.012666851824895686e-05
2.475350350350350368e+02 -1.013087412679464757e-05
2.478348348348348509e+02 -1.013369042915686115e-05
2.481346346346346365e+02 -1.013510446120810979e-05
2.484344344344344506e+02 -1.013510321893127819e-05
2.487342342342342363e+02 -1.013367365841962860e-05
2.490340340340340504e+02 -1.013080269587680932e-05
2.493338338338338360e+02 -1.012647720761683264e-05
2.496336336336336501e+02 -1.012068403006410030e-05
2.499334334334334358e+02 -1.011340995975337973e-05
2.502332332332332498e+02 -1.010464175332981763e-05
2.505330330330330355e+02 -1.009436612754894672e-05
2.508328328328328496e+02 -1.008256975927666375e-05
2.511326326326326353e+02 -1.006923928548925658e-05
2.514324324324324493e+02 -1.005436130327337539e-05
2.517322322322322350e+02 -1.003792236982605978e-05
2.520320320320320491e+02 -1.001990900245471505e-05
2.523318318318318347e+02 -1.000030767857713596e-05
2.526316316316316488e+02 -9.979104835721482923e-06
2.529314314314314345e+02 -9.956286871526300736e-06
2.532312312312312486e+02 -9.931840143740503272e-06
2.535310310310310342e+02 -9.905750970223390443e-06
2.538308308308308483e+02 -9.878005628944634646e-06
2.541306306306306340e+02 -9.848590357984284146e-06
2.544304304304304480e+02 -9.817491355532766470e-06
2.547302302302302337e+02 -9.784694779890886710e-06
2.550300300300300478e+02 -9.750186749469820746e-06
2.553298298298298334e+02 -9.713953342791132188e-06
2.556296296296296475e+02 -9.675980598486752046e-06
2.559294294294294332e+02 -9.636254515298995675e-06
2.562292292292292473e+02 -9.594761052080542438e-06
2.565290290290290613e+02 -9.551486127794464514e-06
2.568288288288288186e+02 -9.506415621514213338e-06
2.571286286286286327e+02 -9.459535372423590808e-06
2.574284284284284468e+02 -9.410831179816800103e-06
2.577282282282282608e+02 -9.360288803098413497e-06
2.580280280280280181e+02 -9.307893961783389298e-06
2.583278278278278322e+02 -9.253632335497044748e-06
2.586276276276276462e+02 -9.197489563975084817e-06
2.589274274274274603e+02 -9.139451247063592039e-06
2.592272272272272176e+02 -9.079502944719036679e-06
2.595270270270270316e+02 -9.017630177008232687e-06
2.598268268268268457e+02 -8.953818424108400374e-06
2.601266266266266598e+02 -8.888053126307129151e-06
2.604264264264264170e+02 -8.820319684002397848e-06
2.607262262262262311e+02 -8.750603457702523899e-06
2.610260260260260452e+02 -8.678889768026242960e-06
2.613258258258258593e+02 -8.605163895702644538e-06
2.616256256256256165e+02 -8.529411081571226195e-06
2.619254254254254306e+02 -8.451616526581796991e-06
2.622252252252252447e+02 -8.371765391794614702e-06
2.625250250250250588e+02 -8.289842798380274013e-06
2.628248248248248160e+02 -8.205833827619767501e-06
2.631246246246246301e+02 -8.119723520904433123e-06
2.634244244244244442e+02 -8.031496879736013504e-06
2.637242242242242583e+02 -7.941138865726627143e-06
2.640240240240240155e+02 -7.848634400598778572e-06
2.643238238238238296e+02 -7.753968366185297375e-06
2.646236236236236437e+02 -7.657125604429448296e-06
2.649234234234234577e+02 -7.558090917384842308e-06
2.652232232232232150e+02 -7.456849067215510298e-06
2.655230230230230291e+02 -7.353384776195772627e-06
2.658228228228228431e+02 -7.247682726710409386e-06
2.661226226226226572e+02 -7.139727561254548583e-06
2.664224224224224145e+02 -7.029503882433709344e-06
2.667222222222222285e+02 -6.916996252963740927e-06
2.670220220220220426e+02 -6.802189195670909118e-06
2.673218218218218567e+02 -6.685067193491864046e-06
2.676216216216216139e+02 -6.565614689473633404e-06
2.679214214214214280e+02 -6.443816086773567393e-06
2.682212212212212421e+02 -6.319655748659449685e-06
2.685210210210210562e+02 -6.193117998509427963e-06
2.688208208208208134e+02 -6.064187119812040182e-06
2.691206206206206275e+02 -5.932847356166137487e-06
2.694204204204204416e+02 -5.799082911281028210e-06
2.697202202202202557e+02 -5.662877948976356743e-06
2.700200200200200129e+02 -5.524216593182175538e-06
2.703198198198198270e+02 -5.383082927938841765e-06
2.706196196196196411e+02 -5.239460997397162159e-06
2.709194194194194552e+02 -5.093334805818287138e-06
2.712192192192192124e+02 -4.944688317573793815e-06
2.715190190190190265e+02 -4.793505457145541150e-06
2.718188188188188406e+02 -4.639770109125842752e-06
2.721186186186186546e+02 -4.483466118217358453e-06
2.724184184184184119e+02 -4.324577289233168003e-06
2.727182182182182260e+02 -4.163087387096635542e-06
2.730180180180180400e+02 -3.998980136841578164e-06
2.733178178178178541e+02 -3.832239223612187984e-06
2.736176176176176114e+02 -3.662848292663030873e-06
2.739174174174174254e+02 -3.490790949358991397e-06
2.742172172172172395e+02 -3.316050759175392252e-06
2.745170170170170536e+02 -3.138611247697909556e-06
2.748168168168168108e+02 -2.958455900622657135e-06
2.751166166166166249e+02 -2.775568163755994241e-06
2.754164164164164390e+02 -2.589931443014767806e-06
2.757162162162162531e+02 -2.401529104426173527e-06
2.760160160160160103e+02 -2.210344474127802881e-06
2.763158158158158244e+02 -2.016360838367541473e-06
2.766156156156156385e+02 -1.819561443503728074e-06
2.769154154154154526e+02 -1.619929496005084738e-06
2.772152152152152098e+02 -1.417448162450713411e-06
2.775150150150150239e+02 -1.212100569529991752e-06
2.778148148148148380e+02 -1.003869804042787213e-06
2.781146146146146521e+02 -7.927389128992944175e-07
2.784144144144144093e+02 -5.786909031201663365e-07
2.787142142142142234e+02 -3.617087418362479018e-07
2.790140140140140375e+02 -1.417753562889365487e-07
2.793138138138138515e+02 8.112636617005181566e-08
2.796136136136136088e+02 3.070135780785961375e-07
2.799134134134134229e+02 5.359034718643039680e-07
2.802132132132132369e+02 7.678132798443044167e-07
2.805130130130130510e+02 1.002760274225345971e-06
2.808128128128128083e+02 1.240761767103807651e-06
2.811126126126126223e+02 1.481835110465792136e-06
2.814124124124124364e+02 1.725997696186908385e-06
2.817122122122122505e+02 1.973266956032436924e-06
2.820120120120120077e+02 2.223660361657191774e-06
2.823118118118118218e+02 2.477195424605826443e-06
2.826116116116116359e+02 2.733889696312396855e-06
2.829114114114114500e+02 2.993760768100677934e-06
2.832112112112112072e+02 3.256826271184011555e-06
2.835110110110110213e+02 3.523103876665497978e-06
2.838108108108108354e+02 3.792611295537736654e-06
2.841106106106106495e+02 4.065366278682954127e-06
2.844104104104104067e+02 4.341386616872995565e-06
2.847102102102102208e+02 4.620690140769450543e-06
2.850100100100100349e+02 4.903294720923404440e-06
2.853098098098098490e+02 5.189218267775600642e-06
2.856096096096096062e+02 5.478478731656359235e-06
2.859094094094094203e+02 5.771094102785784518e-06
2.862092092092092344e+02 6.067082411273418576e-06
2.865090090090090484e+02 6.366461727118505546e-06
2.868088088088088057e+02 6.669250160209872191e-06
2.871086086086086198e+02 6.975465860326091375e-06
2.874084084084084338e+02 7.285127017135227108e-06
2.877082082082082479e+02 7.598251860195025126e-06
2.880080080080080052e+02 7.914858658952753648e-06
2.883078078078078192e+02 8.234965722745513395e-06
2.886076076076076333e+02 8.558591400799851339e-06
2.889074074074074474e+02 8.885754082231991094e-06
2.892072072072072046e+02 9.216472196047722809e-06
2.895070070070070187e+02 9.550764211142626778e-06
2.898068068068068328e+02 9.888648636301761733e-06
2.901066066066066469e+02 1.023014402019980037e-05
2.904064064064064041e+02 1.057526895140104460e-05
2.907062062062062182e+02 1.092404205835957632e-05
2.910060060060060323e+02 1.127648200941891519e-05
2.913058058058058464e+02 1.163260751281229481e-05
2.916056056056056036e+02 1.199243731666244583e-05
2.919054054054054177e+02 1.235599020898195174e-05
2.922052052052052318e+02 1.272328501767284229e-05
2.925050050050050459e+02 1.309434061052681200e-05
2.928048048048048031e+02 1.346917589522511685e-05
2.931046046046046172e+02 1.384780981933884192e-05
2.934044044044044313e+02 1.423026137032849991e-05
2.937042042042042453e+02 1.461654957554424799e-05
2.940040040040040026e+02 1.500669350222585389e-05
2.943038038038038167e+02 1.540071225750289075e-05
2.946036036036036307e+02 1.579862498839435084e-05
2.949034034034034448e+02 1.620045088180894035e-05
2.952032032032032021e+02 1.660620916454483544e-05
2.955030030030030161e+02 1.701591910329018539e-05
2.958028028028028302e+02 1.742960000462241460e-05
2.961026026026026443e+02 1.784727121500872410e-05
2.964024024024024015e+02 1.826895212080583398e-05
2.967022022022022156e+02 1.869466214826031211e-05
2.970020020020020297e+02 1.912442076350815735e-05
2.973018018018018438e+02 1.955824747257499608e-05
2.976016016016016010e+02 1.999616182137606185e-05
2.979014014014014151e+02 2.043818339571641904e-05
2.982012012012012292e+02 2.088433182129052914e-05
2.985010010010010433e+02 2.133462676368258959e-05
2.988008008008008005e+02 2.178908792836622204e-05
2.991006006006006146e+02 2.224773506070508563e-05
2.994004004004004287e+02 2.271058794595206385e-05
2.997002002002002428e+02 2.317766640924983029e-05
3.000000000000000000e+02 2.364899031563058785e-05
